         1         -9          3        -24
        -1   -21.5997    5.60024    -3.7819
        -8          6          0          2
         1   -3.05726      22.83    5.71141
        -7   -6.13235   -21.1468   -10.7124
        12        -23         15        -13
       -24          4          1        -17
         5    3.48744    8.61685    4.30684
       -23    14.5786   -5.26356    12.2342
        17    10.3163    22.7909    8.16242
       -18          2        -23        -15
       -23   -16.1716    11.8065   -22.9249
   15.4406   -6.99719    10.8675    1.32796
       -18        -20         23        -24
  -11.7145   0.454709   -13.6983   -5.25011
        -6    15.4013   -13.0747    6.74808
        19         -2          9        -18
       -14    8.23349   -12.5071    2.58491
       -10        -21          2        -14
         1   -11.6593   -9.27306   -14.7189
        -4  -0.381443    1.46094   -8.30226
        21         -6          2        -16
       -12    14.9956   -6.99776    18.9979
   6.18934    20.7138  -0.189136    19.6932
       -23   -16.0934   -10.0228    22.7921
       -18          4        -21        -24
       -23    1.57708    11.2935     5.4359
         5          5         20          5
         9   -6.06787         -6   -3.28667
         0    20.0001   -4.09489    8.47426
         4   -21.3956   -7.13434   -11.7311
       -11   -9.76786   -20.5045   -20.3702
       -13         -4        -10        -14
       -17    6.78794   -17.6579   -12.9765
       -14        -12        -17          2
        19         -6          9          6
        -3         12        -11         11
        -6    18.0563   -12.7971    12.5695
        -3         -9         -6        -21
   0.84528    15.0065    4.07335    14.4893
       -17    8.61967   -15.9105    3.60152
        -5    21.2383    8.20727    11.0795
       -15    3.64148   -9.18455   -2.52135
       -21    17.3369    22.7367    16.8395
         3   -16.1592    17.4576    -14.217
       -24          6         -8          2
         3         12         10          4
  -22.9877    4.35331   -5.66103    10.1252
         9   -20.3491 -0.0646933   -20.2411
        -5    21.9229    16.6207    22.8912
         5         11         -7          3
        -8    2.51453      -18.3    6.88355
        24         -6          8        -21
         1         -7          3          4
        -6        -13        -11          5
        -1    22.5252    19.0708    11.4022
         3         23         -4         18
        -5        -17         11        -19
       -24         -6          4         -8
         6    0.73214    5.20274   -3.38344
        10          2          8         16
        -8          8   -21.7278    14.8066
       -10   -14.9102   -4.13082   -4.05152
        23         -4         -3         -2
        16    1.00959   -3.29058     6.2181
         1         16          3         23
        12         11         24          6
         5    19.3644    18.9494     17.911
         6    21.8445   -6.10927    13.2356
        10   -7.88181    1.04226    -21.337
        14    5.05745    14.9487    -1.0523
        -6         12         22         23
        -7         -2        -20          5
        12   -1.31168    22.2666     2.1001
        20    7.49899    23.9148    8.74663
        10     14.235    4.97989    2.51122
        -6   -12.7171   -22.2461   -13.5518
        21   -18.7574    2.59869   -1.52681
        18   -7.96984    2.52637   -4.35776
       -23         20        -20         -7
        20    9.36983      11.08    13.2207
       -21   -10.6874   -10.1468   -20.1626
        -1    16.1874    6.99391    23.9226
         1    13.1071   -12.1845    9.91059
        11   -14.1462   -6.69889   -9.52097
        15   -8.16998    12.0662   -8.96841
        10    3.68538    15.4107    16.6655
         8  -0.395835         21         -4
        -4   -9.90098    13.5404   -23.3755
        21         -6         12         -9
        22        -18         -7        -23
        -8         13        -15         16
        19         22         17          7
  -15.0105    -15.769   -10.4602   -23.3365
         2    6.48263     -9.191     13.575
         2   -15.0718    -12.316   -4.66542
        20         18         24        -11
       -23    2.51171   -23.6455   -4.41613
        16   -23.4745   -22.0154   -20.8085
        11         12          7         19
        -3   -23.8657   -12.0643   -15.1152
         8    11.5445    12.8612    8.07592
        20   0.813574    11.5824    15.9383
        -8        -13         -8         -4
       -22     21.903     2.3754    22.4174
        19    4.95721    17.6266  -0.514514
       -13    10.0428     23.344    14.8975
  -22.3642   0.711521   -5.05538    7.41325
        21         10         15        -23
        -5        -12         24        -11
        23         16          8         10
       -16    2.42343   -9.64211     2.6937
       -18    9.38453   -21.6923    16.8155
       -17    5.78766   -20.1334    11.2568
        -1         -3        -24         -9
       -10     7.1915   -6.44145    13.9071
        -2   -3.83406    20.5422   -3.10188
       -18   -11.3953   -23.2823   -4.77748
       -11         17         15         23
       -22        -12         17        -24
       -22        -10         -4        -13
         5        -10          4        -14
        19   -13.5519     21.323    14.3111
        -1   -4.94004    9.31305   -12.6774
       -13   -1.06172   -0.97439    1.22943
         7        -15          8         -3
  -12.6508    22.1727    -9.6469    7.13232
        22        -16         18         15
        24   -23.3552   -5.17588   -17.6171
  -15.4087   -11.0056    18.7043   -23.6238
        -2   -3.83732    11.0781   -8.17781
  -2.79243    9.98901    6.09378    12.8316
        -9         19   -8.82894    20.7584
        14   -13.7896   -11.4477   -21.7172
   11.5441   -4.11303     3.7701   -5.73405
       -10        -18         -3         -7
       -24          3        -15         18
        -2    8.11274   -6.27235     23.897
        -1   0.685699    3.18262   -9.53226
         0         19        -11         23
        -6   -13.7139    -2.8752   -15.0796
        23         11          1         10
         3         -5          2         -2
       -10         -6         -2         -8
         9          0          1          1
        20         -5         24        -10
        10        -16        -10        -17
        -2    7.53924    6.24844    15.1078
        16    17.6879    1.90939    21.8691
        21   -8.54856    23.6296   -12.4116
        -5        -21        -24        -21
         4   -13.2323   -5.69968   -19.2898
         5          2         10         -9
        -9         -8          1        -11
       -11        -17        -23         -9
        21   -5.17295     20.963   -9.46389
        20         13         24         14
   17.5458   -2.47565    7.27857   -1.46878
        -5   -6.10136   -12.9109   -22.9321
        10     4.0907     8.4558   -12.6372
         3   -23.6115   -8.32134   -19.0463
       -23   -22.5682     2.0599   -14.4186
       -24         -9        -20          0
       -19         -7         -3        -10
         0   0.964413  0.0088967    12.0089
        13    2.06934    10.0427   -7.38522
       -11   -16.6791   -3.92108   -12.8315
       -19         21         -5         13
         5   -4.30174    2.27035    -8.8056
        12         -5         14        -20
       -14         15   -23.1381         -4
        20         22         12         18
        -1   -18.2178    6.58419   -12.3057
        21    12.3749    21.9474    22.5833
        11         19         13         19
         9        -13          9        -14
         6   -9.36937 -0.0481673   -9.00998
        22   -1.39098    20.7368   -7.60902
  -4.45954   -15.3855   -4.23432   -8.78443
       -21         12        -13         -1
       -15    20.3177   -14.5715    9.30216
       -12    15.3928   -1.51681     21.116
         1        -15        -24        -10
         7   -14.2338   -7.26228   -21.6722
        -4    -23.146   -16.1486   -4.88561
       -12         22        -14          7
  -11.5182    16.5135    5.16221     22.749
        14    12.7528    18.2022    9.39925
         5         10          4         24
         8    5.67374    8.89208    9.83515
         0    -15.565   -1.22068   -20.3766
        11        -18          7        -22
        16    14.0962    1.67144     10.731
        -6        -12         -4        -22
       -24         -2        -16        -15
        17         -9          8         -6
        19   -1.74918    2.37416   -7.36814
        19        -18        -22        -19
        11         -3         20          5
        16        -21         14         -3
       -12    23.7241   -20.0135   -11.1986
   10.5451    -12.722    4.35109   -14.1639
         3    9.10625    6.82707    3.66065
       -16         -6        -18          0
        -2   -14.8382     4.1736   -5.17929
        13          3         12          6
        -5   -17.4577   -7.93683   -16.9184
       -14  -0.413001   -21.0038    19.5914
       -19        -15        -16        -24
         6    9.28451   -3.41332    2.81874
       -15   -4.23781   -3.15286     7.3949
        14         -5         -7         -8
       -16         -4        -22         15
        12        -24        -24         -6
        14   -13.9018   -5.02182   -9.59349
        17   -4.26708    14.5126   -14.4247
        21    1.27924   -14.2281    1.55783
        -9   -9.58738   -9.20324   -12.9366
         6     -17.21    5.42714   -4.94513
       -12         17         -6         18
         1         13         16         19
        18   -7.82403    13.6395    9.25751
       -15         23         16         19
        17    -11.981  -0.064186   -14.0432
        18   -7.03804    15.8351    17.3565
        12    2.70269    8.17381    7.22508
        -5         16         -5          6
        -3         -4        -16        -10
       -20   -13.1644  -0.749934   -9.34244
       -12          2        -12        -13
        -8   -2.12674    1.50695   -7.28181
         7         20        -17         23
        20         18         12          4
        11    21.4614    7.23399    20.1898
        19        -17         24         10
       -13    12.2981   -23.9294         -5
        -7    3.90093   0.716426     17.128
        16    11.3249    2.71438    16.7262
       -13     9.1494   -9.14498    14.5348
       -12      10.78   0.709739    11.1684
       -20        -21         -7         -9
         1        -15          4        -21
       -18        -21        -12        -24
       -10    5.07424   0.671064    4.54968
       -18    10.4571   -18.8365    2.98621
   1.84982    6.24227    22.4103   -1.45297
        13    5.93813    6.46907   -7.13723
         3    23.8119   -18.3136    7.81643
       -19         19        -23        -23
         3   -14.5188    8.41628    -13.597
         2          5         23          4
        -3         15          1         17
        20        -24         12          7
         9         16         19          8
         1         -3        -11         -3
        10   -2.78215    19.3761    5.83447
        17        -24         15          0
         0         10         13          5
        -9    8.26366   -20.3618    6.12272
       -11          6        -20          8
        18         13         17         -2
        -6    15.9466   -7.16027   -4.69451
        -1         21         14         20
       -18         20         24         19
         0    6.21387    10.1476    10.0199
         5   -11.1612    16.1247   -16.1671
        -1         -4        -24        -22
        -8          0        -22          4
        -6          2         24          0
        16    7.86278    9.68635    3.29502
         7         24         22         22
        10   -4.26392    9.67263   -6.07926
        21          7         18         20
        24        -19         22         -5
        20    20.4065   -7.61957    22.7193
        23         15         15        -17
         9    23.3845   -6.77419    6.24448
       -22   -18.3916   -2.99721   -16.5627
         0    12.4599   -17.4021    16.8983
         0    23.7739   -15.8827   -21.4416
         1   -3.98763   -9.96975  -0.570845
       -22         -7        -21        -12
       -19        -17        -12        -10
       -22          5         -9         19
        -4         -5         -6          2
       -12   -5.70699   -8.27059   -9.03482
         7         19         -9         23
         1          2          6         -2
         2     12.154    21.3983    21.7399
       -22        -10         -7        -22
       -16    -2.1227   -12.0024    -6.2105
        23    4.14916    12.8621    22.2122
        -6         19        -13          3
         6        -14          2        -24
       -13    2.43669   -18.6617   -3.21834
         6   -8.97362    13.8154   -20.7354
       -19   -20.8248    20.8615   -23.2797
  -22.2725   -23.7704   -12.0441   -12.5009
        22         15         -6         21
        11        -11         -6        -24
        14        -20         -3        -18
        -6        -20        -16        -12
        -6         -9          2        -11
       -16   -5.56611     -15.36    3.36361
        -1        -15          5         -9
        24   -21.4752    4.57286   -19.6142
        10    13.4713    -17.967    23.8182
       -15    19.6955 -0.0360261    19.6767
         7   -4.32011    21.0212   -1.95746
   6.09121   -8.57718    -8.4473   -7.55046
         9   0.367984    13.4547   -17.4365
         6    2.49703   -7.73174   -5.09396
     6.676    23.3815   -21.3228   -4.11509
       -19         -7        -23         -9
        -9    5.25956   -11.3801    9.26365
        11          8         19         -8
        -5    19.6546  -0.637401    7.05057
       -21   -3.86168   -3.36363   -2.72832
        13        -12         13        -10
       -19          6         -7         23
       -24         18         12         16
        -2         -2         13          4
        -6   -0.81749        -15         -7
        -6     15.388   -23.7321    3.27098
       -12    6.81325   -6.11323    8.06798
        13        -10          6         -5
        -3   -19.4895    2.27594   -23.8713
       -10    16.2597    7.02151    15.2221
       -20         11          9         22
  -15.6859   -17.7127    3.15718   -17.8632
        -9    7.46723    22.6576    8.90323
       -11   0.943552   -18.9225    8.99572
        18    19.9076    14.5133    6.13662
         5        -24         10          0
        13         -1         22        -24
        -5    1.61953  -0.793491    18.2963
       -23        -18        -15         11
       -21   -22.4027   -23.8767    -13.339
         6    7.21548    2.25025    11.0703
        18         11         23         19
       -11    7.53998   -2.22696    4.40372
   1.80594    2.88603    4.68073    6.91835
       -14   -20.3209   -8.74204   -15.4793
  -2.11204    22.4211    19.2362    21.4734
       -18          3         -2          0
        17    12.3231    12.3195    21.3989
        -8     6.1505   -14.1688    6.52627
        13   -22.7066    23.9608   -4.99711
       -11         24         10         15
        16   -15.7538  -0.738414   -21.1487
        18          7         23        -20
        13         13          8         -3
         4    5.58058   -23.4608    4.39794
       -12    16.0643    7.53206    19.0358
       -19   -14.0663   -9.90173    -4.1511
  -19.2643    14.3277    -22.012   -23.3265
         9         14         -6         13
        -6    1.26059   -10.3331    11.5798
        21    1.82349   -15.9284    6.42541
         0         22         23         19
         4    19.4276   0.598223     11.405
         3         -5         23          3
        24    9.06345    17.3948    6.37746
         9        -21         11         -7
       -12  -0.875328   0.466823    4.34891
        10        -24        -19        -23
       -19         -8        -24   -9.46289
        -1          9         -4         23
       -23         -5          8        -23
         8    7.80495    10.9681    21.7859
       -20    6.66144    23.8782   -1.95633
        -1          4          0        -18
        14          2         21         24
       -24   -16.0115   -5.84581   -11.8943
        21   -19.3049    3.83344   -15.4504
        22        -23         -1        -19
         0         21          3         24
         1   0.172012   -6.17614   0.679505
        -3         18        -12         12
         6   -23.5503   -7.02814   -22.1078
        13    19.6134   -6.13358    17.8614
   10.1997    18.1504     21.866    5.09848
        12         24          0         22
       -12         -8         -7         -5
         2          4         15          4
        -9    -5.6978   -7.97144     1.9933
        18    10.7981   -1.35388    11.5997
         3    14.7684   0.758021    13.7662
        16    1.01338    23.8246    19.9944
        15    23.6007    3.22235    7.46777
        19    3.49307    9.49915    6.17438
       -23  -0.560846    8.92397   0.877481
        22         16         16          3
        -6   -12.9432    2.19631   -8.67231
       -19        -13         -4        -19
         7         -2          0          7
        20        -18         22          2
         7         16         11          9
        -5         -7         23        -24
        10   -21.0578   -10.6458   -18.6565
         2    4.18464   -23.6902     23.338
        -6        -20        -21        -13
       -17        -22         23        -11
       -15         -9        -20         -9
        24   -10.9887   -23.8652    15.7802
   9.89237    4.09193   -1.95233    11.6851
        -3    14.4237   -1.83596    21.0785
        13     18.776    9.59305    13.5977
         3    16.9628   -16.4966     22.545
        20         -5         15         24
        -1   -6.28502     19.985   -14.7974
         1   -1.78089   -7.82077    1.19821
       -21   -15.1896   -23.5169    14.8792
       -13    12.3835   -6.47965    20.1094
       -24         16         17         13
        23     13.073    2.45611    20.5465
        -6         10          4          4
  -20.5037    8.89479      -2.19    9.79019
         6    4.41852     6.4142    9.49626
       -16        -22        -21        -24
         5         -5         20        -11
       -14    14.4721   -17.4615    9.92544
        -4          3        -24          8
       -13    20.3929   -3.98749    21.2772
   14.4378    -15.706    15.1493    -16.819
       -19    22.9427   -22.7534   -0.62898
         0    8.49452    7.59462     12.021
       -20        -23         -9   -18.8126
        10   -13.0678    4.82638   -7.16667
       -18          4        -22         11
       -14         -2   -9.86209        -17
       -18     21.942    21.4578   -21.3184
        -8        -12        -22        -15
        -6          4        -12          1
       -15          1        -13          5
        24         -1        -16        -13
        23    8.70831   -9.21706    11.7797
       -24    14.5891   -5.82942    16.8773
       -24         -9        -11        -16
       -17     19.393   -19.4676    15.3252
         0    1.55096    7.00623    1.73333
        15    19.6755    21.4808    17.6138
        -7   -11.7812    -2.0479   0.188731
         5        -12        -15        -22
        18    7.13795    4.60197    3.28548
        -3   -8.54707   -13.5811   -20.1665
       -15         12        -20    2.97211
       -18    19.8559  -0.276302    17.0529
        -4        -22         24        -10
        24         22         17         16
        -4   -11.5713   -0.48895   -6.90314
        22    1.13034    5.99821    5.89152
       -23    21.1678    17.7158    10.7948
        10         12          6         18
        -6        -15        -17         -7
       -17         -5        -23        -14
        18   -6.13181   -16.0931   -6.41058
       -10         -1   -23.7431    14.5629
        16    23.8535  -0.103256    8.82582
        -3    -13.924   -4.13858   -15.7927
         7   -6.80407    21.6131   -11.8721
       -20         -6        -13          7
        20   -13.9131     12.519   0.565508
         8        -22         19         -8
       -12        -12        -18         -3
        10   -8.73537    12.0414   -16.0005
        -5         21        -13         17
       -21    6.19236   -3.00671    10.7861
        16   -22.4105   -15.7981   -21.8192
       -24        -16         -4          9
         8          3         19          3
       -23         22         -9         -6
        19          0         21         10
        22        -24          7          9
        -6   -3.95232   -3.50173   -21.4023
       -19        -23        -22         11
         0    14.1347    23.6802    5.01258
        10         20         20         18
       -16 -0.0764175   -17.7489    21.9653
         8    3.77247    8.00462    5.29989
       -23    -23.118   -3.78959     5.0825
   -7.8576    8.37278    -13.564    16.4208
   12.3431   -22.7687    4.93715   0.139026
         0   -18.2489   -4.77051   -13.1879
        23   -14.9583    8.77181   -5.99669
        -3         21          3         14
        -3          3         -9          3
        11         -7         20        -15
       -13         15         -6          9
   19.0662    6.65784    6.89459    3.39972
        -1         15          3         11
         4    16.4831    15.9177     23.976
        10   -17.8853    11.5879   -9.98819
         1    12.8653    23.5595   -7.39616
        23         19        -22         24
       -23   -5.79779   -19.8028   -14.2875
        -5    10.4323   -13.0739    12.4874
        16   -20.7114    3.81712   -9.39907
       -16   -20.9226    22.8782    23.8804
        15          4         16         17
       -12    4.80498    -10.039    6.34129
       -16    9.43579   -3.45766    23.3219
        15          8          2          7
       -13   -23.6606    22.3032   -22.4797
        -3         16        -12         24
        -4   -7.75073    5.40896   -3.42201
        -1         14         11         11
       -20   -21.3061   -10.5097   -4.86879
       -16   -21.7628   -2.87686   -1.73582
        10   -12.4905    22.5045   -8.70123
        -9          1         -1         -7
         8         -1          8          2