-62376
-61983
-61983
-61983
-61458
-60758
-60537
-60411
-60124
-60005
-59730
-59386
-59095
-58680
-57942
-57907
-57907
-56776
-56776
-56644
-56621
-56621
-56199
-56158
-55882
-55330
-55330
-54953
-54887
-54645
-54575
-54560
-54378
-54286
-54286
-54249
-53532
-53307
-53307
-53233
-53177
-52973
-52973
-52973
-52973
-52948
-52948
-52859
-52859
-52848
-52848
-52602
-52421
-52205
-52205
-51784
-51705
-51705
-51692
-51613
-51613
-51437
-50783
-50433
-50424
-50339
-50339
-50339
-50339
-50339
-50339
-50339
-50339
-49998
-49715
-49715
-49715
-49438
-49438
-49438
-49438
-49438
-49438
-49438
-49438
-49438
-49438
-49410
-49410
-49133
-49133
-49133
-49055
-48958
-48958
-48958
-48958
-48958
-48958
-48958
-48958
-48924
-48873
-48866
-48624
-48624
-48624
-48624
-48606
-48606
-48606
-48606
-48501
-48175
-47890
-47270
-47268
-47268
-47268
-47268
-47268
-47158
-47158
-47158
-47158
-47092
-47092
-47092
-47074
-46993
-46993
-46993
-46718
-46718
-46718
-46718
-46718
-46718
-46718
-46718
-46718
-46718
-46718
-46718
-46718
-46718
-46718
-46718
-46718
-46718
-46718
-46718
-46718
-46718
-46718
-46718
-46718
-46718
-46718
-46718
-46718
-46718
-46718
-46718
-46718
-46718
-46718
-46718
-46609
-46609
-46609
-46606
-46606
-46606
-46606
-46606
-46606
-46606
-46406
-46406
-46406
-46406
-46406
-46406
-46406
-46406
-46406
-46406
-46406
-46406
-46406
-46406
-46406
-46406
-46406
-46406
-46406
-46406
-46406
-46406
