-13  22  16  21
 10  -7   7  -6
 -9  16  -3   1
 -7  22  22   8
  0 -21 -13 -12
  8 -23  10  -4
  4  -8   1   3
 22  16  -3  -5
 11  -5   5  20
  8  13  11   6
-22  19  20  -3
 -6  -4   5  -5
-14  -7   2  -8
 -3  -1 -22   1
  9  21   3 -23
  2 -19 -18  21
-20 -18 -20  15
  5 -18   8  -7
 -4   0 -14 -20
 23  24 -15 -14
-21   0  12 -11
 -4   6   5   3
 16  -2  14  -4
 -8  -7 -19  -3
  8   6  13 -12
 10  23   5   6
 -8 -20 -12  -6
-23 -18  12   0
  1   1  -1 -16
 23 -13  21  12
-21   9   3   5
  8  12  19 -12
  2  21  23 -22
-16 -11 -18  23
  5 -16  18   4
-24  15  22 -23
-22  -6   7  -9
  8  14  16 -12
-24  19  16 -20
-19   2 -20  21
-14   1   3   8
-21  -9 -13 -15
  3   4 -21 -20
 20  14   4  -5
 -1  -4   4  11
  4  -6  -8  12
 21   2   5   7
 -5  -3   4  21
 17   9  23   9
 19 -22  14  16
-13  15   4 -23
 -5   5  -8   5
-14 -21   1   2
 24  21 -13  22
-10   0  19  18
-24  16 -21  11
 21   5  17  21
 15  18 -23 -12
 -6  16 -21  -3
 24   0   0  18
-16 -24 -10 -17
-18 -14  -6 -19
 -8  -7  -6   7
 -2 -11  -6   1
 17  11  -7 -24
 -8   5   4  13
-15  -2  -6  -2
  6 -13 -11 -13
-11  17  -5  10
 -7  23 -24 -17
-11  19  14  21
 19 -17   9  15
 -2 -17   9   8
  4 -24 -20  23
 16  19 -20 -20
-20 -12  10  16
 -3  14   9 -18
-11  15   8   2
-24 -17  19  18
-24  18   7  -8
 10  22 -24 -11
  3  11 -13 -10
 24 -17  -8  -5
-12  22   4 -12
-19  18 -15  -1
 14  -8   4 -10
-13 -22 -14  19
 -9 -23 -13  -8
-11  16 -10  22
  1   4  -3  15
 10 -11  12   1
 -9  23  13   3
 15 -11 -17  12
 19  -1  -3 -14
  7   6 -20  16
-24  16   0  11
-23   8  17  -1
  5   2  -6  13
-10  -7  -2  -2
-15  14 -15 -24
 22 -17  23 -20
-12  18  12 -11
  2 -17   2  13
 12  -1 -12   8
  0  -5   8  11
 -2  19   3  -4
 24 -16  13   7
 -3   0 -22  15
 21  14  14  14
 -3   4 -22  13
 18 -21 -18 -24
-15  -7 -22   5
  7 -24  -8  -5
 -6 -21 -12   0
 -4 -17  -4  -4
-12 -10  24   9
 15 -16 -23 -22
  3   1  -3 -12
-19  -5 -17 -15
 -6   9   7   1
-12 -24  18  17
 -2  17  -9 -10
 11 -20  -1 -22
  6   0   1 -13
 10 -24 -10 -14
 20   2  17  19
-24 -24   8   0
 24  16  14   5
  6  17   3  11
 14   0 -12 -14
 16  18  16 -11
 -5  14   6 -14
  7   7   4  14
 -3 -13  17 -15
  8 -18 -15 -18
-21  22  21   4
  2 -15 -15 -16
 -6 -16   7  -2
 13 -11  16  23
  7   7 -11  -3
  3 -19  15   5
 23  21   9   5
  9  19  22 -24
  8  24  22  22
  3  17 -12   0
-22  13   7  12
 11 -10 -13  23
 -2 -13  22   1
 12  24  12   0
 22 -17  22   1
-12   2  19  -8
 19 -23 -15  -3
 -2   1 -22  13
 20  16  -7  18
 17  -9   4  20
-21 -11  11  20
-11 -15  15  -6
-16  21  -7  12
 11  12 -11 -14
 -1   4 -21  -9
  6  -5  -4  12
-12   8 -15  12
 -8   0  24  -8
 -8 -21  -6 -18
  0 -24  -4   6
 -7 -15   6   6
 -3 -18  -6  18
  5  -9 -20 -14
-17  12 -17 -15
-16  14  -2  18
  0   5  -8   8
 19  11  17   0
 -5   7  -1  -9
-11  11 -15  -5
  7  14  -5  20
-22   0 -21  -7
  5  16  -1  10
 -1 -22  12  15
 -9  -4   4  -4
  9  16  -4   0
 -8 -14  -7 -13
 21  -7 -17 -24
-24  21   5  -4
-13 -22  -6 -18
 -9 -10 -11 -16
 19   9 -18 -12
-17   7   7 -12
  0   8 -10  -7
 22  -6 -17  11
 16 -14  23 -24
 10  16   1  15
 -3   5   8  17
  1   5  14 -13
 -9 -13 -15 -18
  6   6  21  -7
 24  10  17 -23
 20  19 -15   8
 10 -12   7 -10
  6  24  -9  18
-17  16  16  21
-17 -10  11  -2
  1 -12  -3 -23
-14   7  -3  21
 23 -20   2   5
 -4  11  -8  24
 24 -12   0   0
 14  24  14   4
-19  17  10   2
  5 -21 -18 -18
 -4  13  11  -2
-21 -10   9 -20
 -4  -7  22 -19
 11  -1 -15 -23
 13  -4 -17  -5
-10  16 -21  -7
  2  11  20  14
 13  19  10  -8
  9  -6  12 -13
 -3 -16 -12  20
  0 -18  10  20
 18   4  24  14
 -3  15 -24 -14
 20   4 -11   9
 11  19  20 -14
  9   8   1 -10
-18  11  23   9
 -5   8  10 -24
 -6  12  16  -9
 19  20  -8  -8
  3   0   1 -18
-15   9 -19 -22
 14 -20 -19  17
 14 -16   0   5
 11  23 -19  24
 10 -15   0  -9
-13   7   3  22
 15   4   8   1
 11  23 -14  20
  9 -20 -14 -10
-22  17  -2  22
 -8  -8 -21  18
 23  23   2 -18
-16  16 -16  -7
-15   1 -17   2
 -1  21   6   7
 20   0 -14  10
 -6  18  24 -14
-10   0 -21  11
-14   4  15  19
-11  23  -9  16
-13  24   1  12
-22  -9  -6   7
-17 -11 -12  15
  9  -8 -12  -5
 15  20 -11 -14
 20  -9 -10  21
  1 -15   0  22
  2  11  15 -19
-17 -23  -8   0
  0  -4 -18   0
 -8 -17  15  21
-18 -21  10  22
 23 -24  16 -19
-20   9 -21   4
-14   0  12   8
-13  14  -7  22
-12 -14  -2   4
  7 -22  -9  -7
-17 -14   0   7
 16  -9  -4   2
 -5 -24   4 -22
-19 -23  11  16
-10  13  -6  14
  1  16   9  12
-17 -20   5  -1
  3  20 -16  15
-12  -2   3  -3
 -6  13  20  23
 -7 -11  -7   4
 -5   5  -2   6
-16  10 -14  14
 12  -2  -9  -6
-13  -8  -1   0
-14  -3   0  -1
 -9  -6  11  -9
-12   4  -8 -20
 23   1  -7  22
  8  13 -21   3
-16 -17 -21 -17
  0   6 -13 -24
-10  -9  17  -5
 13   9  18  -7
 -2 -19 -12  -5
  0  15 -21  -8
  8 -12  11  14
 18   6 -14  -7
 22   6   7 -14
 15   4  -8 -13
 -8   0  -1  15
 -5 -24 -14  -5
  9 -13  22  14
 12 -18 -15  19
  7 -22  -8   3
 -6 -16  23 -10
 19  -2  -7 -11
  5 -17  21 -14
  5   5   4 -19
-11 -12 -21 -23
  8 -15 -21  -5
  8  -4   2  -5
 17 -24 -22  10
  7  11  10  18
  8 -18  -4   3
-20   0 -24 -21
 -5 -14 -24 -17
-23  22 -19 -10
-11  13 -12 -11
-19  12  14  23
  2  -3  -9 -17
 -1   2  14 -23
-16   4  24  17
 -4 -13  11  -6
 -6  -2 -15 -13
-20 -23 -11  -9
 17 -11   0 -19
  9   2  -7  14
  8 -16   0  15
-19  15   1 -15
 10 -19   7 -22
-14   7  -4 -24
  8  13   3   0
-14  22  -5   0
 -5  12  -4 -15
 18  15 -11  -7
  3   4 -18   0
 12   5   8  20
 -9  21 -11 -17
 14  10  11  22
-15  -7  -9   7
-21  -8   0  17
 21  13  -6  10
 -4 -20   2 -12
 -1   2 -21  -5
 -4   4 -10  22
-15 -13  -8  20
 -1   2   2   0
 11  15   5  -2
 -9  23  13  -6
 -3 -23 -11  13
 22   6 -16  13
 -3  19 -16 -10
-11 -14   1   3
 10   8  10  12
  1 -11  -8   4
-13  10  16  19
 12  10  16   1
 17  21   5 -19
 -6   5   0  -2
 -9  -6   2   8
  9   5 -16   7
-15  16 -24  16
  9  -6   9   1
  5 -14  -7  -7
  9  -9   4  12
-24  -1   5  -5
  9 -18  19 -24
 -1   3  14   4
  2 -23  -5  -3
 13   4 -21 -16
 20  23  -7 -18
-17  15   3  11
 -9  10  -8 -16
  0 -19 -10  22
-23  15   7  18
-16 -15   4  -3
  7   8   0  23
 -5  21  -2   5
-12 -18  14  14
 14  11  -7   2
-22  14  10 -20
 -2  11   4   9
 -8 -16   3 -18
  4   2  -9   1
 -7   2  17  -2
-17  20  -4  19
  0  -5   9   9
-12  -9   1  -6
-17 -18  12   1
  4  -3 -17   9
-14   9   7  -8
-11  -3  -4 -19
  2  22   6 -18
-17   5 -15  13
 19  -3  16 -15
-11 -17  -2 -23
 -1  21   7  12
-10  24   2  19
  0 -19 -22  -1
-17  -4 -11  -5
  2   3  -5  21
 22 -12 -19  14
  1   6  12  17
 23   4  15 -21
-13   9 -21   1
 17   4   4  16
 16   7 -10  -1
  5  21   9   1
-12 -14   9 -10
  7  21 -22  -8
-11  13 -21  17
 20  -1  -2  20
  4 -11   0  23
 -1  14  23 -15
  8  15  -3  14
-10 -16   0   5
  0  -8  20  23
  4 -21  -4 -10
 13  20  15   0
 11  -8 -22   8
-18  -5   7 -10
-14  20  -2   4
 23   7   1  -9
 15 -23 -21  -4
 23  10 -12  -2
 -9  -1 -13  15
-15  -4   8   5
-17  -1  10  -1
-13   7  14   1
 -3 -16 -20   0
  9  -2   6  20
-12  18   2 -19
 -2  -2 -18 -15
-13  20  24  15
-22   4  -6   6
-15 -22  -6   3
-14   8 -20   4
-21 -14  16  -7
  5 -24 -15   9
 -8   9   5 -10
 18   9   3  12
 19  -1 -17 -20
  6   5   0  10
 24 -23   2   9
 -2  16  -2  -3
  2 -15  12  20
-24  15  14  11
 16 -20 -16   2
 -7   5   3  -3
 -4   2   1  -8
 -4 -13   1  19
 -2  -2   0  15
-16   5 -11   9
  8  21   1  17
  2 -12 -13 -13
  9   0 -21  11
 23  -4  23  -2
 11   1  -5 -19
-15  -5  18  -5
-12   0   9  -1
 13 -13 -18 -12
  0 -17   6  -5
 11   8 -19   4
 -6 -16 -11  16
  0  -2 -20  17
 -7 -13  15 -23
-20  12 -20  18
  2 -17  16 -19
 -1  12  16 -20
 16  17 -21 -11
 -1 -16  12 -13
 12  10  24  -9
  6  -1  13 -17
 16 -19   3   2
 17  -9  -7 -23
 -5   4 -14  17
 -6  23 -16  11
 19 -12 -10  21
-24  16  -7  14
-20  11  20  -9
 -5 -18  -8  -7
-22  -1  -3  21
  0   8 -13   0
 24  22 -15  21
 15   9  21  16
  3  18  -6   5
  3 -14 -13  -2
 16 -10  13 -20
 -2   0 -13   3
 19 -21  20 -21
-19 -22  -6 -23
 13 -14 -17 -15
 15   3 -14  -6
 -6   0   0   6
  9 -21   9   3
 21  22   8 -21
 19  -1 -20  -3
 16 -17 -13  24
-14  -2 -10 -23
-15 -14 -24 -10
 15   4 -20  11
 -7   1 -12  -2
  1  10 -10 -20
-18 -17 -13  15
 -7  10  -5  11
 19 -11 -17  -8
 -9   0   0 -18
 17  13   4  -1
 23 -10  -1   5
 16   9  -5  -3
 18  15  11   6
 19  -3  -6  24
-17 -19   3  -3