-18  23  -3 -16
-18  10   6   8
 17  19  13 -19
 21 -16  15 -11
 11  -9  14  -5
-24 -21 -17  16
-10 -20 -18  13
 -5  -8   4  14
 21 -12  -4  23
-19 -12  24  20
 -2   2   9   8
 22  20   8  24
  8  11  13  19
 12 -13   7  13
  0  14   0   4
  3 -22  24 -17
-20 -19 -15  15
-23  -2 -14  -3
  1  19  -3   5
 -7  21 -21   1
 -6   2  -3   6
 18  -2  24 -22
-23   6 -16 -18
 21 -17  23 -18
 13  -4  10  15
-19  -1  21  11
 -5   3  -1  -4
 -8 -11  -6  -7
-16 -10  -9 -17
 -5  15  10 -12
 -3 -24 -23 -15
  0  24  -5  -3
  6  23 -19 -19
 14  -7  12 -14
 19  13  11   8
 20 -11   0  15
 -3 -23 -17   8
 22 -22 -23  11
  1 -23  21 -20
-23  22  -5 -11
-14  14 -17   5
  6  13  23   7
 -9  -5  23  -4
 -6  12  -9   1
 -8  21 -18  17
-13   6 -20  17
  0 -24  22   1
  2 -11  -7 -11
  4  -2  20 -13
 -7 -24  -7   3
-24  -8 -24   5
  9   8  -5 -16
 24 -17 -17  18
 14  16  24  18
 -7  -4   4  13
-24  20   7  17
-24  18 -11  20
-17 -17  -1  10
 -7  -5 -19  19
 -8   0  22  22
-10 -13 -21  -4
-11   6  -5  20
-21 -24  -7 -21
 14  14 -17   9
 18  21   6  10
 17 -13  13  17
 15  -9 -11  -2
  2  -2   9  17
-23 -16  20  14
-16  -3  -6  -4
-19 -21  13   5
 -9   0  -3   4
-22  14  13   1
 -9 -22   3  -2
 23   7  22 -12
  1  -4 -10  -1
-18   7  11   9
  1   1  15  16
 19  11 -14   4
 -9 -10  -1   3
  8  17  12  22
  4  17  -3  21
 12  -2  15   0
-17 -24 -23  23
-16 -11 -15   8
-11 -13  12  23
 24  24   5  20
  2   0   7  -2
-12  -2  21  13
 19 -21   3 -22
-15 -12  -2 -13
 14  11  -2  16
 10 -13  -4  -9
 16 -22   4   3
 -3 -15 -12   5
-24  -5   0  10
  0  10  24 -19
  2 -19 -24  13
  5 -20 -19  -8
-19  -4 -22  15
  6 -22  -7  12
 18  10 -22 -11
 24  -3 -15  -2
 12 -12 -23  24
-10 -18 -19  16
 20 -23  17 -14
-15  24   1  16
 -1 -15  11  15
 14  15  10  -1
 -9  -4  -3  17
  4 -16 -19 -24
-14  13  10 -17
 -9  -1  17  -3
 13  19  15 -23
 20  21  -5  11
 11 -12  -6 -21
-12  -6   4  22
 -1  17   8 -15
-11  -7  23 -23
  5 -20 -15   6
 10  23  23  10
-22   7   7 -13
 -7  -5  14  -1
 24  -5  -6  23
 -2   7  -4  -9
-16 -16   5  16
  9 -20  24   6
 -3  20 -10   1
-15   2 -24  -4
  6  16  16 -12
 -6 -13  -3 -10
-15  18  -5  15
 18   0  21  19
-12  -2 -19   4
-20  16 -24  -6
 12 -12   0   7
  6  -8 -16   1
-21  -7  21   2
-23 -14 -12  23
-14  -7 -17 -21
 12  11 -15  -8
 21  12 -10  12
 -7 -16  15   5
 16  23  -2 -19
-12  -8 -21   9
-16 -11 -14   1
  5   9  -4  -2
 17  19 -11 -20
 10  12   0  17
 23   8   2 -22
 -4 -20  -1  17
-17  21 -21 -20
 -7 -15  -6  -3
  3 -21  -2  17
 -5   2 -13  -9
 -6  17   5  13
  3  24  23  17
 -6 -12  -1  18
  9 -15 -23  21
-12   9  13   4
 14 -18  -2  -7
 21 -10  16  20
 14  20 -10  11
-21  -6  -9  15
 -3  -4  11  24
 -5 -18  15  24
 -1 -18  21 -13
 -7  -4 -21  14
  2  13  23 -12
  9  16  -5  12
  9  -2  15 -21
-21   7  -1 -15
-19  -7  -5  17
 22  14 -13  20
 -2   7  -9 -24
  4 -12   6  -4
 -2 -21   5 -18
 -2   1  23  23
 21 -11  21  -5
 10 -14  23   3
-21 -20 -16   0
-23  10   4 -10
 -2 -23   1   0
 -9 -20  12  19
-10 -15  22 -10
-17  16 -21   2
  8 -11 -11 -18
-16  -5  11 -12
  1  14  24 -18
 12  20  14  -5
 21  12   9 -10
-22  20  13  12
 22  16   1  17
-13  18  16 -10
-14  -5  -3 -23
-19 -24  -4  -1
 22  18 -12  -1
  1   8  17   3
 -5  14   8  -6
  4 -15  12  -7
 23   6  -7   8
-18 -24   5   3
 18 -23  -8  -4
 21   0  15  23
  4  14 -12  18
-15 -19 -17  -1
  6  12  18  17
  0  21  11   4
 14   5 -20   5
-18  -2  15  15
 17 -23   5 -13
 15  11   4 -15
  5  21  13 -23
 -5 -13  -5   4
 18  -3 -11  -9
-11 -22 -21  15
-17  13 -24   0
-17  -5 -16 -13
-12  18  -4  16
-16  24  13  -7
  3  15   5 -11
-16  -8  -4  17
 15 -20  -2  -2
 11   4 -17  11
 -1 -11  -2   8
-20  -5   7 -20
 16  -4 -15 -17
-13 -22  14  18
 22  21 -16 -21
  4  -1  15  24
 13  -6   6   1
 -3  18  -5  -7
 19   6 -15   8
 20  12   1   7
 -6 -17  15 -16
-23   2 -23 -19
  8 -23  11  14
  1   8 -11  13
 18   2  15  16
 23 -22 -18 -16
-10  17  12 -12
-21 -18   5  -9
 -8   5 -19  16
  8  11  20  10
 19  -5 -15 -23
 16  13 -20 -19
 18  -1 -10   2
 11 -20  -9  12
  4  15  19  14
  9  13  -5 -17
  0  -2 -19  23
  0   5  16 -10
-18 -23  -4   3
 22  -1  13   7
 20  -1 -24  10
-14  15 -24  14
  5  -7  17   6
  4 -19  -7 -11
 14  12  10   5
-10 -12 -17  -3
  9   4 -16   4
 -7 -16  16  -7
-15   4 -21  24
-18 -24  11   2
 14  15  18  19
  2  12   6  -1
 12 -12   5  -6
-24 -20  17 -19
-18  18  -8 -23
  6  20  19 -14
 -4  -7 -14  23
  4  19   0  -4
-15  -9  16  21
 -5 -17  -2  16
  7   6 -19 -13
-24 -17  17  -1
 13  16  24 -18
-20  -1  -2 -15
 22  -2  -6  12
 20  19  -3  18
  2   9 -12 -19
-20 -13  -9  -2
 -5  16  -9  -6
-11  18  17 -16
 22   5  10  10
  0 -18  15   5
 22  15   9  17
-19 -11 -10  23
 -3   7  -3  22
-24 -16   9   8
  9  19  14  -5
  7  -1   5  -7
 23  24  21  -4
 24   5  18  16
 -5 -22  -9  -8
 22 -24 -18  -2
 22   3  -7  15
 -7  13  -5  15
-16 -14  21  10
 15  -9  -2  11
 18 -17 -14  14
-24   1  -4 -13
  1   9   2 -10
 -2  17  23  -3
-10   4  12   4
 -6  -1  17 -12
 18  -8   6 -17
 23 -21  19  -2
  5  20  -7  20
 11   1   4  15
 15 -17  18  -3
 -9  12 -19  -6
 -1 -10 -21  21
 24   6 -21   7
-21 -14  11 -18
  6 -24 -10 -14
  0  12  12  10
 14   5   2 -24
 14  -2  18 -12
 21  -2  10   6
  3  -2  21  -4
 24  -6  16  23
  0  13 -15  -8
 -6 -13  -5 -10
-21 -12   8   8
  8 -13  20 -23
 -7  -5   3 -22
 20  -8  16  18
 -9 -21  15 -15
-17  -7  20 -17
-18  21 -18 -23
  1 -22 -10  11
  5  -9 -18   8
-11 -20   3  16
-17   3  15  -5
-22  22  -7 -22
  1  -1  -7  22
 -1 -18   0  -2
-14  22 -24  -1
 10   7  18  22
-16   8 -18   3
-24  -7   6   9
 20  22  -5  -4
 16  -3  17 -12
 12  14 -16  -8
  7  22  16  11
 22  16  -6  16
-24 -16  11  14
 20  -8  -3  13
-24   6  -3   3
 -9   6   2  14
-23  -8 -11 -14
 13 -15  -3 -19
 -8 -21  24 -16
-16 -17  -2  -1
 23  -9 -23  18
  9 -18   2  16
-21  13 -18   3
 24  19 -22  16
-20   6  21  -2
-12  -5  16   9
-14   6   3 -11
-12  -5  -2   8
 11  -9 -20   4
 -8   8 -18   5
  1  14   8  -1
-15  15 -17  15
 -1 -13   6   6
 11 -23   6  20
  1  20   3 -11
  0  19  11 -22
  0  -4   2 -19
 17  11 -21  14
-22  -8  22 -11
-13 -20 -22   3
  8 -24 -14   4
 21  11  -3   6
-21 -23  20  -8
  9 -24 -12 -18
 24 -11  -8   6
 -3   9   7 -10
-24   2 -11   7
 -9  -5   7  -3
 22  17 -15  20
 -9  22  22   0
-17   3   7   7
 -5  11 -17 -18
  5 -19  23  18
 -2  22 -13 -21
  8   7   2  15
 21   0  11  23
-22   2  23  18
 16  -8 -11  23
 -4   6 -24 -23
-20   0  15 -22
-14  15 -16  -1
-12  21  17   4
 -9 -15  11   5
 -5  -8  14   5
 12  20  23 -18
-12  12  22   7
 -9  -1   4   0
 15  16  11  11
 18  -2  10  -7
  0  -2 -10 -10
-15  18   4   6
  5  13   4 -19
  0  24  15   7
 -2  17   6  -8
  8 -24 -18 -15
 10 -18 -15   1
 -9   6  15  14
  9 -13 -10  -1
 -1   6  21  23
  0   6 -12  -5
 -6  13  -7  23
-13  -4  -4  13
 16  -4 -18   8
 19 -15   3  -5
-18 -23 -15 -21
 20  24  -1   7
-16  15 -10  14
-24 -15 -20 -12
-17  22  -1   0
-12  14 -15   0
 15  10   4   7
  3 -12  16 -24
 24  15   5 -12
-17  21 -12  15
-22   0 -16   6
 19 -23 -19  -1
-24   4  16   7
-13 -11   7  -1
 15  -4 -15  24
 -9 -11   6 -14
  2  21   0 -21
  4  20  17  20
 -2  17  24   5
  4   3  21 -22
  3  13  21  -9
-15 -24   5   3
 -1 -11   9 -24
-20  -6  20 -11
 13  17 -10   5
-13  11 -24  -9
  3  -6  16  12
-21  22 -24 -20
 24  -7  -5  -8
 23  15  -2 -24
-23  14  -8  23
 15 -13   2   7
  9  -9   9  -9
-15   0 -14   7
-15  22  -5 -22
  8 -12   1   1
 21  -6  -2  -3
 -1  20  -1 -19
 -4 -17  16 -14
 22  16   4 -14
 12  15   2  20
  2 -14  -8  17
 13   6  -7   2
 24 -19  -5   0
-18  -8 -15  -4
  5   5   6   4
 15  -1  -7  21
 -6 -12 -19 -21
 12   0 -14 -16
 21  18  22  -5
-11 -11 -15  11
-22  11 -17  11
-19 -23  -9   2
 14 -18  12 -22
-21 -17   8 -17
 -2 -10 -19  21
 13  21 -17 -24
-16 -11 -16 -24
 -5  12 -17  19
 -9   4  16  15
-23 -15  -3  -5
  3  17  23 -21
-24   7  -7 -22
 -4  17  10 -11
 -2  -7 -23   3
  7   9  15  16
-24  11  21  15
 -3  13 -22  -7
  3 -15   9 -19
 11 -11 -22 -17
  7  -3 -10  13
 -9  -7  13   1
-10 -19  21  20
-13  21  21   3
 -4  23  23  10
  8 -10  -6  -3
-24  22 -18  -2
  1  20 -20  17
-12  -4 -17 -12
  8  17  10  13
 21  -5  21  -6
 24 -10 -18   7
-12  -2 -17  -2
 -8 -18  20  -7
  0  -9  22  -1
-10  11 -23 -16
 23   1 -12  -1
 13  -1  24  -4
-21   6  -8 -12
  9  14  24  -7
 -9  -3  20  13
  6 -19  -4  15
 22  -3  -8  21