 18   0 -14  -3
-24  -9  -7  10
  2   9 -11   4
 12  -4 -19   6
 -7  -8 -13  -8
 -9   4 -20 -10
-18  -9  -1 -24
 -6 -16  -9  20
 -1  -8  -7  20
  5  11  15  21
 14  20   1  20
 -8  -3 -18  -2
 16  18 -19 -10
-21  24 -21  20
 21  19 -11 -13
  0   1  -8  16
 13  20 -10 -19
-17 -19 -15 -12
-11   5 -21   0
 -9  -4  11   6
 -3 -21  12  18
-11 -21  15  -9
  7  17  16   9
 18   7 -13   5
-19  18  23 -12
 12 -11  23 -24
-24 -17  17   3
-18  14   7 -18
 22  24  17  15
  4  16   6  24
 21  22   5 -17
-24  11  -4  16
-12  -3  22  18
 20 -18  19  12
 16   5 -21  17
 21   8 -10  -4
 20  -9 -11 -15
 -3  11  16  23
-11  21  -4  16
-12 -13   8  -9
 13  13  19  -6
  4 -19  -9  -7
-16 -13   9   3
  5  -2   6  19
 15 -22 -18 -12
 -5  20   9  14
 20  18   2 -10
  3  -9  -7   8
 16   2  -3  15
-17  -8  19   4
-13  11  22 -10
  0 -12  17  -2
 21  15 -21  -5
 18 -22  24  22
 24 -15  -9  24
-22 -19   7 -20
-21  13  -1  10
-21   3  -4  11
-18   5 -21 -12
  0   4   9  24
  3 -24 -11 -10
-19  12  22 -10
 12  21  -7  -8
-15  12  -7  19
 22  19  24   1
 18 -13   7   3
-16   7  23   3
 18  16  23 -20
-14  -7 -21   1
  8 -22 -24  13
  5  19 -20 -23
 23 -13  23  -7
-18  -2  16  23
 14  -8   0   0
 17  15 -23   3
 23   1 -13  17
-21 -13  18  22
 17 -23 -10  17
 13  23  -3   0
 15  23   7  15
 21 -13   1   0
  1  -9   1  17
 -1   0  -6  -4
-24   9   4  -8
 19 -18 -20  -2
 -6 -16  23   9
-11  -4 -15  23
 19 -21   4   8
-20  -5  23  13
  3 -24  -6   0
-17  11  20  17
-12 -20  -7  -9
 17  -1 -19 -22
  6 -15 -13   3
 10   6  11  -2
 12  -9  -4  11
-23 -21   8  -1
  5  17  -4  13
 21   4 -24 -23
-23 -11 -17   6
 -3   0 -21 -22
 14 -20  15 -11
-14 -20  10  -1
 19  13   8 -24
 22   5  -4  20
 -6  14   6   1
 17  21  -8  16
 15 -15   7  13
-17  15  -8   7
 23 -19  12 -13
-18  17  15   8
  3  24  -6 -24
 11   9  12  20
 -5 -16   2 -24
  1 -10  19   6
  1   1  -6 -17
-16   9 -21  23
-21 -18  17  -8
 14  21  15  13
 -4 -24 -18  -1
 -7   1 -13 -13
 15 -14 -21  17
 -2 -21 -18   6
 -4   0  -4   8
-11  22 -17 -12
-14  12 -16   9
 11  12  -8  21
  3 -11   2   5
-23  16  20  10
-10 -24  18 -16
-23  12  -5  -3
 15  -1  -1  -3
 18 -14   9  -9
 19  17 -21  11
 -5  -2   8  -6
-21  17 -13   0
 15   2  24  18
-14   7  11  12
 11 -23 -19  15
 20 -19  -3 -24
 15   7  -2 -17
 23 -24  21 -20
-11  16  20 -13
  3  16  -3 -24
 13 -13  -8   5
-16   5 -19  17
 18   9  23  -4
-24   4  13   9
 -2  18 -13  -1
-21  -6   1 -11
-16   1  18  -1
  0  19 -18   7
-11  15  19 -14
-13   6 -15   2
 14 -14  17  -7
-11 -17 -10 -23
 13 -10 -10  -8
 22  -9  12   7
 18 -24  -9  17
-18 -17  -7 -14
-11  -7  -5  11
 18 -16  12  16
 15  13  17  12
-18  18 -18   8
 12  19  -2 -10
  9  -7  -1  17
 18  19   6  -9
  2  -7  15  21
 17  20 -11  11
 24  -8  18 -12
-23  -7  -6 -11
 -2  23  12  12
 -4  18   0  14
-24  -4  15  -3
 -3 -22   3  24
 19  24  -6  16
 14   5  19   2
-17 -12  -7 -21
  1  18  12  14
-22  11 -19 -14
-13  22  16 -14
-24   8 -10 -19
 -4 -18  -4  -2
  2  23  -3 -23
-13  -1  10  18
-12  22   6  13
 -1  13 -18 -20
-24 -13  19 -12
 10 -23 -20  14
  1   4  19  20
-23  12   3  -3
  2   0  23 -19
-18 -23  -7 -13
 -9 -18  24  21
  6  -9 -14 -20
 -8   2  10  -9
-24  18  -9 -17
 12   2 -13  -6
 21  -2  10  17
-13  16 -24  23
 23 -15  -1  11
-11   2 -11  -8
-18 -17 -13  19
  8  13  23  20
 18  -4  17  13
 -6  -8  23 -14
  7  14  19  -2
 -5 -13 -16 -23
 24  10   5   6
 -6 -23  17 -20
-13  23  20   3
 17 -10  -1  13
-21  -6  14 -19
 18  21 -18  18
  6  13 -20 -14
-19  16  10   0
 15   0   3   9
 16   0   0  -4
  1  -1  21   2
 24   6 -22 -10
-20  13  13   7
  2  15  16  12
-23 -19  23   2
-10   8  -2 -17
 15 -21   2   6
 22   7  -2  15
 10 -14  -2 -20
 -3   9  15  -9
-10  -3 -15  20
 -7 -18  24 -21
  6   7 -24 -14
 12 -16   7  23
-14  -4  12  15
  2  10  10 -13
  1  12 -20   0
 18  13   4 -19
 20 -22 -13  11
-13  -9 -17   9
 23 -11  -5 -16
 -9  -2 -21   9
 23  24   7  21
 -5   9   4   0
 19   7  -8   9
-22  20  -1   6
 15  13  17 -23
 10 -14  10  14
 13  15   5  21
-24 -21  21   4
 19 -24  -7   8
-19  10  19  11
  8   0 -14  -9
 23  -9   2   8
 -3   3 -11 -21
 15  17  19  18
 13  18  -3  22
-23   8 -15  -6
  3   7  16   6
 23   6  -2 -12
 18  21   7   1
 13  17   5  20
 23   5  11 -13
  2   5  14  19
 12  -9  23  19
 -5 -23  18   1
-11  17   0  -1
 16 -24  20  -5
-19 -23 -23  -3
  1   1  15  16
-12   0 -12  -6
 18  -4  14  16
-21  14  21 -23
-19 -11  -5  -4
 24  14  13   8
 21   5 -23  11
  4   8   1  24
 -6   6  -9   3
-11  -1 -22  -5
 -2  22  -3  22
 10   5  -3 -22
 22   6  23  20
 14  -4  10   7
-17  13 -24   4
  5  21  -8 -13
 16 -12  21  -1
 -4   2   4  18
-16   3   8 -24
-12  -3 -14  18
  6   0  -6 -23
-18  17   0  21
-24   7 -12  22
  4 -22 -14  -8
 14   0  -3   4
  5 -14 -12   0
-22 -22 -20  13
  4 -12  21 -14
-11   1   4 -22
-18 -14  24  13
-11   9  24 -19
  4  16  16   8
 11   1   2  22
 17  10   1   9
 17  -2  14 -24
-15 -11  10 -20
 22  -1  18 -20
 -1   1  -9 -11
 10 -13 -10  -6
-13  23  -9  -6
 15  24  13   7
  7 -22  14  15
-11   7  16  19
  7  -2  10   3
-21   8 -12   1
-23  -7   4   9
  8 -23  13  17
-16  14  12 -10
-22  24   1   0
-23   7 -22 -24
 10  -1  -1 -12
-17 -17  23  18
  8   8  20   1
 19  21  22  12
 12  -9 -15  -4
-20 -17 -23  15
 -3   3  -3   4
 -7 -24 -16   4
  0  22  20 -17
-17   8  17  -3
 16  21  14 -18
-16  16  21   3
  3  12  10  -1
-12  17   3 -22
 15 -16 -23  12
-21 -20  -3  16
 20  22  -1   0
  0 -23   4  -7
 22  10  -2  19
  8  24   0  12
  8   6 -18 -12
  9  19   5  23
-24   5  -1   5
 -4 -10   8  21
  4   0  -1  -9
-18   1 -10 -15
 -8 -12 -20  21
  8  12  -2   3
-21  13 -24   0
 -7   1  17  24
-17   5   6  12
 -2   8 -16  24
 -1  20  -3  -4
 12   4  -2 -15
 22 -15  16  17
 -2   3  20   3
  9 -14   0 -10
-18  13  -9  12
  4   5  -3  24
  6 -17   1   0
 19   1   6  18
 -2  -2 -12   9
  3  -2 -12 -19
 -5  -4 -14 -11
 -7 -18  11 -11
 -7 -14 -18 -20
 23  -5 -11  -6
 12  16   4 -21
 -5 -16  -2  21
  6 -15 -10  14
 18   7  -7  -1
-24  17  18   7
 21 -10 -14  -5
-15  12 -21 -15
-12   4   4  15
 -7  -7 -16   5
 -6  -5  23 -15
  6  -7  -2 -16
-12  -3  17  -4
 22  -3   1  -7
  8  20 -24  21
 -1 -18   3 -22
 19  11 -23 -22
 -8 -11  -3   6
  9  21  23   2
  6 -18  17   9
 -9  -3  22  -8
 -4  10   9  21
-14   1 -19 -22
-18  12  22   0
 -4  -9  24 -21
 -5 -12  20  -1
  6   9   6  18
-17 -12 -15  -8
-10   1   8  21
-13  18 -20  13
-19 -10 -15  -7
 14   7  12  11
 -6 -22   2   3
-24  -2   5  -4
 -6  -5  16  -2
  6  11   6  -4
 24  -9  -7 -12
 -3  -1  23  -1
  0   4  24 -13
 22   0 -10 -13
 15 -22 -17  16
-13  18 -23  -1
 19  -4 -18  19
  8  19 -18  -3
-14  15 -22   3
-14 -20   3 -11
 20  19  19 -12
 -1   3   9  -8
 16  19  -6  20
 -2  20  21  13
 -9  -4 -14   9
-24   1 -15   8
-21   8   4  11
 23  23 -15 -13
 19  -5 -20  12
-12  10 -20 -15
 10 -21   7   8
-15  12 -13   2
 -8  16 -17 -22
  6  19 -12  -6
 23  15  -2 -14
 -3  -8  17  -9
 18  14 -12 -23
 22 -17  11  -4
-12 -10  18  -8
-23 -12  22  18
 14   0   7 -10
-13 -24  23  -2
  9 -23  12 -14
 21  -4  19  18
 -6 -15  18  -2
  6  20  14 -10
  7   7  16 -15
  0 -21 -16  23
 24   2 -20   9
  1  20  -9  -2
-17 -20  -1  18
 -8   5  -7   7
-23   5 -17 -11
-24  15 -10  15
-15 -21  16 -20
-20 -11 -15  -7
 -5 -17 -14   2
-16  14  12  10
 11  -6  -3  23
 -7  24 -14  19
 24  -5 -21  -6
 17 -17 -18  17
 -7 -12   5  21
-18  15  -3  10
  5  13  22   6
 18  -6   7 -11
  4  15  12 -14
 -6  11 -12  15
  3  20  19  21
  6  18   3 -10
  8   1  -8  10
 18   7  -9 -20
-22   3 -23   9
 12   2 -12   2
 19  22  -3 -12
  6   9 -10  17
-22 -12  -1 -16
  6  22 -13  23
 23  24   2  11
-12   9  16  13
 18   0  -1  14
-22  -9   1  12
 -7 -14   0  -3
-23 -23  -2   6
 -6  13  17 -18
-15  -7 -12  14
-13  15  22  10
-17  -7 -19  24
 -7 -19  24 -19
-15 -19 -12   7
-16 -15 -19  -4
 -8  -8  17   7
  0  -1 -16  -6
 16  -7  -7  10
 23   2 -18  -6
-20 -12 -24  -8
 11  20  18  16
-17  24  14  20
-14 -12 -16 -19
-10 -11  -6   3
  1 -16  19 -16
  3   8  -1  -2
-18  15 -23 -22
-13 -20   4 -19
 20  17   8 -21
  6  20  20  17
-11 -15  -4  -9
 17  13 -16 -22
 -1 -21  -5  -3
  6  -5  -9  10
-21 -24 -10   8
 -4  22 -18 -15
 -7   4   4  -1
-10 -20  14 -16
 24 -12   7  -2
  2 -22 -20  18
  8   0   0  17
-16 -19  19  -5
  8   7   8  22
-23 -17  -3  21
  6   2  -5  -1
 10 -21   0  -7
  4   1  21   0