 -1  -4  24 -22
  3  23  22  23
 11  -1  13  12
-16 -18  -2 -11
  0  -4   7 -23
 -4  14  -6  13
  2  15  13   4
 19   4 -17  -1
  1 -18  -7  -8
 -7 -13  -1   3
  6 -17  21   3
 16 -17  10  14
 17 -16 -12  -6
-21   2  -8  11
 -1  11 -15  22
-23   5  24  21
 -8   4 -10  -1
 18  20  17 -23
  0  -3   4 -20
  0 -16   2  -2
  2  13  20  18
 -8  15  13 -24
  6  -3  -1 -24
 12 -10  14 -21
 -2  13   2 -14
  1   5  -4  -7
  8  -4  -7 -13
-12  13  11  13
-10  18   9 -10
 23 -20  -9   3
 -2 -13 -20   8
  2  16   4  11
  4  12  -8  23
 18  24  -2  24
  6  -9   8   7
  5   4  18  -4
-13   5  -2  17
  8   9   8   5
 10  13   1  -4
-11 -20  -3 -14
  9  -3 -16   5
 22   3 -14  24
 -5 -10  19  -4
  9   0  10  22
-23  -1  12  24
  7   4   6 -21
-11  -2   3  10
-13   4   6  -2
-15  -9  -9   6
 23   3 -20   5
 -2   7   8 -11
  7 -17  -2  -9
 -1  -1  -3 -16
 -3  10  -6 -23
 14  -9 -19   4
-11   3  -5   5
-16  10  22   9
-13  18  22  13
 19   3   0   6
-18  18  -3   6
 -4   4   4  13
 14   9  -2  -3
  1  -8  15   6
 -7  -8  -4   5
 -7  -9 -21 -19
 10  -2   0  -2
 14  11   7   2
  4  10 -12   8
 -3  23 -13   1
 12  -6 -13   1
 -3   5   0   5
 -8  -3 -19  -8
  7 -10  -3  24
 20  14 -15   5
 -2   2   5  -4
  7  18   1   7
 -8  -5  -9 -11
 -7  12 -13 -22
 14  18  13  -3
  3  20 -11 -24
-15  21 -17  -4
 14   4   7   8
-12  -2  20 -23
  3  13  21  14
-17 -12 -18  -5
 -5  18  22   3
-16  18 -12  12
  6  -4   9  -1
 11 -22 -12 -18
 -3 -16 -12 -13
 -4  -2   2  13
  3 -15  13 -13
-22 -10 -17 -12
 -6   4  18   9
 -5  15 -15  -7
  4 -19   5  14
 11 -14  10 -12
 15  16  -8  11
 -9   9   0   6
 -6  15 -15  -2
-10  20   5  17
 12 -19  -3 -21
-23 -21 -24  17
-24  16  -9   7
 14  17   6   3
-12   1  -7 -10
  3   2   6   2
  3  20  14  10
 13  14  18  -7
 10  -6 -15  14
  3  10  14  18
 16  18  16  -1
-18  22   0   8
 13  15  -5   0
 -8 -17   7   8
  4 -13   4   6
  2  12 -14  18
-23  -6   6 -10
-19 -12 -20  -3
 15  20  11  24
 -9  14 -10 -20
  9  -1   3 -16
  8   6  12 -18
-21  -3  19  -1
 -4   5  16   2
 13  -7  10 -15
-22  10  14  -9
 -5  -3  -5  20
 23   3   9 -10
 -9  -8  -9  -3
 19  10  20  21
 -8 -16  17   7
 -1  22 -12   2
 17 -15   9 -20
-14   9  14 -10
 -2 -20   0  -2
-13  14  -3 -22
  9   2  20 -12
 11   0  -5 -21
-21  -1 -12   3
-23  -1   7 -11
 12  18  20  20
 -4  -1 -15  -1
 -8   0  -7  13
 19   8   0  -4
-12 -18   0 -10
 -5  -1 -24   6
-20  -2   4 -14
-19   5 -14 -16
-11 -23  -1  -3
 -5  -2  -1   2
 15   3  -9  18
 10   4  10 -20
 14  17 -16  -8
  5 -18 -19 -20
 14 -18 -13  -5
  3  -2   3 -17
-10 -15 -17  23
-14  -9 -18  13
-15   4   1 -24
 18   3 -24 -14
 10 -13 -14  -2
 14  -9  22 -13
  8  19  19   8
-10  10 -21  18
-16 -22   2  -1
-12   5  11  12
  6  20 -19 -16
-23  18 -13 -19
  8  18  19   5
 -1 -10  23   4
 21   2  11  -8
 21   1  14   3
 -3 -18   3  15
  8  19  24  11
  7   9 -14 -14
  5  14  -1  15
-14  13 -20  14
 20   9 -21  15
 -3  19  -6   8
 -1  -3   5  12
  1 -17 -11  19
 -2  15   4   3
 -6   0 -18  13
-10   0  20   5
-10  12  -3  19
  1  -3 -13 -15
  9   3  13 -21
 -5   7   9  -9
 17   3  -2  12
 15  17  -8 -16
 -6  -8  -4 -15
 -8  -4  15 -18
 21  20 -12  17
-23   0  -8  -9
 17   1  13 -18
 13  11  10 -18
  0   5 -17  12
 15 -16   0  17
-18   3   0   0
-19 -11  -5   0
-21  10   6   4
 14 -23  -1 -16
 11  19  22  -1
  7   9  -1 -21
-11  13  11  15
  3 -24 -11  -9
 15   9   7  15
 -8  -6  -2  20
 -3 -18  12 -13
 22   2   7   7
-13  17  17 -23
 -7  19  -7 -23
-22  -4  10 -15
-24  15  24  11
-21 -22 -12  -4
  0  14  -1  -8
  4  10 -24  -6
 24  20   6  -3
  0  20   3 -21
 15   4  -2 -19
 22  12   5  20
-23   2  -7   8
 10  -6  -6   4
-10  -6   1   5
-22   2  13  11
 13 -16  10 -14
-19  14 -13  -4
 11 -23   5  12
 -8  -6 -15   3
-10 -21  -4   1
  5  -1  -6 -12
 -9  -1  15 -22
 17 -10   0  -7
  3  10  -1  13
 -3  12  11 -11
 22 -23  -5   5
  0   5 -20   7
  6 -10 -12  19
-13   2  18  13
-20  22  -1 -21
 17  13  12   0
 -6 -24  -4  -1
  4  13  -1 -20
 12  24 -11   7
 16  -5  -6 -19
  3 -24  -1   8
  0   4 -17 -10
  5  23  -5  11
-20 -19   4  -6
 -6  19  18 -13
 13  14  22   0
 12 -11  12 -15
  4  -6  -2   0
  0  15  22  -3
-11   7  17  -4
-15  -5  -1 -21
  3  21   4  15
-20 -23 -12  -5
-11  19  -8  12
  4  20  20  11
-24   4   9 -15
 21  14 -18  -8
-17  -7   0  -3
 13 -24  10 -16
 -7  10  -9   3
  1 -22 -10 -10
 -7   7   5 -16
  3  13   3   7
 -6   6 -20  17
  6 -15   5   1
 16  -6 -24   7
  0   2   0 -19
 -7  11  15 -17
-14  -2 -11  -5
-10  11   2 -13
 -8  11  18  14
 15 -19 -20   2
 -6 -17   0   6
 14   4   2   2
 10  -4  19   8
  7   3  12  -9
-12   3 -20   2
 21  21   5 -22
  7  12   8  10
  1 -20  10  12
 -9 -16   1  10
  8   9  -4 -13
 13  12  19  -1
 -1  -4 -21 -13
  1   1  20  11
 23  18  16 -18
 -5   0  11  16
 19 -11  19  -6
  4   9 -13 -15
-22 -13 -20 -11
  7   6 -24  10
  3 -11 -12   9
 18  16   4  16
-10 -20   0  -6
-11  11 -12  16
-18  -5 -10 -17
 -1   0   4  17
 -1 -14   9   3
  1 -18 -20 -21
-16 -12  13 -15
-13   9 -18 -14
-21  11 -19 -17
  0   0 -14  11
  3 -18   6   4
-20  24   5  19
 -1  16  -6 -24
 -3  -2  -9 -10
 12  20  20   0
 13  12  -1  -4
 -9  12 -17  -9
 22  -7  19 -10
 -8  10   3 -14
  6  -1 -12  -1
 11  -1   9  13
-11   7   3  18
 -8 -16  16   3
-13 -22 -22   5
-22   2   8 -21
 17  13  20 -16
  4  13   0  -5
  5  24 -10 -20
  1  18 -15   7
 15  17  -7  15
 -7   7 -24  -2
 -1  -1   0  -2
-19  -5  20  17
  9 -15  19  -7
 -4   3  14   2
 -9  -6   3  21
 18 -11   9  15
-15   0 -17 -21
  0   1  -2   6
  1  23 -14  19
 11 -18  24   2
  3   6  -5  17
 20   5  14  -9
-15   5  -8 -10
-10  -1  13 -11
-14   0  -4 -13
-12   0   2   2
-15 -10 -24  10
 18  10  -5 -17
  1   9  13  17
-10 -11 -18   4
 17  16   4 -13
-13  -5  22   6
 14 -13   7 -19
 -4   9   5 -19
 16   4   5   7
  0 -22  12  -6
 12  13 -20  -6
-11   9  -3 -21
 -2 -22 -18 -12
 -2 -11  17  -8
 21 -13  -7  -2
  5  -6  22  24
 11  19  -7 -13
 -7  -9  20   4
-12   1 -23   1
  9 -10 -24  -8
  0   6  13   8
-16  -2 -19  -6
-15  -2  15  21
  1  -1  -8 -24
-17  -1  19  -2
 15   7  -1 -16
  2 -13   5  21
-18   4 -20   0
-15 -12   6  17
 -6  19 -19   0
-11  12 -16  -2
 21  12  10   6
  3   9 -13  13
-24  -9  -4   2
  1  13  18   8
 12 -12 -15   1
 -4   6 -11 -17
  3 -21  14  22
-16 -19 -11 -23
 -4   7   3 -11
 -9 -18  -5 -20
-24  22 -11 -10
 15 -21  -3  14
 13  15  -2  13
 -4  -1  17  -6
 19  16  -8  15
-24 -24  -4   5
-11  18  -7 -10
 -9   5 -20  -6
 -1 -12  -4 -23
-13  11   3  15
 -9 -13  14  21
-11  15 -13   2
  0   8   3  21
-12  -5   4 -12
 -2  -1  20  -6
-14  16  24 -17
-10  14   0  -8
-10  -7   8   2
 18   4   0   9
-18   6  17  22
 15 -12  21 -10
 -4 -13  22 -15
 -1   3   8   7
  2  -3 -20 -16
  8 -23   9 -16
 14   7 -14   0
 13  15  11  22
-24  -9 -17   2
  3   2  -7 -12
-16   8  10   0
-15 -19  11  10
  0 -19   0 -14
 -3   1  -3   2
 -9   0  -2  -2
-14  14  -7 -11
 -4  17  15  -6
  1   0 -17  10
-15  19 -19  -5
 -3  -3   8  -7
 17  15  14  10
 -7  11   0   9
  3 -10 -12  13
-18  21 -19 -20
 19  23  -8  -2
 21  15  -3  16
-22  12  18   0
 10 -22  -9   9
-20 -13   2 -14
-10 -16  18 -18
 10  17 -17   2
 -8  14  21   7
  8   9  12 -14
 17  17  14  19
  4  21 -15  23
 -1  -2 -13  -7
 -2  -2 -22  20
  9  15   1  21
 -8   9  -6 -18
 -1  -9   2   7
 22 -21  12 -12
  2   6  -6 -21
-19   4  12 -20
-12 -15   0 -14
-11  15 -16  -6
 12   4   3 -11
 18 -10  -1  17
 11   8  15  14
 16 -21   4  -6
 21 -16  16   9
 -2   4 -19  -9
 -3 -12 -12  -4
-20  18  -2   3
 -7 -17 -18 -18
 23   5  17  18
 -9  -9 -17  -5
 -3  -4  18   4
-14  -7 -24  20
 16  17  12  -3
-10   0  -4 -24
-18  18   7  18
 -6 -16   9  11
  6  22   6   1
  6   4  24   4
 -2   9 -14  -1
-23  -3  -6 -17
 11   8  -8  -6
  1 -18   7   9
-23  14 -14 -22
  9 -13  -8  -5
 -4  13  -7 -20
 -7  -3  -1  -1
 -2   5  10 -10
-22  18  -1   9
 19  16  12   6
  0 -14 -16 -22
-13  21  16  -1
  9  -2  17  20
 -8   7 -21  -5
-11 -16   5  13
-19  21  -2  16
 -2   2  -8 -22
-16   3  17  -9
 14  -6  18  18
  8 -18  15 -16
 19   6  24 -13
  7   2  14  10
 -3   1 -15  10
  8  -8 -15  -7
 19  -8 -23   5
  9  15   4  15
  7   4 -18   6
 -8   9 -13  -1
 12   6 -12  -3
  3 -18  -3  21
-23   2   5 -23
 -4   9  -1   0
 16  -6  10   9
 22 -10   0   2
  6  -2 -11   2
  5  -3 -17  -6
-20 -23  -8  -2
 -4   6  -3   2
 22   3  10  -9
  8 -13 -21 -19
-14   2   3  -2