 12  17  24   9
  6  24  -9  13
-24  18   9  23
-13  -4  20  22
-12  -4  11 -21
-11   2 -13  13
  5 -21   1   8
 14  -9  13   1
 20  16  11  20
 22  -9  13  -6
 -5  -6  13   2
 24  18  14  11
  3  13  12  11
  9  14   8  -9
 -3  -2 -22  16
 -7 -13   6   3
 24 -12   5 -14
 19  18  12  -6
  8  12   5  -3
-22 -24  12  21
 11  20 -23 -17
 15   2 -21 -20
-18 -24  14   9
 -7  -2   0  -1
  0  13   4  20
  7  23  -5  -9
-18 -17 -16 -17
  4   1  -3  -2
  6  23  23 -17
-24 -21 -17  23
  9   3  -5 -21
 -6 -20 -21 -19
 18 -14  22 -18
 -9  22   8  10
 -8   2 -18  -6
 18  -1   7   1
 -7  16   4  18
 -7 -11 -17   6
  5  18  14   6
-11  12  16 -18
-13 -19 -15  24
  5  20 -15  -1
-16   0  10   4
 -5  21 -15  24
 23   7  -6  10
 -8  11 -23 -10
  1  16 -17   6
-17  11  -2  17
 -2   2 -10  18
 15 -16   0  19
 -8   8 -24 -12
 20   5  20  12
 17  12 -11  -6
-23  18  13  -7
-17 -12  12   4
 21 -16 -24 -16
-20   7 -15  24
  0  18  -1  -5
 24  15 -12  -5
  3  13  -4   3
  8  13   7 -23
 22 -17  22   0
 20  18  -2 -23
-16 -20  10 -19
 23 -11 -19  14
 14  21 -12   1
-22 -12   6   8
-17 -16   5 -14
-22  24   4   4
  2 -17  22  -8
 -7  -4  13  -7
 19 -24 -11 -10
 10 -20 -19 -10
-11  19  13  24
 12  20 -10 -12
 23  23 -24  -4
  1 -17 -24  -4
-13   7 -19  10
 -9  13 -16   2
  8  -4 -15 -19
-13  20 -21   8
  4  10  10  16
-23 -12 -16 -18
 23   4 -22  17
 15   6  -2  -7
  9   0  14  19
-16  -1  -7  18
 20 -15  23 -24
 -4 -10 -19   1
  5 -13 -22  17
-17   7   4  -6
  4   2  -7  -9
-19 -13 -24  -2
 -8  -8 -11  11
 11 -23  16  17
 13  17 -24  -3
 11 -23 -13 -10
 13 -21 -13 -21
 21   9  17  10
  0 -12  18  -8
 -6 -22 -18 -13
 22  14 -15   5
-24 -19   5  -7
 -6 -18  -6 -18
 10  22  15  -5
 14  -8 -12  15
 24  19  10  14
 13   9   5  20
 19  -6   4  10
-12  24  17 -16
  8  18 -14  19
-20  16  22  16
 -9 -11   4 -19
 11  15  17  -9
-12 -13  20  -2
 17   3 -11   8
  0  15  12  -3
  7  22 -23  23
 -1  -4   7  18
 11  14 -20  17
 19 -22  -9  14
-16 -20 -12  11
 16 -23  -5  -4
  0 -13 -19 -10
  9  -7  20  22
 11   9 -15  19
-12   7  24 -24
 -1  -2  22 -16
 19  -8   8  18
-17   3 -15   4
-12  -6  19   6
 -9  14   8  13
 21  -2  23 -12
-15  16  11  -4
 -7 -22 -19   7
-18   6 -23  17
 19  -9  -4  24
 24   9  -8 -18
  9 -20  16 -13
 17 -24   6 -12
 16   6   8   2
-13  20   9  -8
 11  -1  10  -5
  5 -21  16 -17
-15 -21  12  11
 15 -24 -10 -19
-10   1 -23   4
 15  13  16  -8
-19   6 -13 -24
-24 -24  24  23
  2  10 -15   5
 -8   6  18 -21
-12   0   0   0
  3 -14  17 -18
  2  23 -15  22
  7   5  11  16
 17   5  13  -6
 -6  -4  21 -20
 24  16 -20 -22
 23  17   7 -18
-14  16  17  -3
  1   9  13 -21
  9  17  -2  21
 24  18  20   7
-19  19  14 -22
-14   7   3 -14
  0  17 -14  21
-18  -3 -11  20
-21  15  15  -3
  5 -13  -8  18
-19  -2  14  14
-17  24   5   7
-22 -13  14   9
 23  -4  -5   0
-16  13 -22  21
-13  15  10  11
 -3 -13  -7 -18
  7 -16  10  10
 -9  23 -23  -2
 -4  -7 -17  21
 17 -20  -2 -10
 15 -22   2 -22
 -7  -3  -9  13
  0  16  22   4
 -4  -4 -20  22
-13  10  -5  23
-16 -10 -21  -2
 20  15  21 -22
 23  -5 -16  -4
 20 -16  -9  24
-14  18  23  19
-19 -12  13  18
-22 -11 -20 -14
 14  13  -5 -23
 -7  -9  20   6
 11  -6  17 -13
 -6  12 -20  10
  4  21  -4   8
-15 -16  23 -14
-12 -24  17  15
 -8  -6   0  24
-23  -6 -24   3
  6  14  -3   5
  8  -6  -3  12
 -8  14   5 -14
 21   8 -19  -1
  9 -21  -9  24
 10  14  -4  13
-19  22 -16  11
-12 -16 -19   8
  3 -12 -14   0
-11   7  20  -8
-15 -14 -22  -1
-11  24 -13 -19
  9  12  21 -10
-21  -5  11  22
 20 -15 -19  15
 18  -9  -9   7
 13  -6  21  17
 23 -12  -6 -12
 13  10  -4   4
-24 -20 -22 -13
 12 -16  10  15
 -7 -23  -5  -1
  7  12 -11  14
 18 -15  10  24
  3   6  16 -10
  5  -2  22   1
 -1   3 -13  -5
-14  16 -16 -21
  6   4  -3 -19
  3   2  -3  -2
 15 -11  15  -9
  6  23 -17 -12
 -2  18  24  -1
 21 -16  16 -21
-11   2  -8   3
  4 -23   6  18
 19  19  24  -3
 18   1   1  14
-17  17  -5  -3
-11  -6  -8  -6
  0  10   9  -8
-10  21  24 -20
 21  23   7  10
 -3 -17   4  -6
 22   2 -19   1
-11 -10  -6  -5
-16  -5 -19   7
  8 -12  -6   9
  7   8  11 -12
-24 -24  -7   8
-20  -3  -3 -13
-16   7  14  14
 14  20  12  -5
 -7  13  -1   2
 16  -9  21  -7
-18   1  -2  14
 -4  10   9 -24
-23  16  -6  15
 18  17   3 -20
 21  11  -3   9
 20  11  -1  13
 17 -13 -21   0
-12 -23   4 -18
  2 -14  -5 -16
  9 -14   4  10
  9  19  -2  16
 -2  18  16 -17
 23  -8  -4  -8
 23   6 -11 -12
 24 -21  12 -16
-10  20  -6  13
-21 -15   3  13
 -1  -3 -10  16
  6   0  11  23
-24  24  -6 -13
-19 -14  13  -8
-11 -20 -10 -10
 -5 -23  -2  11
  0  16  17  -4
  9 -12  10   2
 -1 -21   5 -17
-16  15  19  22
-24 -22 -23  11
-10  20  20   2
  2   4  -6  11
 18  -1   7  20
 14 -10  11  24
  9  19  19  14
-11  -7   5 -11
 14  15   8 -10
 -1  -8 -13 -18
-14  22 -16  16
 17  10   3 -18
  8 -12 -12 -22
 18  -9  -3   5
 13  21 -14  -9
-13   5   0  -2
 19  -7 -20  23
-11   3 -12 -11
 12 -12  -7  -6
 20  -2  -2   0
-17   9  24   2
 -9  -3 -15  10
  0  20  -5  -9
 23 -15  24 -22
-20  19   5   4
 10  22 -20 -14
  0  11 -20 -13
 -6 -19  18  21
 10 -10   3   6
-14   3 -12  24
-14  13   0  -2
  7 -18 -13  14
 14  -5   5  -3
 14  10 -13  -9
-21  17 -17  -9
 -5  -6   0   7
  1   4   8  18
 24 -17 -12  20
  5 -14 -15 -10
 -3  24  24  14
 18  21   9  -1
 -1 -21  19 -19
  8  10  21   7
 -4  -3  21  -6
 15   7  -9   7
 -3  16 -10  18
 15  -2   3   9
 23  12   6  19
-10  -1   7 -18
-18  -6 -17  -7
 12  20  15 -20
 14  10   4  18
-22  -3 -12  -2
  7  -8 -23   7
 17  17 -17  -3
 11  17  -6 -11
-21 -11  -7  22
  5 -16 -24   7
 18  -8  -4  -4
-10  13 -10 -19
 17   7 -15 -18
-15 -13  10  -7
 11  18  -4  15
-13   0   4 -14
 16  22 -21 -10
-17  -7 -20 -17
  6 -13   1  -5
 -8   2 -14 -19
 14  -8  22  20
  4 -21  22 -17
-23 -13  23 -18
  7   9 -13 -13
  0 -15   9  19
-18  14 -16 -23
 12  -1  13   4
 13   9  16  -9
 -7  -3 -15  10
  6 -24   7  -9
  1 -11  17  13
 19  -4   6  -2
-20   4 -20   3
-13  -2 -12   1
 -4  17   5  24
-13  11   3   1
 24  21   1 -22
-14   2  -3  13
 10 -13  22 -22
  2  12  21   6
 -8   4   1 -15
 24 -16  -4   7
 10   0 -11  -7
  1  -9   3  11
  9  15 -20  22
 20 -15 -10  -2
  2  -4 -12 -15
-14  13 -11  19
-14 -23   4   6
 12 -13   7   4
-11  23   4  11
 10  17  24 -10
-22   8  13  -3
 24   7  15  11
  6   1  -7  20
 20  -1 -21   3
-23   7   9  14
  2  17 -24  -4
 12  -2  12  11
 24   6 -14 -14
 -4 -21 -14  22
 11 -18 -18 -12
 17  10   3   5
  5 -15  22   3
 10  13 -10  23
 20 -16 -15   2
-20 -15  -8  21
 24   3 -24 -13
 22  14 -18   8
 16 -14   1   8
-24   2  21   7
 -9 -21 -22  -9
 10 -22   0  17
  3  11  -4   1
 -9  19 -24   5
  8 -16  17 -16
 19 -16   8  -2
 -4  22   0 -17
 16   2   5  18
 -6  18  13 -20
  7  -3 -18  -7
 24 -10   0 -12
  7 -22  10   4
 11 -13  24 -22
-18  19  16  -6
  3  22   7  -9
 -7  12 -13  -8
 13 -17  22 -16
 24 -24  22  24
-23  24 -12 -19
 -6 -20  17   4
-11  11 -11   2
-14  -3 -15  19
  6  21  19  17
  2 -15  -7  23
 24  -8  19  -1
  4 -17   0  13
  5  14   6  -1
-14 -24 -24 -24
-18   5  19   9
-18 -12  21 -13
 -4  19   4   2
-11  11 -13 -17
 -9  -6   1 -16
 16   8  -3  21
 -5  -4   6  -9
 -6  -4 -13 -19
  7 -12  -1  18
 -5 -14   7 -18
-19 -23   3  -9
  6 -11   5  -5
-24  -9  -3   6
 18   9  -6  -1
 -4 -12   0  -2
-21 -10  12  10
-15   0   3  15
 19  -8  -7  -5
-21  21 -14  22
 -9   5  18 -18
 11   5  -4   4
 15  23  -4   2
 -3 -21   2  -8
 10  15   8  -1
  9   2  19  10
-17 -12  -3  -5
 18 -24   9 -20
 16  -9 -12 -10
 23  -6  -1   7
  6 -13  18  -9
 22  12   4  12
  7  -1  11  16
-14  -2  11 -24
 20   7   2  15
  6 -18 -22  23
-17   0   4 -15
 19  -2  11 -22
-23  20 -17   6
 15   8  23  20
 -5  10   6  -8
-10 -24  12  18
 -1   5  20 -20
 -4  -2  19  15
 -7 -10   9 -23
 17 -19 -24  12
  8 -18  -5 -15
  3   1  -1 -24
 -9  -3   9 -10
 -9  23 -12  23
  5 -23   1 -22
  8 -21   8 -18
-14   1 -19  -2
-23 -14  -7  11
 19  16  23 -20
 -8  12  -4  17
 13  -1   5  10
 -8 -11 -22  23
 19 -17  13  -6
-13  -3  19   8
  9  15  16   0
-23 -10   9  -4
  9  -6 -12  22
-21  13 -22   2
 -5 -23 -18  17
 19   2  -5  21
-19  21 -22   8
-14 -12 -17  -7
-17 -12  -2  -7
 12   5  -9  -7
 10  19 -14   9
-15  -2 -22   7
 -9  -9 -21 -20
-17 -19   4  22
  2  21 -13  -5
 -2 -19  -7  22
 20 -21 -23  19
 14   9 -10  15
 11 -19  10  12
 22   4  -8 -17
-17 -18   1 -13
 13  12  18  14
 -4  20 -14  16