-10 -18 -21  17
 22   7 -13   5
 14   9 -18  -8
 -9  24  -3  12
 18  23   4  13
 -3  17  22  21
 10  15   6  23
-12 -18  -3 -14
-12 -12  22 -20
  8  10  -1  -4
-10 -23  16 -15
 24 -10   1  -9
 23  -3  -1  -2
  7  22  18  24
  0 -24 -24 -13
  7 -13  20 -23
-17  12 -16  -4
 15 -11 -22   0
-13  18  11  22
 -4 -14  22 -18
 16 -23  12 -23
-14  20  -1  16
 -6  21   2  15
  6  -2 -21  22
-10  -3  -5   5
 17  -1   9   2
-11 -10  22  10
-15   2 -12 -10
 -8  10 -19  -3
 12  -1 -23  17
 -3 -24 -13  11
-10  -8  16  24
 13  15  14   4
-16  -7 -22 -17
 21 -16  22  14
-10 -12  10 -22
-11  17  -6 -12
 18 -19 -22 -22
-14  -9  10  18
 11  -9 -16  14
  5  20  22  -6
-12 -16  18 -15
-12 -19  23  -3
 13 -16   7  -3
  3  -5  16   3
-12 -23 -12  16
 24  15  12  -5
 24  22  13  22
 22 -17  -1  24
  0  21 -18 -15
-10  -2  14  -9
  8  20   8 -18
-10  14 -13 -10
-16  -6   4 -17
-13 -18 -20  -8
 -6   9   1  15
  8  23  12 -24
 -3  11  14   1
-19   7  10   1
 19  23  -3   8
 -6  20   8   0
-19  -2  -7 -18
-12  14  15  -7
-19   2 -22 -16
  1 -18 -19   7
 -5  19  20  17
  2 -17 -15  13
-16 -14 -13 -15
-21   4  12 -21
 14   9  -8  21
 17  -1 -12  -4
-13  22   4  -1
-12 -15 -18 -22
-22 -22  15  12
 21 -17 -19  20
-10 -11  12   7
 -8 -14  -6 -15
 -6  17   8  -2
-14   0 -24 -11
  2   8  23   9
-20  -6  20   9
 -3  23   0 -13
 -7  -9 -24 -16
-15  24  -4   1
 24  -7  16 -23
 11   2   4  10
 17  19 -10   6
-12 -16 -13  11
 -7 -22 -10   6
-22  18  -9  18
-17 -23  20  10
-19  23  15   9
 14   3  -3   8
-10 -17  24   0
-22   2 -14 -10
-20  -6 -13  24
 -1  21 -19  16
-21   4 -18  14
 -5  21  -9  19
 10   5  23  -1
 16   2 -22  16
  8  21  15  16
 16   9  17   0
 24  11  14  23
  7 -21   3  15
-20 -24   8   0
 20   0   6  -7
-16  -2 -18   1
 -3  -7  18  -2
  5 -21 -11   2
 -1   2 -18   0
  9 -13 -14   1
 -8  -8  12 -23
  9 -21  23  -4
 17   6  -2  -7
  4   7 -14 -15
-10  -5 -23   2
  6  20  17  -2
 -1  -6  -7  -4
  5  -7   3 -23
 19   0 -16   8
 -8 -10  24 -15
 -5 -18  10  20
-22 -23 -18 -20
-22   8  23  22
-24   9  20 -19
  9  11 -12  22
 18  10 -23   5
-21 -24  18  -9
 17  17  19 -23
 18  19  10   0
  9  -7   6 -12
  7   0   8   2
-12  -5  -9   4
  0   3  -3 -11
  5  18 -22   5
 14   5 -13  20
-14  19  -3 -12
-14 -17 -12 -19
  6   4 -10 -21
  7   8 -15   0
 24 -16   5  -9
  7 -24  10 -14
  4 -19 -14 -16
 16  18  -4   9
 -5  -5 -10  15
 19   1  22   0
 12  -7 -11  -6
 18   6  -1   3
 20  14  -8 -13
 18 -15  17 -10
 11   9   7  16
-22  -1   4   5
  2 -18  -8  13
 -8  22  17 -17
  2   7 -10   6
  5  -1   8  -6
-22 -22   9 -10
 23  13  -8  11
 17  24  15  -8
-13  -2  -8   4
-12   2  13 -20
 18  -4 -17  -8
 15 -19  -2 -24
  7 -21  -5  -5
 16  10  -8   6
 -6  13  21   0
  9   8   6 -17
 -7 -11 -23 -21
  5  -3  -3  -4
 15 -17   0 -22
  0 -21  -7  -6
 -2  24  14 -21
 -8 -14  -5  23
 19  19  14  11
  3 -12  10   0
-22  -3  15  -1
 22 -19  13  14
 15 -19  15  15
-23  20  15 -18
 23  11   1 -23
-15  -6 -10   7
-24 -15   3  15
  1  12 -12 -14
 -4 -13   6 -13
  2  11  -9  23
 21 -22 -15 -15
 24 -17  24   3
-21 -16  19   0
  2 -22   2 -19
-12 -10  17   3
 22 -22   4  17
-13 -17 -21  19
 -9  -5 -14  16
-23 -24  20  20
 24 -12 -23  18
 -9  12 -15 -10
 16  15  -8   8
-10  10 -15   8
  5  10 -19   9
 15  14   5   8
  0   5  10  18
-15   0  13 -21
  6  15  24  12
-22 -14  -7  20
-24  -4   5   7
  7 -22  11  19
-16  -9   1 -11
  0   2  -4  18
 24  -3  22  -6
-24 -15  -4  18
-23 -16  -5  18
  1  21  22  10
-18 -17 -21  -8
-23  -2  -1 -11
  4 -16  23   0
-11  10  -6   7
 22 -23  15  15
 16  15  -9   8
-11   6  12  14
-20 -24 -18 -20
 -2  18   9  16
 -8  -8   4  -9
 22 -18 -17  24
 18  -4 -16 -14
-11   5 -24   9
  9   5   0  22
-17 -12 -12  -7
-19 -20  16 -15
 18  18   6  21
 21 -10  -6  24
-21   2  15   7
  6  -8   2  -6
 -1  -7  22 -14
-22  21 -18 -21
-12   1   8   5
 -1  -3  17   6
-16 -22  19  10
 17   9  18  22
 18 -10   9  -8
  2  14 -23   7
-17  21  -4  15
  6 -22   3   2
  2 -18  -4  10
 17  20  20   0
  7   3 -13 -24
-19 -23   7  10
-11 -14 -15   9
-22 -22 -14  23
-23   3  -5 -16
 21   5  -4  10
 18  -2  13  -9
-19   1 -10   3
-12  -3   9  21
  5  -2  12   3
 10  -2 -20  11
-13  21  21  19
-21 -10  14  14
 19   8  -7  16
 -1   1  22 -22
-21  15  -4 -19
  2  17  17 -15
 16 -12 -12 -12
 14  22  15  22
 11   1 -21 -17
 -5   6  -6 -10
 -4  21 -21  20
 -5 -21  11   9
 16  -9 -15  17
-14   3 -12  14
  2  22   2   8
  7  23   3   3
-11  15  24 -11
 11  19   0 -10
 20 -21  19 -13
  3 -19  20  23
-14  -7   7 -13
-18  -5  20  12
  3   8  23 -20
 -3 -17  12 -20
  6  -8  16   7
 -7  15   9  -1
 -2 -10  -3  14
  6 -24 -22  18
 10 -15  15   7
  6  -7  11   0
-16  -1 -20   2
-16  17  14 -23
-16 -22  -2  -7
 -1  -4   1   5
-14  22  14  12
 17  -6  15   0
 10  16 -12 -12
-18   0  -6  14
 14 -21 -19 -15
 19 -13  -5  22
 11   3  16  -4
-22 -21  -8 -13
 17   7   3   5
 16  -5   9 -22
  2  15  18  19
 15  -4   9  20
 15  11  -8 -17
 -3 -18 -13  23
-22 -23   1  16
 19 -17 -12  -9
 10 -18 -22   1
  1  -8  14  -7
  4 -10  -4  21
 -9 -14  23  -7
 -1 -21  23  11
 23   4 -14  11
-11 -22 -21  -7
 16 -23   6  22
  4  20  14  -3
 -6  10   0  15
  8 -16  11   8
 20  11   7  22
 -5 -19 -17  -8
-19   5  -7  -3
  2 -12 -23  15
-20   1 -10   0
 17  -5   1 -15
 10  -5  -2  23
-15  -6  15   5
 21  -8  -4 -18
 13   6 -18  11
  9   6   7 -14
 -6 -11   3  -9
 23  13   4  -5
-21 -22 -14   1
-21   6   4 -13
 18  17  14  -4
-20  10  -3  -7
  2  17  18   4
-12 -23  -4   4
 13  10 -12 -23
  3 -21  17  -6
  1  13   6  20
 19  13   2  10
  8   6  18  10
 18 -20   9   8
 -4   9   2 -21
 -9   3   1  22
 22  18   6   3
 15   3 -18 -13
 -8 -14  -8  12
 -6  -5  -1  -5
-15 -22  -9  23
 18  -7  21   1
 24  13  -6  -8
 21  19   5 -19
  7  19   3  -1
  9  10   2  -5
 -7 -11   7   0
-21  24 -24  23
  2 -24  13  23
 -7  -8  -7   3
 16 -14  13  17
  1  16  -5 -15
  4 -17  -9   9
 17 -21  16   9
-19 -14 -10  18
 13 -18 -17 -17
  0 -16  14 -13
 -7  -5 -20  -6
 -6 -17 -13   5
 21  -9  -6 -21
 -2 -17   8 -13
 14   6  15 -13
 11 -10 -16   2
 16  15 -17 -12
 19 -13 -21 -15
  0  13 -21   2
  7 -21 -22 -18
  0  15   0   2
-14 -11  20  -9
 19 -11 -16 -22
 18   5  21  -9
  8  -6 -17  22
-17 -24   9  21
 -8  21 -22  19
 10 -18  22  22
-14 -10  -6 -24
-21 -22 -14  10
 -5 -10 -23 -19
 -3   4  10  13
-20  14   6  17
  0  13  12  20
  5   7   8  24
 -5  10  -4   7
 13  22  -5 -23
 13  16 -14  -8
-24  21  -5  -9
 -4  14  15 -15
 20 -20  -1  21
 -6  -5 -20  22
  6   2   0  10
 -5  -4   4   1
 24  14  12   2
 -9 -12  -8  19
 23   4  19  -6
  7 -22   2  18
 16 -12   4  -5
 18  22 -20  -9
  0   2  -9   8
 -9  21  18   3
 -7 -14 -14 -16
-21 -15 -12 -23
 -5 -12  19 -19
 -7  -8  21  17
 -1 -12  21  17
 -7  19 -21 -14
-16  -7  -8 -21
 -5 -11  10  -1
 20  19 -16  18
  9   9 -10   2
-18  -2 -19   5
 22 -18  -1 -21
  7  -6  -8 -16
-14 -22 -17 -16
 20 -13 -11  16
  2 -22  24 -16
 17 -18 -13 -20
-13 -16 -22  17
 12   1   8  17
 19  19  23  -7
-14  14  24  -6
-23   5  22  -4
-10   1 -21   7
-21  -4 -18  14
  7  -7  18 -13
 14 -21 -17  -4
 -5  -6  -5  18
 23   9  -9 -14
-17 -10  12  16
  1   2  17 -15
 12  19   9  11
 24  21 -14   3
 13  13   8  -1
  4  -4   5  -4
 20  20  24 -15
 -5  15   9   0
-24 -15  10 -19
 13  -5  17 -19
 17  -3 -14   7
-23 -22  14  22
 21  12   0   7
  6 -11 -10  11
-17  -6  13 -16
-14 -10   3 -11
 15  10  18 -21
-22  -1  11  -5
 13  -3  14   6
 13   6   2   1
 19  15  -3  20
 -5  -1   5 -16
 -9  -1  -1 -19
 17  13  18 -24
-13  -3 -16  -3
 18  23 -14   6
-14 -23  21 -16
-13 -16   9 -13
  1  -1  12 -21
-11 -22 -17   9
  5   2 -23 -12
 18  -4 -20  15
 -5  22 -13 -12
 -8  19 -13  17
  8  -4  -4   9
 12   0   8 -23
-16 -23 -14   9
-16   7   7  24
  1 -18 -22  11
-19  11   5  11
  9  14   0  -8
 18 -19  -7   8
 -9  12  -5 -19
-19 -24  15  17
-17  19 -15 -13
 23  10  18  -7
 -3  22   7  11
 10   9 -23  12
 18  -5   0  12
 -3  -9   2 -20
-16  10  16 -18
 15 -19 -15 -20
 10  22 -23  17
  0   8   6  10
 -8 -17 -10  17
 10 -21  16 -21
 -8 -21 -10 -17
-13 -13   6 -15
  8 -16   0  -7
  2  17  20 -24
 10 -15  13 -23
 23 -15   0 -23
  8   7   0  20
 18  -9   8  -7
 -1   5  11  16
  1 -15 -22  16
 24   1   9  20
 10 -20  -4 -21
-16   7  12  -5
-12 -11  10 -15
-23 -17  23   3
-18   3 -19  12
 -5  -5   6   6
 12 -20  -7 -20
 17   9 -13   2
-21  23  -7 -12
-14 -16 -21 -20