-19  -2 -22   4
-13 -15  13 -12
 15  23  19 -14
 21   6 -14   2
  8  -9 -23 -17
  3 -11   5  17
 19 -10 -23  13
 11  -9 -11   9
 -2  11   5  11
  5   2 -11  11
 -1  19   5   0
  1 -15  23 -14
 15 -17 -22  -6
-15  -1  -9 -16
 23   7  -1  21
  6 -13  20  -8
  7 -19  12  -9
 -1  22 -12  -6
 11 -18   1  13
-10   3   0 -19
-14 -14 -20 -17
 -3  19   3   7
  1   5  -2 -24
 11 -11  -3   6
 17 -23   8  -8
 13 -24  -3  11
-16   6 -21   0
 12 -24  20 -24
-21   3  -1  -9
 -4  10 -14 -23
 24   6  20 -15
-13  19   8  -8
 21  14  10   7
-23  10  -7 -21
 -8  20  -1  -8
 -7 -16  13 -15
-11 -22  -5  -3
 13  12  12 -18
-10 -24   4   1
 11 -16 -10   8
 21 -18  16  20
  3 -24   9  -3
 24  12  21  10
-22  11   4  11
  4 -16 -16  22
  1  22  -1  16
  9  -7   4   6
 19 -17   3 -23
-16   5  23 -11
-24   7  22  16
-17 -11 -13  22
 -4   3   6   5
 24   1 -14  13
 16   5   3  -3
 12   2   2  22
 14  -6  -9 -16
-23  18  -1   0
 17 -19  -5 -16
 -6  -2  -5   9
  1 -13  -8   0
 -1  -2   9   8
 -8  12 -18  -5
 11  22   1 -11
  0 -10  21 -13
  7   6 -18 -22
-17   2 -11   5
  7   4  16   0
 13 -19  12 -17
 10  -7  10  -6
  4   8   6 -19
 21 -13  22 -16
  4   3 -18  -3
  0  -4  18 -10
 -8 -19   5  -1
 18  -6  24  17
 18  22 -12  -3
 -4 -23   7  14
 12 -20  24   8
 -1  -5  19  14
 12 -18  16 -21
-14  23   0 -13
-24  21   1  18
  3 -24  16  16
  9  12  -6  18
-13  12  15  -1
-16  20  11 -15
 -3  13 -15  -6
 20   4   4  17
 -9   4  20  -5
-22 -20 -10   7
 -9   1 -10  16
 19 -15  -3  -1
-22 -12  21  24
-16 -12  10   0
 -1  19   9  17
-14  -6 -11  18
  3 -20 -14  10
  1 -15   5  11
-11  23   1 -19
-15  -3  -5   5
 12  -9  23  -1
 22 -24   1 -14
  7  22 -18   8
-21 -23  -7  17
  7 -15 -19  20
 18  23   1 -18
  2 -12   7 -12
 -7  15 -12 -21
  1  21 -20 -18
 10 -12 -17 -19
 18  -7  11  15
 22   2 -22   8
-23  18  -8 -10
-13  22  14 -18
 17  -4  18  12
 -4  -7  -3 -21
 17  -1  22   7
  1 -15  15  12
 -2 -11  -1   3
-14 -24  23  23
  8  14 -23 -19
 -2  18  -6 -17
 17  -7  22  23
  5  -3 -23 -21
-10  12  -9   1
  5 -10 -21  -2
 15   0  20  -3
 12  16  21   6
 11 -18 -12  21
 17  -9 -16  11
 19 -18  -9 -20
  6   3 -22  23
-11  20   2   6
 15  16  10 -12
 -3   0  20  -9
  2 -13 -16   3
  0 -12   4   4
 12  13   6  -8
 13  -5 -10  12
  4  17 -17 -18
-20  20  -5   0
-24  10 -23  19
 -2 -15  15   5
-10  -6   8   6
-12  -7 -16 -15
 18 -18  14   3
 10   9 -17  -9
 -4   3  -5   4
-24   4  23  -3
 21   5 -22   4
-13  15 -20 -15
  2   1  -5 -17
  9  -4 -16  -5
  1   1  24 -14
  6  -8  -9  11
 23   9  18   3
 21 -14  -7  -4
 12  11 -11  -4
 -9  -7 -21  -9
-11  24 -17 -15
  5  -8   9  16
  9   9  24   9
 -7 -17   0  -9
 19 -22   0  -9
 -3 -15  16 -24
  7  11  18   7
 24  22  24   6
  2 -14 -16 -17
 24   5 -21  17
-20  11 -17  11
-22   5 -23 -18
 18  17   4  -7
  7  -5 -18  11
-21   8   4  13
  7  24  11  -7
-22  20 -12   2
-20  -2 -10  -1
 -2 -22  -7  15
 -6  -6   4  20
  3   9 -15 -16
 24   2   0 -19
 14 -21   0 -17
-22 -14  19  -3
  0  14   9 -11
-12  24 -12 -14
-19   0  -8  17
-17 -15   6 -12
  6 -23   0  19
-17   5   3  18
  5  -6 -10  17
-20   9 -12 -19
 14  18 -13  19
 13   4 -18   2
  1  -9  18   7
 24  22 -10  -7
-11  -1  23   2
  3  20 -15  11
 15  -8 -14 -24
  9 -21 -13  18
 15  -7   9 -23
 15  21   0   1
 -5  -2 -22   3
  1 -12  18 -20
-23  -8 -14   4
 23   2 -10   3
-19  -5 -13  12
-20  21  16 -21
-13  11 -15 -15
-13  -4  14  14
  7   5  13  18
-23  -7 -22   4
 -7  -4 -12   9
-16 -20 -18 -16
 -3 -19  -5  -8
-17   8  16   9
  6 -10  22   1
-23  -5  13   1
 -5  10  11  21
-24 -10   0  17
 12  19  11  11
 -5 -21  15 -20
-13 -21   9   8
 -1   8 -10  -9
 20 -17 -15  15
 13 -20 -11   1
 20  22  10  -2
  6  14 -17   4
-23  18  18  14
  2   0 -20 -18
-10   9 -23  -2
 -2  23   5  15
 19 -10  21 -18
 -1 -13  10 -22
  6 -11   0  18
  9 -11   8 -24
-22  -2  12  -3
 22 -11  14   0
  2   3  -1 -21
 14  -4 -12 -14
  4  21   6  16
 11  21  21   4
 23  -2  -6 -19
 12  12  11 -17
 13   3  21  -8
-13   4  -9  17
 13 -16 -15   1
-10  20 -11 -15
  6   3 -23   2
 22 -15  23 -15
-14 -15 -15  20
 20 -21  -3 -18
-17  -1 -16  -2
 10 -20  12  -4
  5 -11   2  -5
  1  18   7  19
-15   6  18 -10
 24   6  -8  15
-17 -12   7   0
 15  12  -3 -17
-16  18  -9 -22
-10 -10 -12 -13
 14 -17   2  -1
  6  -4 -10  -8
  7  14  12   1
-10  12  23   9
  0  14  -9  11
-10  21   2 -12
 13 -16   6   0
 18  21   1 -18
  2 -21  -7  -4
-15 -20  13   4
  3   4  16  14
 -4  -8  10  -5
  4  14   2 -10
 -7 -21  11   2
-15   7   1  24
 13   9   0 -19
  2   2  -4 -21
-16 -15 -23 -21
-13   7  -3 -11
 22 -16  -4  24
 -9 -20  -4   1
-11 -14  24   9
-20 -18  12   7
-18  13   5  19
 13  -9   2 -10
 10  16 -12 -16
 10  23  23   2
-22   4  -8 -11
 -4   8 -20  14
-12  -7  -7 -22
  1  10 -15  -3
 23   0  17 -10
 -9   1 -13  -3
-13 -14  15 -10
-12 -19  14 -23
 21  15 -13   8
 24   0   1  19
 16  11  12 -17
 22   9   2  19
 19   0   1  -2
-16 -16 -20  11
-23   6  19 -18
-15  -7  17  10
 20  12 -16   5
-15  -2   3   9
 21  13   0  17
-18 -16   8  11
 22   2  -6   9
-22 -24  -1 -13
  0  19  20   8
 -8   4 -23   0
-21 -11 -14 -11
-18  -2   4  -8
 19   3  13 -19
 14   5  16  -1
  4 -21  -6  -2
  5  18  -5  11
 12  -9  -5 -11
 -2 -21 -22 -11
-20 -16  -8  22
  1 -11  12 -15
-19  24  12 -17
 -1  15   0 -16
 -5   1  -4  -4
-17  24  16  14
 24  -3  22  15
 18 -23   2   4
 16  18  -4 -19
 14  -3  -3   0
-19  -7  16  23
 20 -14  -4  -3
-14   1 -10 -13
 11  16 -18 -13
-16  13 -18 -16
 11  -2 -18   7
 -7   3  22  10
-11  23  10 -20
-19   5 -24 -15
 18 -12   2  20
-21  15   6   5
  3  -1  -1  10
  6 -12  -1  12
  8  15  21  13
-11 -13  12   5
 19   6 -11  13
 17  13  -5   8
 -6  10   6 -12
 -9 -13 -12 -12
-21   1  -8   0
 19  15  16   7
 22  24  13   0
-13  19  -3 -13
-15  -7  -9  -3
-10 -22  -5 -12
  4  -1 -18 -12
-20  11   0 -13
  1  -6  -5   9
 15 -22  -7 -11
-17 -18 -15   8
-22 -14  21  20
-21  -8   7   2
 16   2   4  -8
 -1   4  -9  11
 15  14  -9  24
 -4   3  17  18
 14  15  11   4
 17  20   7  13
 22   0 -17 -18
  3  18 -22  -3
  3  -3   6  15
 22 -22 -19 -16
 21  15  22   1
  9   9  20  24
 11   3 -13 -10
  8 -13  -3  -3
  5   2 -16  -7
-10  -3 -13   7
-10  -1  -6   6
-20   5 -17  -5
 -3 -11   9  -9
 -2 -10  -3  21
 24 -14  22  -1
 12 -22  11   9
 -4  20  -1  -7
 -2 -19 -16   5
-13 -21  17  13
 21   0  13 -21
  3 -23 -16  11
-12  -2 -12 -21
  0 -21 -23 -12
 17 -16  -1   0
-10 -15 -11  10
-13  19 -13  -1
  4 -14  -3   6
-16  20 -17  -3
 23  18  -3  19
 17  -4   0 -17
-23  -1   6   3
 13   1  14  17
 11   5 -20   8
-21  -2  13  -3
 23   9 -24  -9
 -5  -9  11 -20
  9 -12  17  12
 10 -10  -4 -21
-10 -15 -11 -10
  3 -11   2 -12
 18 -20  19   6
-22 -15  18  14
 18  -6  -1  19
 -6  -2  18 -11
 -5 -10  -6 -11
-12  18  19  22
-24   2   9   0
 -1 -13  16   6
 21   5   2  11
 -5  -6  -6  24
-15  -8  -9 -19
 -6  -2  12  14
-11   2  -3   1
-16  -2  19  -8
-17  -2   1  -9
 15 -19 -11  24
  2 -14  14 -19
  1  14  23   9
  3   3 -16 -21
 24  13  13   7
 -6  -7  -4 -18
  5  -2 -19 -14
 -8  -4   1 -13
 -8  -4   7 -21
 -6 -15   7  17
  3 -11  22  12
 -4  18  -1 -15
  6  -9  12   2
 12 -13 -21  14
-16  19   2   7
  4 -12  -5  -4
 18  14 -22  11
 21   0  -5   9
-20 -24  21   7
  0 -24  19 -13
 -7  19  -5  23
  6  -5   1   2
 -1  -6 -20 -24
 11 -14  18  15
-10  -8   3  15
  7 -12   0  22
-22  22  -8  13
 -2 -16  -9 -23
-16 -11  -9 -16
  2  24  10   2
 -5 -23  -4  -9
 15   6  12  22
 -2  -1  24 -16
-23  -9   0  15
-18  -2  21  -8
 15 -10 -20   9
  3   8  17  -8
-10  10  13  -8
  4   9  15  -7
  1  14 -17  20
 -1 -13  -5   6
-12   6 -17  15
 -4  -7 -11 -14
 -1  -9  18 -18
 12  -9   1  -2
 17  14  -9  -9
-13  12  15   0
-17   8   5  19
 14 -24 -20  13
-16  -4  24 -16
-19 -16  14  16
-18 -17   1  -3
  9  23  15  24
-21   2 -19 -11
-16  -2   6  10
 15   6 -19 -18
 18   0 -17  18
 17   7 -22 -22
  3  22 -21   1
  6 -20 -23   7
 -7   5  21 -19
-17  17  12   9
-24  21 -18   0
 19   7   0  -4
 -8   0  15  10
  0  -7 -15  -8
 18  14  13   4
-11  19   0 -18
 13  -2  14  23
 -7 -13 -14  19
  4 -20 -11   4
 -3  15 -12 -10
  9 -15   8  18
  5 -13  -1 -20
-19  15 -12  24
  0   3  23  -9
-10 -11   8  -2
-16 -20 -15   3
-13   2 -16  16
-23  -1  10  13
 23   6  16  23
-11 -23  18   6
-19 -13 -19   0
 -5  -9  23  17
 -7   8 -20   0
 22  -2  -8   9
  5  21  14   8
-11  20 -22   0
 16  -3   3   6