  2 -12 -14 -24
-13  12  18  23
 -2  20 -11   1
-15   0   2 -20
 -8   5  -1  -8
 10  24   3   0
  0   1   3  11
  7  -7  24 -13
 10  13 -18  11
 15 -13  13   9
-24  17 -18   9
 -5 -20   5 -12
 -7  11  23  -7
 -8  -6  -2  -3
 -3  -5  14  -4
  8  24   4   3
-12  -9  -8  20
 -1   0  23  13
  3  11  19   1
 -3 -15  22   1
-10   0  19 -22
 13  -2 -17   4
 14  17 -22  24
-13  19  10  -6
 14  23  -7   5
 -1  14 -19  15
 21  -2  -3  -1
  4  -5 -10   3
 16   2  -5   6
-14  18   8  11
-19  -8  13  -6
  5  -1  -1  -6
 -1  -3  12  -7
  9   6  -2  24
  5   7  23  -9
 -5  -2   6  15
 -7 -21  18  -4
  5 -15   6  10
  6  -1   4 -11
  0   4  17  22
-24   2  12  -4
 -5   9  22 -18
 -3  21 -14  -9
 -3   3   0   1
 14   2 -11  -9
-13 -13  15 -23
  3   5  -1 -13
 -8  21  16  -6
-15  12 -11 -15
 12   5   7  19
 -3  -1  13  -7
-21   1  18 -15
  5  -3  -4 -17
  2   2 -16  12
  2  12 -13   4
 -3  -6  23   6
-24  15 -18   8
 -3  24  15 -17
  3   5   7  13
-13  -7  10  -9
 20  -3   3 -22
 20  19  22   3
  8  12 -17 -12
 15   0  -8  -9
-16  16 -20  -7
  5   8  16  16
-13  -8   1   1
-17  -9 -21 -11
 21   0   2  -7
-17  -9 -17 -16
  4   1   9 -17
 15  19 -20   4
  5 -16  -2  12
  5   7 -21   9
-22   7  17 -10
-16   0 -10  -2
-19  13   2  19
-23   3  -4  -9
  7  -4  15   3
 19  15  20  13
  0  -1  -7  -6
  3   9  -2 -14
 24  -9 -10   4
  6  21  14   5
 -5 -11   7  11
 23 -16  23  19
-22   7  -6  -6
  6  -6   2 -14
 13  13   1  -6
 17  -1 -19 -20
-19  -5  -3   2
  2  -8   4 -18
 -8 -18   5   8
 11  20 -12   4
 14  12 -17  17
 20 -15   6   0
 -3   0  24 -13
  2 -22 -17  16
 12  11  21 -10
 11  -2   3  19
 10  -7   0 -12
  2  -9 -10   2
-14 -16  22 -24
 14   0  24  10
  7 -11  10  -7
 19 -24  -9  -8
 -9  -3  11  12
 19   7   0  15
 -8  11  16  -1
-19  12  -2   7
 14  23 -15  13
-21  10  22   0
  2  16  22  14
 -4   6  -6  24
 -7  13   1   4
-17   1   4 -19
 -2  19   0  23
-12   8  -1 -10
  4  11   4   8
  5   4  -6 -14
  6 -10  13 -17
-24   2 -15 -11
-14 -11   2  23
 10 -24   8 -14
 -9   3 -16  -6
-16   0  19 -16
-13  20 -17 -21
  0  -3   5   7
-11 -11  -1   2
  7 -20   9  19
 21  11   3  -9
 18   7  13   3
 19  24  13  -6
  1  -3  16   8
 -4   1 -15   7
  8   4  20  16
-22 -11  14  -2
 -8   6   1 -20
 -7 -12   5  -7
 13 -21   9   3
 -3 -21  -5  11
-13 -17 -21  13
 -8  22  13  14
 -1  -5  17   4
  3  10  22 -12
 16   2  11   1
 -2  -3  19   8
 -5 -13  -8   7
  8  10 -17  -9
  3 -11  -6  -7
 -9  -4  12  10
-16   5 -10  10
-20  -3  17  17
-11 -18   8 -16
 -3  -3 -16  20
  0 -15   4 -21
 14  -1   5 -12
  7  20 -17 -16
  7 -10 -16  -1
  3 -10 -12 -10
-12   4   8 -16
-20   4  -9  -7
  3  16   8   2
 -5 -10  -4 -19
 -8  -8  21 -11
  3  15  22  10
-16   8  13  10
 -2 -18   5  16
 -7   5  13   4
 11   9 -18  -6
  3  20 -11 -18
  8   8  -1   3
  0 -20  -3   0
  8 -18  -9   8
 18   9   2  -3
  5 -19  -3 -23
 15  14  12   0
 10   0  -2 -21
 22   7 -14   3
-24 -16   1  -7
 -1  -4  -6  11
-23  10  -2  16
 12  12  -1   3
 -3  -4  -2  -4
  5   8 -21  -7
-22  -9 -13  12
  2  11   3  13
 -4   7  -5  21
  8   0  -9   4
 22  -7 -12  19
 13  16   2   1
 19   8  20  12
 -7  -3 -16  -3
-16   7 -19  20
 15  -7 -16   7
-13   2  20  -4
 10  -1 -13   9
  9  20  16  16
-13  12 -16 -19
 -1  -6   5  17
-21 -11 -15  -5
  0   7  -2   6
-24   8 -18  12
 -2   4  -4  -7
 -9  -8  13   7
 17 -15  -1  10
-16  12 -10 -20
-17 -14  14 -14
-11   7   9  -3
-12 -13  -4   8
-20  -4   1 -22
-16  -7  -3 -16
  4 -19   0  17
-15 -20 -18 -18
-10 -23  12 -19
-10  -7  21  -6
 -3  -3   8  13
-15 -24  -4  16
 22   9   2  -8
 -4 -23   9  -7
 -8  -2   2 -17
-17 -19 -10  19
  0  -4  12   0
  5 -20  -3  -5
  0 -11  18  -8
 13  15 -11   2
 -9 -10  11  -1
  9 -18  12 -22
-20   2  21  17
 -6   2 -11  21
-17 -17   9  14
  0  -2  13   7
  2 -15  -1  10
  8  17 -18  -9
 11 -12  24   9
  1  -7 -20 -16
-20   5 -21 -16
 -1  -3   6 -19
 18  -4  19  12
 13  14  11  -4
 11  11  -5 -10
-23  10  17 -22
-19  13  -9  12
  4 -18   6 -17
  1  -7  12  -8
 23 -17  11 -20
 -5  -4   3  14
-15   4  -5  -5
-15  -3 -14   5
  8  18  10  -1
  6  10  23  -2
  9  14 -13   1
 -3  13  -3  19
 13  -3  15  16
-14 -10  18 -19
 23 -15 -20   8
 10 -11   2  10
-10  -2  23   1
 14 -12  -3 -11
  0 -24  -2  -8
-19  15  -2  16
-19   3   6  -9
 -3  10  -4  10
 -4   5  14  14
 15   3   0  24
  5  -6 -16   3
  8  22 -19 -18
  0 -19  10 -15
 18  -1  -9   2
  7   5 -22   5
  9   1  -8  -1
-21 -16  -3  -8
-17  -8 -19  11
-10  19  -8 -14
  6  -1 -23  -5
-20  24 -11   8
 14  20  -1 -12
  5  -6  10 -18
-12  -6  -2  -2
 16  -1  -6   4
 10  22   9  -2
-20   8  -8   6
  1  -4  16 -22
  0  -2   4  21
-17  24 -12 -10
 13  20 -15 -17
 10   1  11 -15
  9  -3   6 -16
 -4 -15  -5   9
 17   9 -20   4
 18  -9 -17   1
-15 -11  -3 -11
 -2  10  12 -12
 -5 -11  16  20
  2 -16  -8   9
-17   7  22 -20
-18 -13  -9  -2
  7  -8  -4 -19
  1  -6  -5  -4
 16  -7  15 -10
 -3 -15  -5  -2
-17   4   0   1
 -1  -8  14  -4
 -9  14  -2  -2
-13   6  11 -22
 -1  -5  -1  -1
  0 -12 -15  -9
 22   4 -10  24
-12  24  12  21
  0  -3  17  23
 16  17   0 -11
-14  -4  12  18
 -9  12  24  17
 -9  12  -1   1
-22 -21  -2   8
 17  10  -8   7
  3  -5   4 -11
 -6 -21  20   8
-14   9  21 -19
  3  -9  -5  -8
 -9  -7   6 -10
 -9  23  18   6
  1  10  -8 -12
 -8 -22  -1  -9
  9   3  -2 -12
-21  -5 -21  -5
 -5  24  -9   5
 -8   8  -4  -7
-12  20  -1  23
 -3 -20  11  23
 -6   8  -9   2
-23   0  10   9
 -3 -20 -15 -21
-11 -20  -1  11
-11   5   4   4
 23   9  -4   3
  8  -3   4  19
-10  -5  -6  16
  0 -18   1 -14
-22  11  23  -9
  3 -15  -6 -15
  8   3 -14  14
  9  11  -1 -14
 -4 -22 -18 -19
 -5 -24 -20   6
  1   6  20  11
 15 -12  -2  -4
-12  -3  -6  19
 17   4 -12  14
 19 -13  -7  -6
  9 -23 -10   1
-24   5  15 -17
  0   0  -9  -8
 -3   2  -6  -6
-20  13  -4   2
  9 -11   0  16
-16   1  11   0
-16   0   2  -8
 -3  21  13 -17
 10 -24 -11 -11
 18 -22 -20  23
  7  14  21 -24
 -1  -3 -14  24
 19   4 -15  18
-20  11  11   3
 -7  12   4  -8
  1 -12  16  24
  1  -7  10 -22
 -1 -18 -11  -3
 20  15 -10 -23
 -8  -8   1  -5
 21 -13   9   4
 17  11  19  -9
 -2   0  -1   4
 -9  24  -5   3
  1  19 -23 -19
 14  11  19  -5
 11  14  24 -16
  9   8  21  -9
 17  18   6  -4
-17  15 -12 -17
 -3 -12  17   6
 -4  -8   8 -18
 11  10 -19  19
  7   4   4  13
 21  -5   8   2
-13 -14  18  18
 15   8 -10  17
  3 -12  -7  -8
 -8  -6 -13  -9
  2 -23  -6  13
-19   4   4   0
-19  18  21   0
  3 -18   1  15
-18  -3 -11  -5
  0 -18  23  17
 17 -24  13  -3
 13  -7   2  24
-11   2  -1 -15
 -1  20 -20  -7
 12 -16  12 -10
  7  16  -1  10
-15   1 -17   5
 11 -15 -17   5
-11  24 -23   7
 -9  -1   3   2
 21  -9 -17 -21
-23 -18  12 -17
  7  -9  -5 -10
-20   8  -6  -7
  3 -15  12  16
 -8  20   5 -19
  5  17  -8   9
 24 -14 -14 -18
 -2   3  -6  -5
  6 -11  13 -18
 -2 -21 -18  14
-23 -14  15 -13
  9   3 -22  -6
 -7   5  -6  -1
-18   3   2   7
-12 -12  19   3
 15  22  -9  14
 -1  -7  -7  15
 -3  18 -16 -12
  2 -15  -3  24
-17  14 -11 -14
 11  -9   0  22
-15 -11  19  14
-15   9 -15   9
 -9  21 -16 -18
 -5  24  -3 -15
 11 -13   4   9
  8   2 -24 -19
 -1   9   8  13
  7   2 -10  -9
-16  16  -1 -10
-14  16   6   6
 14  -1   8   7
  1   2   7   6
  5  -6  22  11
  5  19 -10 -15
  5   6  13  -7
  1   0  20   3
-16  14 -11  23
 21   6 -11  23
 -2 -19 -23 -11
 -8  -6 -20  -3
 -6  -8  12  17
-20 -16  20  -2
 19 -13  14 -23
-11   2  21 -11
-10 -14  19  24
 19 -18 -10   2
  2  22  18  -7
 17  18  18  -8
-20   7 -13  -2
 -4  -2   3 -18
 -1  15  -1  -9
 -1 -10  15  12
-23  -7 -21   9
 10 -15 -19  14
 -2 -11  -2  19
 -1 -24 -19 -17
-17  -2  -2  10
  7  15 -13   7
-16  17  -9  22
  6   4   9  18
-18  -9  10   9
  9 -21 -13 -21
  3 -15  -3  -2
-15  -2  16   9
 10  14  11   8
-13  24   3  15
 -2   0  23  20
 -6   2 -14  19
 -4 -16   5 -10
 -4   7  -3 -15
 -4 -18  13   4
-10  -1  -3  23
  9 -18   1  17
  8  10 -13  22
  5  12  20  -2
 21  -8  -5 -20
 -5  -7  -5  -1
-16   1  12   8
 -8   0 -15   5
-18  -1 -16 -24
  9 -17 -10  -5
-21  -8 -11 -17
  3   9 -16  -3
 13   3  17   4
  7  -5  -7 -10
-17  -2  -7   1
 -6  -7   5   4
-22  -9   5  -4
-19  23 -16  11
 -1  -3 -12  -8
  0 -19   0 -17
  2  16 -12   8
 11   6   0   0
  4 -17   5  -5
 -3  10  19  -6
  4  10   6  -7
 20   6  -9  17
-23 -10  18 -13
-18 -12 -14 -16
-22   2  10 -21
 15  -4 -11   4
-18   9  14 -11
-21 -19   2 -16
 11 -13 -15  -4