  6  -7  12 -18
-15  22  10   0
  3  16  -3   0
 11 -15  16  24
 -7   8  -3  18
 15  13 -22  12
 17  -9  -9   3
-16   9  -1 -17
-20   5 -16  15
-10 -11  18  24
  6  12 -21   0
 14  -7 -22  -6
 15  -8 -15  11
 20   4   0  24
  3 -22  19 -15
  7  13  -1 -13
-14  24 -18  19
 23  12   7 -19
 12  12  14 -24
 16  14 -19  -1
-21 -12  12   9
 -7 -11   4 -24
 11   0 -18  -4
-12 -15  -2  -4
 18 -16  -9  -5
 11 -22  15 -13
 -3  10 -20  17
-10  -5 -17 -10
  2 -11  24  12
 13 -20  -3   2
  7  -3  22  -3
-10  20 -14 -23
  5   9  16   6
-11 -15   2   5
  7   2   6 -12
 -9 -22 -17  12
 11  10  -8   9
-20  -3  -1 -20
 -6   1  -4 -11
-23  -7 -22  -5
 24 -19 -18  10
-10   7  15   8
-16 -10  -1 -11
 16  -1  15  -5
-14  18 -18  10
-10 -14  -1 -19
 -5  22  23  22
 16  10  -6 -20
 23  -1 -12  -4
-23  17  18 -20
  4   8  10 -24
 -8  -2  -4  -8
 20  -6   6   0
-24  -1 -19  10
 13   8  -1 -13
 -6   2  16 -22
 15   0  21  -7
 23   5  15   7
  6  11  -9  12
  4  20  -7  17
-10  14   8   0
 21   8  -7  -2
 -8 -11  13  -3
 18  17  -9 -16
-24 -23   3  -7
-20  -8  -3  -3
  3 -20  -6 -13
 -7 -11   5  24
  2  10  -9 -12
  6   3 -11 -15
 -7  16  15  -1
  4  16 -15  11
 12   5   2   6
  5   7  -6   2
 12   9 -13  13
 -7  21 -13   9
 -1 -12 -13  23
  3  15   8  -7
 22  -5   1  15
 15 -19  14  -9
 -3 -15  -2 -22
 -6  18 -11  -1
  8  -6  20 -13
 -3 -22  -4 -19
 -7   4  17   3
-23   0   1  12
  0   5 -20   9
 -7   5 -21  -3
 17   4 -13   0
 20  -3  15   8
 12 -16  -1  -5
 -5  -9   3  -7
 16 -18 -23  -6
 24  14   8  18
 19  20  -8 -15
 12   5 -14  -3
-15 -24  13   1
  0 -17  19 -15
 -9  -5  13  13
-15 -18  24  -8
 11 -19   7  -7
  8  11 -23  16
-23  12  23  22
 10   7  -8  16
  8   9  12 -15
 21  -3  -5  -3
 14 -13  18 -16
 21   2  12  15
-12  -5   7   1
 -2   6  -5  -2
 -1  -4  20  -9
 18  13   1   0
  0  -7 -10 -21
  6   8   0   6
 20  20  16  18
 11  13  -6   6
  0  -3  -9   1
-13   3 -22   6
  9  13  24  22
 -2  12  -9  -6
 -2 -18 -17 -22
-10  -2  14  -5
 -1 -10 -24  -7
 -7   4   2  -5
 -3 -10 -18  18
 10 -18 -21 -18
  3   4   9   0
  4  11 -14  23
 14   0  -4  17
-20  19  21 -10
 -6 -14 -13 -12
 23 -11  -2   7
 18 -14  -3  -3
-14  -8  16  24
 22   4 -23 -16
 10  -8   6 -16
-18  -1   7  21
  0  18 -13  22
 -7 -14   8  -3
 23   1  22 -16
-21   6  24   1
 -5  -2  18  -8
 10 -14  -7  23
 10  14 -21  19
  7   1 -14  -8
-11   0  21 -11
 17 -10   0  -5
 -9  15  13   0
  7  -4   5 -16
-21 -20   8  17
 10  -8   6  18
-22   4  -5 -23
  4  11  -7  -5
 -9  13 -17 -18
-23  -2   3   5
 20  12  -1  10
  0  15   1  20
-14   2  13   0
-22 -14   1 -10
 -2  10  -2  -4
-18  10  19   1
 18  -1   7   1
 -7 -15 -14  13
-14  -7 -13 -22
  1 -10 -16  -7
 -4  21 -12 -17
 13  18  -7  -7
 10  -2 -21 -12
-23 -12   0  12
 -1  -9  21  12
 16  21  12  14
 -4  -8 -17 -12
 15 -13  13  14
  3 -10   1 -12
 10 -11  21 -17
 16  -2  20  23
  5   2 -14   4
 -8   7  19  -8
 -1  22  18  14
  9   9 -15  -9
 12   4  17  -2
 -6 -13  20 -21
 -3 -18 -10 -16
-24 -11   9 -10
 17  -2 -16   0
 17 -17  -2 -24
 -3   3   4 -20
  8 -16 -20  -6
  5   8   9 -14
 22   0 -18 -14
-13  17  -2 -20
  1 -10   5 -24
 23 -13 -22 -13
 13  -2   0   5
 -9  15 -23  -1
  7   1   0 -19
 -5 -14  -7   5
 -7 -15   7 -20
 -7   6  20 -19
 -6 -22  -6 -19
-22 -13 -20  -6
  0 -12  20   5
  7   1   9 -24
  1  -3 -16 -14
 -5  -6  -7  22
  0  16  -8  -9
  2   2  11  13
 12  16 -20   5
-22 -21  20   1
  5 -22 -14  -6
 22  -6 -13 -19
-12   0   8  -9
 18  14  20 -18
 10  -1   4  -5
 -1 -16  -8   0
-20  12  -5   3
  5   2  24  12
 -9  -4 -24  -9
 13  14 -11  -8
  3  -3   0 -12
 -6  -5   2   1
  4  17  -4  21
  8   7  18  -4
 16 -24  14  13
 21   5  12  14
  5   7  24  -7
-18  12  10   7
-15 -16  16 -12
-23   6  -5   3
 13 -15   9   3
  1  10  -2 -18
-24 -11  -5  18
-16   2   2 -16
  0  19   5   0
-15  11  -3 -13
 -3 -14   6  12
 -9  11  13  18
-21   2   9  -9
 16 -10  24 -16
 16 -24  12 -13
 17 -21   2  11
 -2   9  -9   4
-19  10  13 -19
-19  16   9 -16
  8  15   5 -12
 23  12  12 -13
 21 -16   8  18
-18  17   1 -18
  4  -2 -20  -2
 17  11 -11   0
 21   6  -9  14
  0   7  23   6
 -1  24  18  -3
 15  -1   7  20
-14  -2 -14   9
  1   5 -15  15
 -9 -12   5  23
  4  20   6  -9
 -2 -16 -18  -7
 -5  -4  11 -17
  2 -16 -11  -5
 24  -9 -10   7
 -2  24 -19   0
 -6 -10   5 -21
 -4 -18   5  -7
 -6   9   4  16
-14 -15  21  -9
  6   4  11   0
  0  11 -19   9
 -9  11   2  -3
 -5 -23   2 -21
 20   6   2 -20
 -3  -2 -12 -16
-11  -3  12  18
 -7   6  -1 -15
  0   5   0 -12
 11   0 -12  -6
-16  11 -12  -5
  3   6  -9   5
-19 -12   2  15
  0   1  -4  23
 13   3  -2  12
  8  10 -22  17
 -8  -1  14  -3
 19  14   9  -3
 -3 -24 -14  19
  4   4  -4   5
 18   4   1   9
 12  12 -18  15
  3  -1  21 -14
 -2   2 -11  -4
  0  20  -8  23
  3  -6  22  17
 -2  21  16  14
 12  16  -8  19
  8 -17 -24  -3
 16   1  22  -1
  0  23  19   2
 -6  -4 -16   0
-21  24 -11  11
-17   4 -19 -12
 -8  13  -8  14
  0  10   0  -4
  6   2 -13   2
-12 -18  -5 -16
 -8  19   3  15
-12  -9  11 -16
 -5 -11  -5 -12
  9  -2 -24  22
 -2  -3  -3   1
-13   7   0  -4
 17 -10  22 -13
  4   6 -21   2
-13 -17  -4  -5
 12  -1   8   3
  3  -3   4  -4
 -2   2  -4  24
 22  -2  23   2
 13  -5   8 -21
-17  -2   6   1
 -1 -21  14 -13
-18  -5  -7   1
  3   6 -18  -3
 24 -15   0 -17
  4  -4  -7  -6
  9  24  -7  -3
 -3  -3  20  22
 -2  -1  -6   6
-16  23  -7  -1
-10 -15   5 -14
 17  21   2   9
 -1   6  13   5
-13  15  17  15
-17   1  -8 -24
 -9  17 -23   5
 21  20  19  -4
 18   8  -5   0
  9  -1  14   7
 24  -5  23 -13
  1  -6 -11  -2
 -3  17   0  11
 -8 -23  10  17
 -9 -14  20   5
 11 -12  -9  14
 -7  12 -23  -3
 -6 -17 -12  -9
  8   7  -9   6
 12  -3  12   5
-16   6  12  -6
 -2  -1  12 -17
 15  18 -10 -13
-13 -17 -16 -16
  7 -21 -23  -2
  1   0  -8 -15
 20 -10  15  -7
 12  16 -16  -2
  8 -21 -14  -4
 12  -1 -15  21
 16 -24  12  20
-17   9   4  -3
-15   2 -15 -13
 22 -23 -21 -20
  8  13  14   1
  9  12   0 -17
  1  13 -17  17
  8  10   1 -11
 -6  -1   0  12
-15  -6  -6   9
-16   8   3  21
 -5   7   6  12
 12  21  14 -14
  6  12   8 -11
 -1  16 -13   9
  4   5  10  19
 -1  15   6 -14
  0   1 -12 -22
  4   4  16 -12
  3  -3   0  19
  4   4 -18  -1
  0 -17  11 -20
  0  19   0  17
 -3   5  15   1
 -1 -17 -16  16
-22  -6   6 -14
 -3   6  -1   5
-13  12  12  10
-10   2 -23 -13
-19  18   5  -9
 17  18  -2  13
 -6   6   4  16
-24  18  15   9
 -3  -3   0 -19
 -1  -5   9  -1
 -5  -4   1   5
  6 -11  -7  -8
-10  -2   9   5
 15  22  20  -9
 -9 -20 -11   2
  0   4  10   8
-21  10   7   0
 -9  16  -3  -4
 17  -8  20  10
 13 -22   7  15
 10   4   2 -20
 -7 -13  11  17
 -2  -2   6  -8
 -6  12   2  17
-15  -8   5 -19
 -2 -10  -4  23
 -7  -8 -18  -4
-22 -19  11  14
 -9 -19   4   9
-22 -11   9  21
 -9  -5  -4   6
-13  15  -3 -10
-17 -14  24  10
 -3 -17 -20  -3
 -7 -20  18  -3
  1  -7  14 -20
 -2 -10  22   2
 10   9  15   3
-24  23   9  -7
  3 -13   7  -8
-16  15  12 -20
 16 -15 -14   4
 17  -7  14  21
  1   5 -17  13
-13  17  13  23
-15   1  16  -4
  8   5  -1  13
-19   8 -16  -1
 11  -6   3  18
-11  -4  -6 -17
-11 -19  -4  -2
 -3   0  -1   3
 -9  -7 -17   3
 19  17  11 -15
-18  15  -7  19
-10   7  14  13
-13   1  12  -2
  9  10 -23  -8
 14   4  10  19
 13   1 -19   5
-19  -3  -1  10
 -4 -10 -14 -13
-12  16  22   4
-15  24  -4  19
 -7  10   6   3
  8   9  -5 -14
-16  22  14  11
-13   9 -18  -5
 22 -14   0   7
-11  -7 -10  14
  3 -15  18  15
 -3  13  14  17
-12  23 -17 -23
 22   3   6  -2
-22 -16   0  23
 12 -13  11  19
 11  -9 -14  13
-14  13  15   6
-12  13  23 -10
  3  -1 -11 -19
 10   1 -16   0
 -8   8   0  17
-10  -9  12   0
 13   7  -6 -19
 -4  19 -14   6
  1   7  15   7
  1 -11  19   9
 13   9  15  10
 17  -8  20 -13
-20  -6 -24  11
-23  21   4   3
  4 -16   5  -5
  2  -7 -14   4
 18  12  -9 -24
-15 -23   0  16
 -9 -20  -1   5
  9  14 -10  17
  4  15 -19 -24
 -4   3  -8  18
-22   1 -12 -16
-17 -24 -18  -4
  5  10  -6   7
  5  -8  10   5
 11 -21  -9  16
 21 -19  -1   0
  5   2  10  15
  4   7  -3  24
 -2  22  14  -6
-17   7 -17 -10
-17  -3 -13   4
 -9 -18   4 -10
 -3   9  -2 -19
  5  18  23  -1
 13  19  10 -22
-13 -11 -15   0
 22   7  14  24
 21   3   1  22
-18  -5  -2   9
 -6  13  20 -22
 13   6   0   2
  9 -13   4   9
 -2 -21  -1 -11
-14  23  -2   4
  9   7  -4   8
-21 -10   7   9
 -9  10 -15  17
 -8  -1  10   2
-23   9   4   8
-11  -5  12  -3