 18 -21 -17  -8
 -9   2  -6   0
 -2  15   5  17
-11   5  15 -21
-16  15 -20   2
 24  -2   9 -21
-23  18 -15  -3
 -2 -11  16  17
 17   3  20 -17
 -3 -10  -5  -2
 15   1  -4  20
  2   7 -18  -4
 18 -19  -5   3
-14  10  13 -11
-24  12   6 -18
  9  23   5  -9
  9  -8  11  -9
-16   6 -22 -17
 -8  17  17   3
 -8  -4   3  16
-23   5  10  18
  0  17  20  15
-13   1   3 -14
-12 -13  -4  -2
-16  -8  -6  11
-12   4 -18  -8
-12  20   6  -3
  2 -15  -7 -17
-21   9 -16 -12
-19   7  17 -17
  5  -4   1  -9
-14  -1 -12 -21
 11   8  17  15
 -1  -4  14 -13
-14 -19   6  21
 13  16   0   6
 -1 -12  -1   8
-16   6  -5  -3
-20   4   1  21
  2  19  -3  17
-11  -8 -10  -5
-19   0   5  20
 13  -6  12 -15
 17  11  -6  10
  5   9  12   1
-18   9 -16   7
  2 -18   8 -10
-11 -21  -7   2
  3   1  -3 -15
 -1 -19 -24  13
-17   8   0  -8
-13  19   9  10
  8  -8  11 -19
-18   1   9   8
-13  -6  -2   9
-14   9 -14  15
 10  20  23  -6
 14 -22   0 -13
-14  11  -3 -15
  9   2  -3  -2
  1  17  19  12
  5  -9  12   2
 13 -22 -23   2
 11  10  14   0
 15  20 -18   8
  6   0 -15 -19
 24  10 -18  15
-18  13  13   2
 19  -8  -2  23
  4   0  22  -5
 -8  15  -3  24
 23  -7  18   9
 20   4  -9 -10
  4   2 -19   6
-20   3  22  -4
-16 -19  10   6
-20  -4 -15   9
 -5  17  -6  14
  3  20  10   1
 13 -21 -14  -3
 16  17   7  -5
 17   2  -4  -8
 -1 -11  12  -9
 -1  -6   9  -6
 -4 -16  22  -8
 -7  23   5  -8
 21  -3 -13 -11
 -4   6   0   9
  4   2   6  22
  0  14  -7   1
 20   4 -14   4
 -5   6 -23  14
  8 -22  -8  -5
  2   8  15  20
 22 -13  10  -7
 -3 -18  -2 -12
  4 -20 -21 -10
 -6 -21  -4  -7
 -3 -13  -4  13
-13   0 -15 -17
 -3   5  13  -7
  2 -18  18  13
-14  19   0 -14
  0   0 -20  -6
  6  -9   5  -2
 11  20  -6 -14
  3  -1 -11 -17
 -2 -10  17   0
 19   0  -8  -3
 19   0  -6   9
 18   6 -11   7
  1   4   5  -6
-15   5 -11 -23
-16  18  11 -15
 10  17 -18  23
 -1 -16 -22 -19
 -2   1  24  -7
  8  17  -2   0
 18   0 -22 -11
-19  15  11  -6
 21  -7  -8 -13
 -3 -10  17  11
 10  -1  -7 -17
  4  13 -19   6
 22   8 -23   5
-13 -15  24 -14
-10 -12 -22  11
 -2   8   4  14
-15  18   0 -16
 16 -24  17  -9
-21  17  19  12
-19 -11  -2 -12
  6   2 -14 -24
-23  23  -5 -14
 -8   6  -2   8
  3  16 -20  -6
 22  -6 -20  10
-23 -23  -5   0
 13 -12  -6  10
 16   6  -6  15
 11  -4   3 -19
-22  16  18 -14
 17  11   4  18
  1   8   2   6
-21 -10  17   8
 16 -18  18   0
 17  -6  19  -8
-22   3  -8  11
 -2   5   6   1
  0  24 -11   5
 -2  -2  -6 -13
  8 -14   7  10
 22  12 -22  -6
-13  14  19  21
 -3  -2 -24   1
  8   3 -10  19
 -3   0  21  -1
-24 -18  13  -3
-12 -24  -2   0
 17  -9   1 -20
  3  15   4  -4
-19 -21   0  12
 21  13  -7  16
 11  -9  -3 -12
  3  14  -6 -11
 10 -19  24 -16
-10  10   3 -24
-24  15 -18  -5
 15   0  16  19
 15 -17  17 -23
  7  14  -1   1
 -9  13  23  13
 -7   9  13 -13
 -5 -22  18   5
 18  18   0 -15
-11  10  11   9
 -2 -19  17   1
 -6  15  -9  22
  5   1 -18 -12
 18 -13 -24  23
 20  -4  15  24
 20  10  -6 -19
-15  -5  -3   4
  7 -16   3  20
-17 -14   4  -4
 22 -10  20  -8
-22  -7  20 -13
 15 -13   5   5
 24   3 -10 -20
 21   2 -17  10
 -2 -22   0 -19
-12   8 -12  13
-17  -6   7 -10
 17  -9  -8   0
  5 -24  21  15
-14 -17  -6  22
-11  -5 -17  23
 -4   2  22 -18
  5  13  12   5
  4  15 -15   8
 12  14   9  -9
 14  -1 -14  18
  3  11 -18   9
-21  17   6   7
 -9  13  13  21
-18 -19  -4   3
-12 -24   0  -8
 -1 -20   7   3
 -3 -11 -16   2
 15   5  -6  16
-22 -12 -17  24
  2 -22   5  20
 18  22 -11  -1
 24   0 -17   3
 14 -15  -2 -13
-14 -16 -19  -8
 -8   4 -10  10
 -2  19  -2 -24
 -1   7  10  -4
  9   7   9 -12
-12  -2  17   9
-19  13  13  -6
 10 -14 -21 -16
 13 -24 -19   9
 -3  10 -14 -17
 16 -19  20  -9
 -2  -5   0   9
 -7   9  21 -19
 20  17  12   3
-11   8 -12  12
  0  21   9   3
 -3  11 -10 -21
  7 -18  -9 -17
 16 -19   9   8
 20 -21  -3 -23
 -2  15   3  -9
-18  20   4   3
  8 -23 -15  -9
 11  -6 -13   6
 19  -3   2  -3
  0   0   5  -7
 -6 -10   9  -2
 -7  15  13 -11
 -7 -12   7   3
 23 -13 -18 -16
 -1   9   3 -17
 -3   9  19 -19
 -3   8 -24  -3
  6 -14  -3   6
  0   9  -8 -15
-14   7  -6 -13
  4   8  -7  20
-16  -2   6  15
  3   5   7  -1
 -8  16 -20 -14
 -6  21  -7   5
  8 -22   2  -5
-18 -14 -21  18
-22 -24   0  13
 -2   9  11   9
 -9  16  -5  20
-18   5  -7   8
-16 -13 -16  13
 -9   1   6   2
-20  11 -24  -8
  2  -6 -13 -16
 12  20 -14  -4
-21 -21 -12 -19
 -3   0 -10  13
-18  16   7  24
 -5 -10  -1 -23
 14 -17  18   4
 -2 -22 -20  14
-19   5   8 -12
 -4   2  16  15
  6  17  -2   6
 -3  18   7 -20
-22  10  13  -5
 -5  10  15 -10
-20  11   1 -12
  1  -1   5 -16
 -2 -22   3   1
 -7   1 -12  -6
-22  -5   7  15
 -1 -21  20 -14
-20  -2  12  -3
 12 -23   4 -10
 -6  -4 -16  18
  1  -9  -8   7
  2  22  10 -20
 11 -17   7   9
 -1 -22  -4  12
 -1  -3 -12 -11
-22  15  21  18
-22 -17  -4  17
-14   3  24  -3
-15  -7  -8  -1
 21  -4 -20  21
  4  24 -22  16
-20  10   1  16
  2   3  24  17
 -4   7  -8   3
 -8   9 -15   7
-24  16   1   8
 -6  10   2 -10
 -6   7  -6 -20
 -4 -18  18   4
  3 -20  -9  22
-24   8  10  13
 13 -15  11 -12
 12  11  -9  13
-16   5 -21  12
 11  10  17  -3
 12 -19  20  19
-15  13  -3 -18
-17  17  19  23
-21 -15 -22 -11
 13 -19  16  10
-24 -10  11  -6
 20   0  -2   1
 13  21  11  23
-16   0  -1  13
  4  19   2 -24
 23  15  -1  -2
 -9  17  16  16
 -3 -15 -14   5
 19  -9 -15  15
  6   8  -7 -19
  7  18  -5  20
-12   7 -15  17
 14   4 -12   0
 18 -24   4  23
-11   6  -7  -7
  8   6   0  14
-19  -7  24  24
 -3 -15  -3  -5
 12  11  -3  -4
 13 -18   5  19
 -8 -12  -6  15
 10  24  18  -6
  8 -14   6 -10
 -5 -20 -20  13
  6 -20   7  10
-15  -4 -21 -12
-11  21   3  18
-12  -2  12  20
 -9  10  22 -13
-14  -7  -3  -1
 -2 -13 -18   6
  0  18  -2   1
 23 -18   6  11
-14  11   3  -8
-17 -22  14  -8
  9  19  15 -18
-10  -9  10 -13
 -4  -1   2 -24
 17  20   4 -14
-21  -3  12  17
-11 -18   1  -3
-17   5   4  20
-21  -2   2  -7
 -6   2  -5  15
 18  -9  12   5
 15  23   9   3
-19 -21  17 -16
  6  15 -10  18
-18 -11  20 -15
-10 -17   2 -20
 -4 -24  -2   7
  4  -2   6   1
 -6 -11 -18  -5
 16 -12   5 -21
 14  -7  19 -13
  8  -7 -11 -24
 20 -19  -2  24
-12   0 -20   4
-21 -20 -18 -19
  6   3 -22   4
-13  18   1  -4
 -9  -3  13 -13
 22 -15  -3  -9
-23  14  14  -1
  4 -13   7  10
 -2  12  16   2
 -3  23  -5  -7
 18  -6  23  -3
 -5   9 -19 -12
-15 -24  -1  12
 10 -15  18   1
  4  19  21   8
  8   5   3 -13
  6 -10   7 -11
 -8  22 -22   4
 -1 -12  -8 -11
 17  18  -2 -19
-11 -24 -19  21
-13 -19 -22  -9
-12   9  13 -18
-21  13  17  -7
 15 -13  13  -8
 21   0 -17  21
-16  13  18  20
-24 -22 -12 -18
 20 -11 -19   7
-10   6   5   2
 -9  13  13  15
 -7 -20  18   1
  7 -23  -6  -4
 -7  -2  -9  10
-17 -17  -9 -22
-19 -24 -21 -13
-21 -17  13 -14
 24  -2   9  -6
-17   0 -10 -17
  3  -1  12  -1
  0 -13  12  22
-12  21   4  -8
-11 -14  11 -19
  0   1   0 -10
 14   5   2  13
  6  10   3  11
  6  10 -21   0
 12 -13   0 -20
 23  20  24  -4
 10 -15   9   8
 23  11  -1  -6
 11  -8  -8   1
-14 -19  18  -9
 11 -23  -8   6
 -6  16   0  13
  4 -11 -22  16
 22  -1  22 -23
  4  20 -15  16
 -2 -22  -1   2
 11   2   0   9
 -9 -20  -2  13
-17  -5  22  20
 -1   7  20 -18
-10   1  10 -15
  9  -2 -11 -12
 -5  -9 -14 -16
 -2  -4   8  13
-14  13 -23  -9
-16   2  22 -10
-22  11   5  23
 -1  20  -3 -11
-20  19 -13  19
  4   5   6 -19
  3  -7   1  -7
  7  -4   0   1
 -7  18  -4  13
 -9 -12   4  -1
  7  11 -10 -15
  7 -12  -8  14
-13  19   0   5
-15 -14  24   3
 -9  16 -22 -18
 -5  -9 -12  -5
 -8  16 -21 -16
 13  -5   4   3
 10  22  16  -6
  9 -19  -6 -17
  9  15  12 -11
 17 -24  -9 -16
 -4  19  16   1
 18   6   5 -10
  1   1 -20  -3
 -1  -2 -15  21
  0 -23  14  13
 -7  11 -18  -6
  7  -4 -18 -13
 10  -9   9   8
 -5  11  17 -11
 -1   2  12  -8
-14  14 -12 -21
-22   4  13  -4
-24 -15 -18  19
-18 -17  -2  12
-22  23  24  23
 -9 -11   5  -9
 24  -3  -7   7
 -1 -22  -1  11
-12  23  -3  12
 -9  -9 -18   6
-14   6   0 -22
  2  15 -12   0
  5 -12  -6  20
 -7 -14  -6  -6
  9  23  -4   3
-24  -9  24  -2
 17  20  18  17
  9   2  15  21
 13  20 -16 -23
 -3  20 -14  17
-10  -2   8  18
 -8  12   3 -15
  0 -23   3 -14
-17  15  21 -10
  9  13   5   6
 13 -16 -12  11
-21  20  -9   1
-12 -24  10 -20
-17 -15 -10  -7
  4   4  10 -18
  6   9  17  13
 13 -17 -13 -13
 -6   3 -14 -17
-20 -24   6  -1
 19 -21  -7 -11
  6   7  -1   1
 -7  20  -6  -4
  6  22 -11 -18