109 27
170 -43
214 -15
242 -3
271 -17
265 -8
310 12
314 -3
119 -4
113 -7
113 -45
108 23
-223 34
-129 -12
-127 -72
45 -23
39 -29
-25 -33
-14 -28
25 -6
30 -0
39 4
94 -25
-43 -89
-33 -31
-52 -23
-15 -21
-4 -21
57 -5
47 48
18 -12
9 -8
32 37
58 62
97 58
157 10
157 -37
182 -9
201 -17
228 -17
84 -15
100 -23
-66 4
-29 -5
-31 3
58 -3
36 9
64 -12
80 -22
-161 -8
-152 -20
-146 -10
-123 -37
134 -12
130 12
153 -10
148 -35
162 6
228 -8
215 7
-85 36
-42 7
-8 -10
-117 2
-118 2
-119 -16
-132 -19
-129 -24
-117 -24
-124 -24
-131 -4
-123 -9
-118 -29
-101 -9
-111 -4
-116 -4
-117 -39
-104 -19
219 -30
250 -8
270 -4
267 -13
-40 -25
-45 -18
-0 -16
24 5
42 5
55 -1
72 37
74 -34
23 -25
13 -16
14 -24
14 -5
27 6
28 -27
45 -14
64 -14
124 2
251 -6
-54 6
11 -1
58 -5
100 -10
17 -8
75 -8
156 -8
6 -37
-16 -37
-7 -16
32 -7
41 -7
48 -7
-219 -21
-191 -11
-141 -22
-106 -1
-97 -14
-95 -6
-74 -2
-64 -14
-63 -6
-56 -38
-44 -18
-28 -8
-12 -43
39 -11
97 -5
106 8
-134 -10
-110 1
-101 -23
-79 -26
-70 11
-68 -22
-45 -40
-34 -23
-39 -20
-39 4
-39 -36
-39 -17
-42 -39
-45 2
-48 -24
-59 -35
-48 -22
-67 -26
-119 1
-184 -73
-82 1
-46 -42
-41 2
-53 -10
-7 -34
-18 -28
23 -9
60 -27
210 -47
-11 -77
23 -57
30 -57
234 -34
276 -13
299 24
317 4
-0 31
-100 23
-139 -14
-119 -2
-117 -8
-117 2
-112 2
-104 2
-98 2
-94 -6
-84 2
-67 -3
-61 14
-53 10
-48 -3
-63 -43
-56 -3
-64 1
-71 -38
-91 35
78 -42
93 -101
-10 -4
-23 -7
-62 -68
-36 -64
-11 -43
31 -10
11 -20
91 -4
46 12
54 -37
83 -30
16 -55
-12 -26
1 -26
181 30
37 -9
94 -14
-130 -20
-163 -14
-159 -9
-42 26
-88 -35
-29 -9
-43 -35
-33 -18
-21 -18
-4 58
206 -18
234 -7
227 -23
248 -28
279 -24
286 -26
133 -14
146 -14
183 36
85 24
92 16
131 -18
137 -14
129 -35
109 24
119 -36
146 6
154 -41
178 -39
-117 -26
-123 -28
-121 -18
-129 -2
-126 4
-99 -41
-121 -53
40 8
-29 -23
-97 -23
-106 -28
-75 -87
114 -16
133 -16
133 18
-9 -1
-54 -13
-48 -13
100 -6
15 -26
84 -0
79 -7
84 -0
103 50
103 23
117 23
127 23
150 11
172 -15
218 13
23 -23
-6 17
-13 5
-6 -11
-7 -6
5 -20
-41 -12
-48 -12
-37 -17
-64 -5
-68 -12
-76 -12
-271 -23
-66 -75
-86 -49
-100 -46
-143 -11
-139 -18
-121 -15
-105 -16
-107 -28
-87 -14
-76 -27
-66 -27
-70 3
-38 -26
-19 -39
-36 -21
-57 -4
-57 -32
-49 -33
-38 -22
-30 -10
-19 -18
10 -32
23 -17
124 -12
150 -9
180 -10
180 -14
179 -16
199 16
201 2
200 -3
8 -31
-21 -47
-10 -18
-9 -18
-4 -5
19 -10
35 16
36 -5
52 15
52 -29
61 -20
82 -3
88 -28
89 -7
84 -18
-239 -18
-201 -26
-129 -25
-110 -8
-113 -13
-120 -22
-135 -16
-131 -18
-215 -34
-352 19
-110 -3
126 41
109 -19
71 -28
20 5
209 -33
226 -32
234 -40
259 -62
-184 5
-169 -20
-169 -10
-165 -4
-182 -49
-199 4
-221 -0
-240 -12
-278 -1
-297 -18
-293 -23
-311 -20
-155 13
111 -6
173 -9
183 -9
184 -9
-30 -11
-56 -11
-69 -3
231 -39
11 -29
41 -26
66 -0
85 -8
78 4
-80 8
-66 -38
-65 -0
-65 -3
-63 -13
-71 -5
-71 -21
-54 -36
-36 -17
-21 -20
69 -43
183 -78
-68 9
-88 -3
-77 -2
-90 -30
-103 -24
-108 -28
-104 -23
-132 -43
130 -47
78 -33
105 -14
106 -14
125 -12
27 -9
-56 -20
-56 -20
-50 -23
-251 -23
-261 -11
-287 -24
-303 -34
-125 -30
-85 -19
-98 -17
-8 19
9 -4
-6 -10
-13 -18
-24 -40
-39 -9
-36 -30
-29 -41
-29 -14
-184 -19
-189 -9
-228 -14
-217 -37
-20 -40
-57 -26
-52 -2
62 -23
63 -4
35 6
18 9
-10 -17
-31 -12
-21 13
-9 -13
6 -6
9 3
12 -3
19 -3
20 -3
22 16
54 16
62 12
11 -6
-9 -14
-34 -6
-81 -15
-77 -31
-81 -31
-204 -31
-220 -13
-44 -19
30 -5
41 -17
30 -11
102 -11
-99 -22
-40 5
-30 21
37 7
135 2
161 2
161 2
180 9
191 -0
158 6
176 2
186 2
219 4
-50 3
-26 15
-24 1
-156 -23
-138 -16
-163 -3
-169 -9
-179 -14
-178 -21
-7 -44
9 9
-85 -0
-110 41
263 1
95 -46
72 11
57 6
32 -1
-21 -13
-38 4
-64 4
8 2
27 -16
25 -13
-151 -24
-160 -32
-126 -33
209 -6
197 -47
-87 1
-58 -8
-32 26
-25 26
-25 -1
-15 36
14 -3
-139 -5
-85 -1
-84 10
