-15  16 -13 -20
 15  -5  22 -19
 10  12   8  22
  2 -12  -4  -8
-11 -18  22 -17
-15   8  12 -17
 10   2   1  -9
 -2  19 -14  23
 -8   3  21   9
 -5  -1  -3 -11
 13  11  11  21
 -8  16 -18   5
  9  15   8   2
-12  11 -12  -1
  8  15  -2   0
  6  18  23 -16
  2  12   8  -9
  9   1  21   9
 -6  10   9 -12
  8  23  14 -14
-22  -8   5 -13
  8  14  -2 -22
-13  -6  -1  22
  5   5 -12  14
  0  -1  -6  11
-24   7  10   5
  9  12  -8  16
  7  17  -9   9
  3 -21 -12   7
  6   7   1   9
 21  -8 -19 -15
-11   6  18  -8
  4   0  22 -13
 19  14  -6   2
 -8   3  -2  22
 -4 -15   7  -8
 -8  22 -23  22
  1  17 -21  20
  0   0  24   9
 -4   4 -16 -16
-19 -14 -13 -10
 20   5  19  15
  7  14  -8  11
  5  -4 -24 -15
  7 -22 -21 -13
  5   4   4   8
 19 -10 -19  10
-10   8  10   8
  0  16  20 -15
  5   1   1 -15
  8   7 -23 -11
-14 -15  -2 -15
-17  10 -13  12
  4   1  15 -15
 -2 -15  -4  -8
  8  -2  24 -22
 -8  16  -4  15
 20  -7 -23   9
  9   1 -10   8
  8  -1  -3  -8
 -2   1  -8 -15
 -9 -14  15 -19
-13   6  13 -18
 20 -12   5   3
 -5   2  20  18
-22   5  13 -11
  5  22 -21 -14
 19 -12  -6  13
 17  22  -4   5
  4  -6  -7  -6
-19 -17  21   7
  4  -5  12 -10
-20  21  18  21
 19 -13   5  21
  0  13  17  -3
 21 -10  15 -10
  4  -5   6  21
 -6   3  -6   7
-12 -16  19  10
 -2 -17  13 -12
-15  19   4   6
 22   0   2   1
 -3   2 -15  14
  4 -21  10 -17
-18  -4  14   6
  9  -6 -20 -14
 14  11  13  -3
  1   8   7  -8
 10 -18 -10  -9
 -9 -16 -13  13
-11 -10  12  24
  6  -9  11 -20
 16  14  -7  10
 21   8   6   6
 -1  11   7  18
-15   4   1 -14
-21 -15 -18  -4
-16   0  -7  18
-12 -15   0  18
  0  21  -9  21
 -8   5  -7 -13
 -6  21 -10 -14
 -3  -3 -14   3
-16  -7   7 -13
 -9   1  10   6
  8  -6  -4  17
-13  16 -15  22
-23  -1  23   7
 -4 -20 -24 -12
 17 -11   7   0
  9  18 -19   2
 24   7  -1   7
 -5   2  -9  10
  9  -9 -14  -9
  2  15  12  -8
 23   3  22   6
 -5  17 -24  20
 16  -4  -4   6
-19 -19  -8 -11
  7  -4  15  -7
 12   2  18   6
 -9   6   7   1
 11 -12  -7 -13
  1 -10  11  18
-17 -10 -17  18
 20  10  18  16
-22  -6  10   5
-10   8   0 -22
 16   9 -10  20
  8  13  16 -21
-18 -13  -1 -22
  4   6  -6 -14
 19  -4   0 -20
-20 -12   0 -22
 14  -4   0 -11
-17  21   0  -4
 10  -7   1  -7
  4  11  13  22
 12 -16  16  10
  2   6   8 -13
  3 -13 -13   9
  7  -5  -2  17
-19   5   6   5
  4 -12   6 -18
-11  -5  12   7
 -5   5   4  20
 -7 -24   4  -2
  8 -16  -7 -22
  8  -7  -2  -6
 10   9  -4 -12
 24  -6  16   4
-23  13  19 -19
 -4 -18  -9 -17
  9  -9  21  19
 -1  15   9  -8
 15  -2  17  15
 18 -23  -6  23
 14 -13  -8  -8
 -2  21  22   3
 -2  -3   8  10
-11   9   9   9
-14  12 -19   4
 -7   3 -23  23
 24  -9  -5  24
-14   2  10  23
  2   7   2 -24
 -7   4   6   7
-20   9   3  -2
 11 -12  19   2
-11 -24  15  23
  6 -13 -11   2
 24 -15 -17   8
-20   5   4 -17
  9  -8  22 -10
 -4 -14  15  -9
 10  10  13   2
-21 -16 -14  -9
-19  -6   6 -15
 -3  13  21 -12
-12   1 -12 -17
 -6  -7  -3   2
-21  -1  24  19
  4 -12 -15   1
 -5 -11   3  17
-23 -20  14   8
-12  -4  23  16
  3  -2   9   4
-13 -11  -5  -5
  2 -18  -4 -21
  0   9  -9 -15
-23   3   2  -6
-11  -1 -12  -6
-12 -17  -6  11
 13   2  -7 -18
 11  12  -6   7
 -1  11   2  -8
 10 -22   3  22
 14  11  -9  14
  3  14 -22  20
-19   5  -6   3
  9 -13   4   5
 -9   8  15 -10
 -3  -5 -15  10
-14 -13 -18  -4
 11  -1  -8 -23
 -2  17   4  21
 -1  -2  -3   2
-22  15   0  20
-14 -18   0   5
-12   4   6   0
  6 -16   9  -5
-16   8  21  10
 12 -20 -12  -8
-13  -8  -8  -3
 -8   0  -3   9
-12 -12   0  22
 10   5  17   5
 -3  22 -21  -9
  1   4  -4   4
  9   3 -23 -16
 -7   1  -2  -8
-21   0  17 -16
-20  16  -1 -11
  1   2 -17   9
-11  -9  15  12
  1 -15 -12   3
-24  -9 -15  -9
 13 -17 -21  21
  0  -1  17  12
 17  -5   5 -14
 -3  -7  -7 -18
-14 -13   4   1
 11 -16  -2 -18
-13  13  -5  -3
  0  15 -21  16
  0  -6  -3  -6
 -1   8 -10  17
-14 -20 -12  18
 -2  21 -17 -15
 -8  -3   3  17
 -7  -3   0  -9
  2  -5  -2   9
 20  15   4 -11
-14  -2 -18   0
 -5 -19 -24 -12
 -6   4   0 -16
-13  10 -16  -1
 12  18   7  14
 -7 -15  14  15
-14  15  15  11
  7   0  -3 -14
 -6 -21   6  -9
 16  -7  19   4
 23   7  18  13
-22  -1  19 -17
  9   7  22   5
 -5  -5  -8  22
  0 -23  21 -12
 -9  11  12  10
 23  -4  14   8
 -2  -3   0   3
 -7  -2 -14 -14
 10  18  19  13
-10  -7 -16   2
-13   9 -18  -6
-10  -4   5 -18
-16   3  15  -7
-20  16 -22  20
 17  11 -14  21
 23  -9   5  -1
  7  -6  -2  -7
-11  -8 -17  10
 20  18   8 -11
 -7  -7   7   3
-12  24 -18  -2
 -5  13  -2   5
  4 -10 -13   3
-19  19  10 -17
  9 -24  22  -9
-18 -20   3  -5
 24  -3   3   0
 -1  -2  23  -1
  9 -12  16  18
 15  14  -5  -3
  5 -11   5  20
 16  -9 -16  -1
  6 -11  -1   4
  9   7  24 -15
-13   6  13  22
-12 -16  22   5
  6  -3  -9  -1
 -2  -5   0 -18
  5  -9  24 -18
-22  11 -16 -19
-13  15  23  19
  1   2  19  13
 16  16  19  -8
 20  -2 -24  -7
  4   1 -17   4
-15  22  22  -5
 20 -18  24 -15
 19  19  -5  15
 20   1 -15  14
 -1   8  -8  10
 -4  -8  13  19
 19 -10   8 -22
-12  -4   4  -7
-11  19 -23  -6
 20  22 -13  -6
-15  -2  19 -15
-23 -20 -15   0
-13   0 -18   6
 -5  15  13  12
 21  -9   5  15
  9   8  -1 -21
-13  -6  19  -4
-17  -6 -20 -11
-16  -2  22  16
  4   5  -1 -15
-12 -10 -12   5
 10 -14 -14  -9
-10   7   9   6
 11   4  -1 -19
-19  -1 -12   6
-15 -12  20   0
 20  19  16   4
 -1 -17   2  -8
  2 -16 -15  20
 21 -13 -16  14
-17  18   8  24
 13   8   5   7
-10  -2  -4   2
 -7 -18  15  21
 -8  -8 -19  -9
  4 -16   5   3
-12   3  -4  19
 -6  -9   7  -1
  3   7   0   0
-12   5   1  -7
-15  -4  14  -8
 21   7  -1   3
-21  22  -2 -12
  3 -13   6  -4
 23   4  24   1
 -4 -16   4  -7
-22  17  -2  -4
 13  23  19 -11
 -1 -10   2 -13
 -3  10  16  -5
-23   5  -9  21
 20  -6  -7  -9
  8  -3 -22  11
 13  16 -10   5
 19  10   3   4
  8  14  16 -24
 15 -10 -23  16
 15  22   8   1
 12  18   9  16
  7   8  -4 -18
 11 -10  24 -12
  3 -13 -22   9
  6  14   9  -9
 22  11   5  -9
 -6 -13  -4  14
  2   0  18  -9
  9  13 -19 -19
 15  -1  15  -6
 22  -8 -14  -8
 14 -11   7  -5
-18   6 -15  11
  9  -4   3  20
-19  12 -24 -19
 10 -17  24 -21
-13   7  -8 -14
 -6  -2 -13   4
 -4 -13   7 -10
-13  10 -15   4
-21   7  -7  13
 -4  -4   4  -6
  2   0   5   2
 21 -20  22  18
 20   3  15   0
  4 -13  -9  24
  4  -6 -16  -9
-16 -18   6 -10
-12  11   7 -12
  0  19  -7   0
-10 -20 -17   2
-11  -2  -2   0
  3  16 -11 -14
 -8   6  16  21
 19 -13 -15 -22
-17  -4 -12  -1
 -2   4 -13  13
-21 -13  23  -1
  7  -9 -10   6
 11   9 -16  11
 14 -22  -1  -8
 -7 -18 -14 -18
 -4  10   9  19
 11 -22   0   5
-23   1  12  10
 11 -18  12 -14
-24  -7  -2 -15
-18   2 -21 -23
 19 -11 -14  -2
-11  -3   4  12
-14 -18  -5  -5
-10 -19  -7 -17
  5  21   4   6
-17  10 -10  13
-15  18  -8 -22
  0  14   6  21
  4   1  -8   1
 -7 -13  18  -6
 -5 -21 -17   1
 -3  23   8  11
  8  24 -15  -6
 -5  -1  -6   4
  9  16  23 -14
-15  12  -1  -6
 16 -21   8 -20
-17   9   1  14
  8  11 -12   7
  9  16   0 -21
 19  17 -18 -14
 -1   7   4   0
  8   3   4 -20
  1  -2 -17   1
  8 -10  17  -4
  2  -3   0   8
 -5  -9   4  -9
  3   8   5   1
-24   0 -16   1
  6  17  -3  -8
-18  13   8  -7
 22  -8  22   5
  8  21  -3  -6
 13   9  11  12
 -9 -13   9  -9
  1   6  18   5
 11  16   9   9
  4   8  -8  19
-16  -7  11  15
 11 -15   9   1
 21 -17   5  18
 19  19 -22  18
-21   1  16 -11
  3   7  17 -16
  8  -7  -8  23
 12 -24 -22  21
-13  -1 -24  10
 11  15  24  -2
  4   0  -9  17
 13  -2   2 -17
 -3   8  12  -9
 15  11 -18  -5
 -7  10 -12 -15
-18   0 -10 -24
  7  -4  -8   3
 24 -22   1  24
 11  -4 -18  15
 21  -8  -2 -11
  7   9   1 -22
 22 -15  22   0
 17  21  12   0
  0   6  15   3
 15   7  -5   1
 -9  16  11  -3
 22  17   0  -4
 23  12  10  11
-14  -5 -13  20
 14  12  24  -7
  5   5  22 -10
 12  19  12 -16
  0 -18  -1 -10
-14 -21  16  -4
 10 -12 -11  11
 -3  -7   0  14
-14 -12  -6 -17
  0  -9  12  19
 -6  18   6  20
 -1   3  15  21
  6  15 -16   5
-14 -11  24 -10
 -1 -22  -2  -2
-13 -14 -18  -7
  8 -19 -19   1
 22  -5  16  -6
 -8  -6  -7   2
-15  15   9  -5
-14  20 -14  11
-15 -14   3 -12
 12   1  14 -11
-10  -9  10  18
 24  21  21   6
-17   3   0  -7
-15  16   6  -7
-17  -9 -10 -24
 18  -5  -8  22
 -3  -8 -12  10
 -3 -18  13  -6
-15 -23  -7  16
 -9  15 -15 -11
  6  22  -5  -6
  5 -16 -23  13
-10   1  -9  -1
-12 -24  14  -6
 15   3  24 -14
-22   3 -11   2
  3  -5  11 -13
-17   4  -8  -4