-12 -21  20   6
-18   8 -15 -16
-11 -24  21 -20
 22  14  -3  11
 10  -1  11   4
 -5  14  -6  12
 17  -4 -10   4
 13   5 -14  -8
 -8  -2  -1  12
-20   9   0  17
  4  -8  -1   1
  9  20  -6   0
 13   2   9 -10
-19  20 -22 -10
  7   7 -12 -15
-24  21   9  20
  7   0   9 -24
-24   4  15 -20
 17 -20   9  -8
 -5  -3  21   4
 13  23  -2  17
 15  20 -22  10
  1 -22  21  15
-16  -6  16  -6
-22  -9   6 -15
-19  24 -12  23
 13   1 -15  17
  2  14 -15 -20
 21 -18  -9  -2
  2  14 -12  -1
  6  15 -14   0
-24   3  -1 -17
-22   1  13  12
 -3 -12   8  11
 -9   8   7   8
 11 -21 -23 -20
-17 -18  17   9
 17 -17 -18 -11
-16  -3  -1   2
 16 -16  13  10
-11   2 -14 -17
-11   1   3  -9
-13 -24  22  19
 12  20 -24  -6
 12 -13  -8   2
 20   8  12 -20
  9  23   8  10
 24   0  11   7
-20 -17  -7  17
 -2   0 -18   2
  2  -7   8 -22
-21  18   2   3
  8  -5   1 -11
 -5  11  14 -11
 20  10   9   3
 -7  -2  21  -3
 17 -22  -3  -8
-15  23 -22  -9
-10 -13   7 -10
 -1   8  -6   6
  2   5  -4  22
 17   4  18   0
 -5 -17  14  18
 -6   3  19  20
-21  -1   0 -17
  4 -10  21  19
 18 -23   7  23
 23  24 -15   5
-11 -12 -15 -24
 19 -13 -19 -17
 12  11   6  -4
  2  -3 -21  -9
-13   4 -18   3
 -1   5  10  12
  8  -3 -14  -3
 22  15  13  12
 -4   2  -9  21
 -8   8 -14 -15
  5  14  20 -12
 13 -14  13 -14
  4  19  -7  14
 -9   8  23   6
  1  -3 -22  -5
 24  13  21  23
-19  17  23   4
  0 -18   4  22
 22  10  23  21
-21  23  11  -6
  3  16   2  18
 -8  -1  -6  21
 11   3  22  19
  4  -9 -24 -18
-19 -17   0   5
-21 -17 -18  21
 -8  -5   8  -2
-10  18   1  -5
-20  12 -15  23
  3  17  10  17
 10  19  11 -18
 18 -14   7  16
 12  14  -9 -23
 -2 -10  11  21
  4 -12  -3  12
 22  13  24 -14
  2 -16  -5  20
  3  13  -3   2
  0   6  -2  22
  6   0  19  23
  1  16  10  -9
 17  -8  20   1
 23 -22   9   3
 13 -17  14  14
 12  -5   0   5
 23  -3   3  19
-22  22   0 -15
-14  -1  18  -4
 -2 -11  -4  21
 -9 -15  20  22
 13   7  11  -4
-24  22  16  12
-11  22   8  16
-14 -17   3   3
 15  14  12  11
-11   6 -15 -10
 -9  -7  24  22
-17  -1  11 -12
 24 -15  10   1
-11  -2  10 -16
  7   3 -23 -14
-13   2 -11   0
-22  -7   9  -2
  5   0  21 -21
-23 -21  15  -5
-24  12  -9  -4
-19   0 -15  11
 -2 -24 -17   9
 19 -16   8 -13
  8 -20 -10  -8
-10  10  -7  11
  8  17  -6   1
 -6  -9  12 -22
-12   0  -9  -5
 18  13  -1  14
 -9 -22 -15 -17
 -5  10   7   3
 20 -19 -13  -1
  7  18   8   5
 -6  -7  -6  21
 -4  -2   1  10
-17 -18  -8   0
 19  14  19 -18
-22 -12  -4 -18
-21  15 -10 -11
-19 -22 -16 -23
 14   4   7  22
 -5  11  -7 -13
  3  12  15  -6
  4  -3 -13  21
-12  -3 -12  -5
 23  12  22 -24
 17 -13  22  -7
 12  10  -6 -18
  5  -9   2  19
  7 -11 -18 -11
-13   1  11   0
-11  -2  17 -21
 -1 -11 -18   8
 -4 -10 -11  -9
  5  24  -5  -9
  4  10 -10  -3
-11  16 -17  -8
-12   3  11 -23
 -4   2 -16 -10
 -4   9  16 -13
 -5  -6  -7  -6
 -8  -9   2 -21
 12   0   8  12
 13 -20 -10 -24
 -5 -19  11   6
-24  13  10  -1
 -3  22  11 -12
 21  -6   9   0
  0  20 -24 -14
-14  10   6  -7
 19   9 -23  12
 15  -7  -8  24
  4  21  -5  -3
  6  24  18   1
  7 -13  -2 -22
 -4  11  23 -23
 -1  15   9 -10
  4  20   2 -19
 -5  21 -19 -12
  3   3  -9  18
 16  16   7   1
 13  21 -15  -7
  2 -16   4  -8
-16   2  -7  -3
  5   4 -17  -9
 19  -9 -13   5
  0  11  18  22
 -9  -4  20  10
-10  22  -9  -1
  0  -5  12   4
 21 -22 -18  13
 -3   4 -19   1
 -5   6   9   3
 13 -20   8 -24
-15 -19  20   0
-19  12 -12  22
  3  23 -19   5
 -5  18 -17 -18
 10 -22  -8  10
  8  -3   0  16
  0 -10 -11 -13
  0  18 -10  -1
 -1  -9  17   5
-21  -4   6  15
  0 -23  -5 -22
 -5  14 -17  16
  9  14 -10  18
 -5  20   7 -10
 -2 -17  23  -7
 17   2  -3  -9
 -5   6 -11   0
 13 -11 -16 -14
  9 -20 -17 -22
 24  -9  10  14
-19  10  -7  12
-12  11 -12  12
 11   0  -3  13
 23  21   2   2
-10  -3 -12   4
 -3  20 -15  17
-24  -6  15  -2
 16  16   0   3
 -9  20  13  19
  5  10  -5  -2
  6  15   7 -15
 -7  12  -5 -16
  2   2   3  17
  6   9   4 -18
 -6  11  18 -24
  9 -16  21   5
 15   8   4  -2
 -9 -22   4 -20
 -5 -17  -7 -17
 16  12  10  15
  8   8   8   1
  6 -23   0 -11
  3  12  -4  14
  4 -14 -15  -9
 13  11   3  21
 -9  23  21   6
  8  22 -10   5
  3 -21 -19 -19
-16  -2  22  19
  0  10   3  13
 19   2 -16  14
-10 -16  -5  18
 20  -7  -4  -2
 -5 -19 -21  15
  6   8  -3   4
 -5   1   5 -19
-14  -9   0 -10
 -7  -2  -5  -5
-21  17 -10   8
  1  -3 -16   4
 16 -17  15   1
 14   9   0  10
 22 -16  -4  -1
  8   7  -4  -3
 17   8 -11  10
 22  14 -13  11
 21  -6   5 -12
 20  -2   5 -19
 -1  19  20   2
-15  10 -13   1
  5  16 -24 -20
-14   3   7   7
-16  18  -5   2
-14  -6  20  17
-23  -7   0   6
 10  12  -4  21
  2 -12  19  -8
-15 -13  -4  20
 19 -11 -17  -8
-24  -8 -13  -8
 13  12  18 -23
 24 -17  -6  21
-16 -12   6 -13
-16  13  14 -21
  1  -1  -9   9
 22   0   8  -3
  6  -5  -3   3
  5  -9   9   0
-24  -2  12 -19
 16 -24  20  12
 14  11  -2  16
 22  19  17   7
 17 -21 -21 -10
 -7  23 -17  22
 -8 -10  24  22
 -7  21 -12  -4
-17 -24 -19  17
-21 -16 -18  -4
 19 -17 -22   2
 19   9   4 -11
-15  -4 -19 -10
-14   1 -10  15
 21   0  20   6
-21  20 -13  14
-14   2   9   5
 -8 -14  18  -9
 10   4  -6 -21
  1 -16   7  -2
 23  22   6  15
-12  -4 -16 -21
 -3 -17   9 -22
  0  -3 -24  15
-17   3  -9   7
  3  -7 -21 -13
 -2  11  -8  -5
 -8  -6  24  18
-14  24 -21  22
 -4  15 -18  18
 -7  -5  11  17
 14   7   6   3
 -5   0  24  22
-10  12  12  18
 15  11  17 -22
 15  18  -7  15
-19  10  -1 -20
 15   3  22 -13
  1   6   9   0
 10   4  -2 -19
-16   7   3   2
-10  19  -6   0
 12 -10 -19  17
-17   6  16   2
-13  -6  10  10
-20 -16 -14  19
 10   4 -20  20
 -5  10 -10 -21
 11  10 -14 -11
 16 -10  14  12
 -2   0  -5  -9
-21  -9  17  -6
 14   8 -15   1
-13   7 -18   8
 12   8 -10 -14
-16  19  -2  11
-20 -18  -5 -23
  7 -19  13  20
-24 -15   7 -19
  4  15  13  -3
 15 -11  16  14
  7   1  18  -6
 -3 -19  -9   0
-19 -13 -13  -7
-24   1   4  -7
  6 -17  -6  11
  2   7  10   1
  1  24 -10   7
  2  -8 -14   4
 17  -2   7  -3
-16  -4  13  11
  3  13  -1   7
 18  -5  21  -7
 14  17  20  -1
 -5 -20  14  -7
 10 -17  -5   7
-17  15   1 -12
 -3 -17 -18  -8
-10  21  21 -10
  1 -13  -9  10
 14  -4 -15 -17
-10   6  -7 -23
 14   5 -20 -22
 -8  -1  11  24
 -1 -12  -1  12
  8   6 -12  10
-17  -7 -15   7
  2   3  14  12
-17 -18 -18 -18
-13 -21  10   1
 12  -5 -14   0
  4  12  15  16
 19   6 -11  22
  1  24  -8  18
  7  -4  22   6
-18 -19  -2  12
  3 -12 -11   0
 -1   8   7  20
 13  10  24  -3
  5  16 -23  -9
  2   4 -15   3
 13  21  22  -6
  7 -10  -5   0
  3 -24 -20 -21
 13  20 -12 -23
-13   7 -13 -18
-12  13   3 -19
 13   5   5  -8
  0  23 -24  -4
  4  17  18  -4
-19  -6   0  16
  7   6  -8 -20
 15  -7  -1  13
-24  -6 -15  11
-23 -20   6  23
 -5 -18 -15   6
 12 -22   1   0
  1   9  -8  21
  9  21  15 -15
 11  23  15   4
 22  21 -10  -1
 -6   7  -7   3
-13  -3  16 -18
 12  18  -3   0
-21   1   3  11
 12 -18  13  11
-20  11  -3   0
  5  24  11   3
  6  15 -15  -1
-21  19 -10  -1
 18  -2 -15  11
-19  -4 -24 -10
-16 -11  12  -9
-16 -21  13  -5
 14   1 -17 -10
-23  23  -5   7
 22  -3  11  -8
 13   4   5 -20
-17  -5  -1  -9
 -7  20  -7  -7
  8  12  21 -24
 15  20  -6  -9
-22  -4  -5  -5
 21  11 -18  -8
 22  -5  -8   1
 -8   0  12  19
 -4  11  21   3
 -1 -11  10  13
 23 -14 -12  -5
-16   8  -3  13
 14   8  15 -22
 23 -12   5  17
-21  -4  18 -19
-14  20   4  -8
 -6 -21  -7  24
 10  24  16   7
 -8  11  14   0
 18  19   3  -2
 -7  22   3  18
-21 -23 -13 -11
 -9  -1 -21 -15
 12 -17  -1  -6
-10 -10  10  17
 19 -18   6 -22
-20  16  -6 -15
 -1   7   0   2
-22  10  -8  -8
-11   8  -9 -11
 -1   1 -13 -15
  3  17 -24  23
  2  17 -14   0
 13   5  14  -4
 16 -17   3 -15
 14 -13  14   8
 18  13   3   2
 13   2 -24 -16
  8 -22  12  -8
 14  10 -20   9
  9 -17 -15   1
 -8  -6 -24 -12
  8 -20 -16  15
  5  -2   0  18
 15 -21  10  17
-13   2  20   5
 23  -1 -11   0
 24  -2 -20 -23
-15  -1  14  19
-17  22  23 -20
-20 -12  20  -2
 10 -17  11 -17
-12   0 -17 -20
 -3  -3  17  -4
  5   2  23 -11
-19  -5  -2 -14
 16   4  20  -9
-19  13  -2 -15
  7   0   2 -21
-17  -5  16  -7
  2  18   4 -20
 -1 -15 -22   3
  4  10  -8  -2
  6 -15  18 -21
-11  -6  14  -9
  1   0 -16 -16
 11 -19   5 -12
  1  20  -4  13
-14  12 -18 -20
 16  14  13  17
  6 -20  -2 -15
-22 -11 -20  -7
-20 -17   9   0
-12 -11 -10  13
  1  18   6  18
 16 -16  -2 -12
  7  -8  10  -3
  7 -15  -5  -3