  8  -8 -20 -11
  4 -13   3  -6
  5  11   9  11
  0   7  10   4
 -4   6 -21  23
  1  -5 -13  21
 14  14   4 -22
 22  -6  -4   1
-20   6   5   5
 -9  21   9  -2
  5  -2 -15  13
  9   6 -17 -20
 -8  24  -4  -5
 -4   4  21  19
  6 -18   0   9
 -8   0   3  20
 -7  -4  -4  -1
  5   6   3   2
 15  -2 -11 -13
-11  -2  -6  21
 -4  -3  13   1
  4  11 -11  11
  6 -23 -18  -4
-13   5  -3 -17
 -4  -1  -7 -20
 20 -21  22   4
 10 -20  -1  -9
  0 -16   2   1
 -5   0  16  21
 10  14   8 -11
 21  12  16 -11
 -9  -4 -21  14
-22  20   4   9
  0  -8  -5 -12
 17 -21  14 -17
 -7  16  -1 -14
 -3 -11  14  -5
 15 -24   5  20
-17 -13   0 -17
-12  -1  12 -24
 -8   9   9  15
 -2   1   2  10
-24  -8  -1 -23
 12  12  12  13
 -4   1 -13 -12
-14   0   2  18
  4  11  20  10
 -4  11  -5   7
 10  -5  20 -19
 24   1  -3   4
  9  14  -5 -10
 -9  11   5  -2
-12   9   2 -13
 24   1   4 -22
-12   2   0   5
  3  -1  18   5
  0   1  12  -3
  4  -6  -6  -2
-20   9   5 -11
 10   1   8  14
  0 -12  -1   2
-16   1 -23 -12
  5   7  -7   9
-16 -17  -3  -9
 22 -13  -3 -19
 -4   9   7   5
 -4 -19  -2 -12
 13  -3 -10  21
 18   7   2   6
-14 -14  14  12
  8 -23   3  -3
 21  -8  10  19
 -6   0  -3  -7
  0   7  -1  -7
  4   4  14 -22
 -3  -8  -1   0
 13 -15  -4   2
  3   5   7  -4
 -3   0 -19  -7
 12   3   0   7
-14  13  -6  -1
 -1  12 -13   0
  2  -4  12   5
 -5   2   4   5
  3  18   5  -3
  3  12  -3   7
  7  -1  14 -15
 -7  -2  12  -6
 -3  -4 -10  20
 22  15  -4 -11
 13  -8  -6  21
-14  -9  -2   0
  9  -1   0  -2
  8   6 -10 -12
 -5   3  -8 -14
  0   1 -21 -17
  1 -11 -17 -18
-21   4 -11   3
 -2  -7   8   7
  5 -16  -6  11
 -7 -18  17   0
  8  -9  -3  13
 16 -12 -10   6
  4   0   2  -2
  7 -15 -21  12
 -3  11  12 -11
  1 -12  20 -17
 17  11 -15  -1
 -7  -4 -10   4
 16  -3   7   3
 12 -16   2   3
-16   0   7   7
-10   1   6  -2
 -8  16   4  -8
  4 -22   7 -10
  0  13   4  -2
-15 -13  -1   7
  4  10  10  15
 21  19  14  -3
 -7   3  11   3
  6  -1  20  13
  8  11  11 -12
  1 -10  10  13
 -4   0  -8  17
 -1   3  10   3
-23 -13  -6  16
  7   7  -2  -7
-21  11 -11  10
 14  15 -24  -7
  3  -3   2   0
 10 -20  -1   7
-22   9  -1   8
 11  21  11 -21
 -4  -4   5   8
 -2 -20  10  20
 12  -8  -5  21
-10  21  -4 -20
-15  24   5  -4
 17 -18   8 -17
  9   5  -8   0
  1 -15 -15  -3
 -1  14   3  11
 -7   9  13  -5
  3   9  13  20
-23  -6   0 -23
 20  11  -8  20
 -5   0 -10 -10
 13 -15  13  13
-24   7   7  11
 14  -2  17  -4
-18   9 -20  13
-16 -23   2  -1
-12  -6  10  24
 -2  -6  14  15
-12 -15  -1 -13
 -4   7   6   7
  6   0  -1   2
 -8  11 -10 -11
 15  -8   5   3
 -6 -18  -6  15
  7   8   1   2
  4   6  13 -13
 -9   0   6   8
-21  13   8 -13
  8 -15 -12  13
  2  19  22 -24
-18  -1 -14   3
-10   8 -13   1
  8  14 -17  -9
 -7   4  -3  12
-13 -24   3   1
 -6  -9   4  -1
  4  13   1  -9
 -7 -18  -3 -17
  0   3  -4   7
  3   2   4  11
 -6  -7  23 -15
 -8  18 -15  18
 -6  13   7  12
  5  14  -5   5
 22  12  12   0
 -2   5  -7  19
  5 -18  -1  16
-14 -19   0 -12
-22  -4  14 -18
 -4  -3  16  -1
 -2  16 -23  24
  7  -2 -19   1
 -5  -7 -21  -3
  2   4 -13  -8
 -2   2   0   6
 11 -20   8  -5
 16  12  14  -6
  9   8  15   9
  3  -5  -8 -15
  3  -2  -4  20
  2  22 -12  23
  5   6   2  10
  7 -24  -6 -11
 11   1 -15 -18
 18   5   5   1
-10   0  17 -16
  2  -3   6  23
 -1   4  10  -3
 -7 -24   2  10
-12 -23  21  -9
 16  -6   7  12
  8   9  15  -6
  6  19  15  14
  8 -12  17 -17
 -6   5  13 -23
  2 -16  11  19
  0  10   6   7
-13 -12  13  -6
 -9 -15 -12  21
  4  -5   0  21
-19   4  -9 -10
 -6   6 -20  16
 -2 -12   1   1
 -1   2   3   0
 -9 -20   3 -16
-24  11 -18   0
-12   2 -22  14
 -4   0 -18  -1
 12  -9   3  -9
  8   2  -2  23
 -8  -3 -11  -7
-15   7   3  -6
 -8 -11 -24 -15
  2 -15 -10  -4
 -6  -8   7  14
-23   1  21  16
 -1  -2 -17 -13
  0 -13  -4  10
 14  14 -19  -8
 10  -9   4  14
 -3  -8  10  -2
 -9   9  11  11
-17   8  -3   5
-11  -6  21  -5
 19 -13 -17  -9
-10   3   6  16
-13 -15  -8 -12
  3  14   0  -6
  4  16  -3 -24
  0  14 -16 -11
-11  -8  18   2
 -2   1  13  -9
  3 -13   4 -14
-10   0  -8  24
 20  15   8 -19
  9  -1   6 -12
  1   7 -11   7
-21  12 -11  -8
 20  18  -9  -2
 -6   3 -11 -18
  0  15   1  24
 -4  -7 -22  17
 -1 -14 -15  22
 -9   2 -12  -2
 -7   1  15  -6
  3 -11   0   7
  0   0  -7 -17
 -6  -2 -16  10
 11  16   2  -9
 -2   9  20  -2
  2  15  -9 -16
 -6   4  20  -4
 13  -4  -5  12
 12   8   0  17
  5  12   5  -4
 20  -1  -4   0
-18   7  -2   2
-20 -10   6 -24
-15 -11  -2   0
 19   5 -14  -1
  9   0   4   6
 -4 -11   7 -15
 22 -13  22   5
-11  16 -22  20
 -7  -9   6   8
 16   4  -8  10
-15 -18  12  20
 20   4  -4 -21
 12  -7   0  -1
  1   0  10 -23
 -4   0   2  17
 17  -6  20  19
 -9   2  -8 -15
-18   0   9  -3
-16  -5   8 -23
 11  -5  23  -9
  5  -3  -3 -12
 -3   5 -14   7
 12  -8  -3  -2
 -7  -7  -7  11
 14  -3   0 -18
  1  -2  10  -6
 20  -9  18  24
  2  11  -3  13
 -5 -10  22  20
  2  17 -16 -20
  2 -18   6  16
  0  12  12  -8
 18 -10  24   2
-12  19  -9  -3
 22  -9 -14   0
  7  13  -3  10
 -3  -4  13 -10
  4  -5 -19 -20
 17 -23  -6  11
  1   0   7  13
 15 -11   4  10
 -1   6 -15  -8
-11  19   7  11
-14  20  12   7
 -2 -23  12  11
 11 -21  -1  24
 11   0 -15  12
 12   5  15   3
  0   2 -20   1
 -4 -10  -4   1
 -5 -14   8   2
  0   3   2  -3
 -4 -11  -3  -7
 17 -13  13   3
  8 -12 -24 -12
  2 -17   8   9
 -6 -18   4 -19
 17  -7   1  -3
-15  -6   6   0
 -5   0 -17  -9
  8 -23  -7  12
 16  -4   1  -8
 -2   6  11 -10
  3 -17   5 -15
  1 -15  -1  19
-19  11  14  21
 -5   3 -21 -10
 -2 -22  10 -13
 17  17  10  -7
-19  20  24  12
  6   4  22  -2
-16 -13  -3 -13
 14 -11 -20 -16
-14 -19  -2  12
 -1   4 -19 -24
 -5   6 -13  13
-10  13  19   6
-14  -8   6  -5
-22 -10  17  -9
-15   3  11  -9
  7   3  21 -10
  4 -18 -13  -3
 14  -8  -8  -9
 -2  10  -7  -4
 -1  -3  -9  -5
-17  23  -2 -14
  8  16  21  11
  6  -7  14  -5
  9  -3   9  -2
 10  -9  14 -12
 13  -4 -20   9
  7 -18 -20   0
  5   8  -7  -1
  8  12  14  15
  1 -16   2   1
 24  18   8  -4
-15  24   5  -6
  1  -7 -12 -16
 -9  -1 -10  -9
 -8   0   9 -12
 23  -2   4  11
 -3  -9 -11  -8
-18   5 -15   4
  3  11  -3  -5
 -4  -5  -2 -12
  1   6  10  -6
 -7   4 -14   5
 -6  22  -4  14
 -8 -15  -3  -7
-18   5   3  -3
 -9 -12  12  10
 12  -8   5   1
 -7   0 -11 -14
 -3  -2 -16  11
-17 -10  11  20
  7  21 -15 -11
-19  22 -11   7
  8  14 -11   8
  9  15  -8 -14
-13   4 -24  13
 -2  14 -13   7
-15   4 -20  -6
  6   4  13  -9
 13 -19   7   9
 24   0   9  -5
  2  -2   4  -9
 -3  18 -21  -2
 12  -3 -24 -24
  1  -4  -1 -20
 14  -8 -15   7
-12 -13  -5  -1
-11  -2   2  -7
  6   6   9  12
-13  15 -18 -11
-17  11   9   5
 18 -16   9 -15
  0   5   3 -15
  6  -1   4   0
 -6  13   7 -20
 11   2   9  23
  4 -23  -2  10
 15  -3   6 -15
-10   5 -15 -17
 12   3   5   0
  5   8   6 -18
  4  14   7  17
  6  -1 -20  16
  5   1   4   2
  8   2   4   0
 11  10   6   5
 -8  23  14 -12
  7   4  -5 -13
-14  10  -7 -16
-10   1   0  17
-10   1  12   0
 22 -15  13  20
 -1   8   5   8
 -7  -8  14   5
-15  22   3  10
-24 -16 -12   7
 13   7   9  22
 18 -23   2  -2
  0 -15 -10 -18
-13  13 -11 -14
  0  15 -12   0
 -6   2  24 -23
  9   9   9 -18
-17  -9   6 -14
 -5 -15  11 -11
 21  22   7  10
 -5  -7  19  -8
-12  -5   3  20
 13   7  10   1
-21  -5   0 -14
 -5   1   0  -7
  9   8  -8  -7
  8  -1 -22   1
 23  24  -6   0
 10   3   4 -23
-11  -9  -3 -10
  9   7  -7  -3
  9 -19  -6   2
 23  -3  -3  12
  1   0  -4 -14
 -9   0 -16   9
  9  17  23 -13
-18   5  13  -4
-15  15   9   3
  4   4  -8  -4
 14 -14   7  14
 -9   8  -1   9
 -2 -15  -8 -17
-11   8 -15  14
  2  21 -22   7
 -4   2   0  24
 18   3 -12  15
  3 -15 -19  -5
-22 -17 -24 -11
 -7   0   9  -4
 11  -3   0  -9
-11  11   0  -7
  4  -2  13 -14
-23   4 -12   3
 -1   9   4  10
-15  14   4 -17
 22   5  -4 -21
 19  18 -24   9
-18  -2  24  -1
 -5  12  23  21
  4  12 -18  11
 -3  -9  17   4
 12  12  13  11
 -5  11  -4   3
  7   4  21  12
 -6 -18   2 -19
  8 -14  10  11
-24   6   5  -1
  0   1  18  -4
-23   8  11  -4
  2   5 -19   0
 10   2   8   7
 -4  -3   5 -15
 14  -2  -2 -11
  1  -6   4   6
  0 -14  -7  16
 10  -6   9   4
 19  11   9  -6
 10   1 -21   4
 22   0   3  22
-10 -20  16 -16
 10 -21   2 -12
  9  -7  19 -11
  6   8   1  10
  3 -20  -6  -8
 15   6  -4  10
 12  14  -5  -7
-13   2  -7  -6
 -4  -5   6   0
 24  -6   4 -19
 -9  -5  10 -21