 -2 -24   0  -1
 11  20 -21  22
 -8  20   8   7
 23 -16  12 -22
-16 -16 -10  -5
 23 -23  13 -11
 17 -22  -1   8
 23  23  -9 -24
-13   9  10  24
 11  23   0   7
 -8  12  21 -24
  4  18  21  -3
 22  15   9 -18
-24 -11  -7   3
 -3 -14 -21 -10
 12 -22  -8  24
 22  -7  -9  17
  0  22 -24   4
-12   6  11  10
 21   2  -5   0
 12  -9 -22  12
-23  16 -15  14
  3 -19  -3  -1
 12  21   9   2
-22  15 -11  10
 17 -21 -24 -20
  0 -14  14 -17
 11   9 -24   1
  0 -13  13   8
 10 -20   7  -3
 16   4  -1  11
 -4 -19  -2  15
  6  -2  10 -22
-13  21 -12  19
  8   1  16 -16
 11 -11 -11  -3
 -4  11  -9  16
-18  13   8   9
  5 -23  -7 -24
 13  -7  15 -20
 18  -7  -2  -4
 -3   0 -23 -24
  9  12 -15   6
  4   7   7  -2
  4  21  -9  21
 -4  -8  18  12
-14 -12 -16 -22
  7  -7  22  -2
 21  14  19  -4
-12  -1 -18   0
  0  16  -6  -8
 13  19   4  14
 15   8   4   0
  8 -19 -21 -12
-17  12   9   9
 17 -15 -14 -15
 23  -1  -8  16
-13   3  22   8
  8   4   0  13
  8  23  -4 -12
 19 -11  -7   7
 20  -7   7   3
 23   3   9 -15
  9  -5  10 -24
  8 -17  16   0
 -3 -14 -17  -6
-23   4  19  -1
 24  -3  17  -2
-17  16  17  11
 12  10 -20  19
 13   8 -11  -3
-17 -13   5 -19
 10  12 -16   1
 10  15 -24 -21
 -3 -11   8   8
 -6  22  12  10
 -5 -24 -10 -14
  7  -6  13  -9
-11 -11  19 -23
-18   2  17  23
-13   2  23   3
  1  10  10 -21
-15  18  19  18
 12   8 -11 -22
 18  15  24 -18
-11   0   8  -6
-22  -6  -1 -13
  1   0  -6  -7
  3  14  -9  10
-24 -14 -24  -8
 24 -10 -22  -6
 15  16  11  14
  5  20   8   7
 21   9 -21  -9
 -8  -6  -3  -1
  0  15 -23 -20
  4  14 -10 -19
 -3  -3   7   0
 21 -14 -21  -4
-16   0  21 -23
 20 -23  -3  -6
 -6 -10 -17  15
 23 -22   5  23
-17  11 -20 -19
 -3  -8  21  18
 17   6  11  23
 -5 -22  20  14
 20 -21  13  16
 10   5  -3 -12
 14  -6   2   1
-11   3  10 -23
  0 -19  16   0
 14  -7 -22  13
-10 -21 -16   1
-17  15 -12 -22
  1  13  -4 -15
-19 -20  13  10
  5   1  19  21
-14 -14   7 -20
 -7   6  22  12
-24   1  12   9
 -3  -3 -15  10
 -8 -14  -3   2
-19 -20   6  -9
-23 -23  22 -19
 15  -1  -9 -14
 22  24  -4  20
 23  20 -17 -24
-11  -3  15   7
 10   5  -1   4
 19  -5 -10   0
  5  -7  10  -7
 14   9 -15 -14
 24  -6   4   0
 12 -15  -6  -9
  0 -18  20  16
 18   3  14 -10
-23  -8  18  -9
 23  23   2 -13
 12 -16   5   5
 -6   3 -17 -13
 -6 -24  17   1
-15 -18 -13 -17
-20  13 -22   6
-19  -9  -6  -2
 18 -14 -18  -5
  9 -21  -6  17
 14   1   6 -19
 -3  -4   3 -17
 -1   4  -7  13
  1  -2 -13   2
-10  15   7  -4
-23   3   6 -15
 11  -1 -13 -16
 15 -11 -17  11
  2 -21  16  24
  5   1  17   2
-13   9  14  -3
 13  17  18  -6
-10  -7  14  17
-16  -2  17 -13
-17  16   4  -9
 10 -19  14 -10
 -3   0 -17  20
  6  -6  19  24
 12  24  -5  14
  2 -10 -21  24
  6  12  17 -17
 -1  12  19  24
-13   0 -21   9
 15 -18 -18   9
 17 -16   4   0
  6   2  18  15
 -6  -4  -8   6
-16   9   1 -21
 18 -14   7  -7
-14  -9  -9  -2
  4 -17   9  -5
-23  16   2 -20
 12  -4  14 -10
 -7  13  17 -20
-18  17  15  -7
-10  -8  -2   0
  0   6 -14 -16
  2  -8 -12  -6
 -3   8 -15   4
 10 -10 -16 -23
  2  -5 -19  10
-20  18  -2   1
-20   2 -11  -4
 16  -3   8  20
  5  11  19   1
 20 -12  -3   4
-11   6 -17  22
-10 -22 -14   8
-19 -11  -2  11
  3   6 -24  12
-18  20 -22   0
 12  -3 -18 -21
  3 -13 -18  22
 -1  10  -1  -7
  5  -5  -3  18
-13  13  18   1
 22   3  -8   1
-12  -6  19   1
 24   9 -24  18
 -5  20 -13 -16
 18  11  12  -6
 21   6   4  10
  1   0  -8 -12
 -5  13  18  -7
 21   0  20   7
 19  23  23  11
 16   0  18 -14
 13  16  13   8
 -7 -20   7  -9
-11  -5   6  12
-21   8  16 -24
 21 -19  -7   5
 18 -19  -4   7
 16  -5   3 -24
 23   2  -6   5
  1  17 -12 -16
 -1  23   3   1
  6   7 -12   3
 12  21  16  -5
  3  15   0   8
 18   0 -15  -9
 11  -6   8  -3
 10  -3  21  18
  3 -23   9 -18
 10  14   7  18
 14   2  -7  -6
  5 -19 -18  18
-12 -22 -22  -8
 17  -1   8   4
-21 -13  -6 -17
-11   1   8  19
  0  -3  16  21
 20  -3 -21  22
 11  11   1 -15
  8  -9   7  10
 11 -17  18  -3
 19  19  -7 -10
 -6   8  15 -13
  7  15  14  -8
 24  11 -20 -10
  3  18  -6  -3
 24  -8 -23  -9
 -2  21  -6   8
 21  -7  -7 -22
 17  12  -2   5
-23   9  15  17
 18  13   1 -18
  0  -1  -6   0
 -9  -4  -6 -15
 19  12  12   8
 -6   1  14   7
  6 -21   9  -8
 12   3   1  -3
 -9  -5  19   6
 14  -6  23  17
 -7  10 -17 -22
  6  -5  -5  23
 -6  -5 -13 -12
  5   5 -10  18
-16  20  18  -8
  7 -13 -12  -9
 -1  -4  -7  -3
-12   7 -11   8
-18 -11   6   1
 16  -5 -21   8
 11  12   7  -2
-13 -19  -5  17
 19 -20 -21 -19
 18  17 -17 -19
 19  24   4   5
  6 -11 -23 -20
 19  -7  13   4
 14  21   7  -3
 11  -6  -5  -7
  6  23  -2   3
 21 -11   4  17
 12  21  13  13
 -1   6 -11  -3
-23 -21 -20  24
-17   6 -11 -11
 21  -9 -24 -13
 20 -23 -10   3
  8  -6 -20  11
 15  -5  18 -16
-11 -19 -10  -9
  9 -17 -13  11
 10   9  15  12
  0   8   5   6
 -7   4   4   2
  4  16  15  -9
-12 -14   3 -16
 10   1 -19  17
 -3  19   0  -7
 10   6  13   6
-17   7  12 -19
 15 -18   3  -3
  9  -2   1  10
-20   5  14  -1
  2   5  23 -13
 -2  -8   8  12
 -3  -1 -12  -2
-21   6   1   0
-24 -24 -21 -11
-22  20  20  22
-12 -12  -2 -11
 21  -1  -7  -3
 -4  23   1   5
 20 -14 -17  -7
 11   9  12 -21
 14  23  -6  23
 21   4   4 -19
-15   7  14 -18
-10  -2  13  -2
  8 -21 -17  -9
 -3  18  15  -9
 -4 -10  12  17
-18   4  22   9
 -3 -11 -11  -6
  0 -16   7   3
  5  14 -22  23
-15   2  -8  -8
  4 -17  14   8
 -1  14   4   3
-14  13  -5  -1
-11 -23 -10  -1
 12  13  17   6
-18  12  -3 -16
-13 -10  13  10
  9   9  14 -20
-18  11  -5   5
-22  10 -12 -10
 -9   0  11  15
-18  -8  22  11
  8   8  23  17
  8 -18  13  20
 21  12  -5 -17
-23  11   1  16
-12   7  -5  10
 -5  19 -19 -20
-12   7  24  10
-17  24  -9 -11
 -6  23  13   2
-18 -14  -7   3
  4 -21  11 -13
 -2  -5   5  12
 -3   4 -15   5
 -6  -8   7  -1
-21   6  -5 -12
 18  -4 -23  23
 -1  11 -13  24
  5 -12   2  11
-20 -11  18  -5
-18  -8 -21 -12
 -2  -7  21   1
  5 -12   4  18
 17  12  -9   1
 20 -11  -2 -20
 16  -8  13  -9
-24   6  15  12
  3 -15   6  14
 22  24  -4  22
-11   4   3  -1
-10   5  19   8
 14  12 -14  20
 14  22  10 -11
 11   5 -23 -11
-22  23  19  15
 10  -9 -12  -8
  6 -19   9  19
 24  14  15   8
-13 -12 -16  19
 14  13  -9 -17
-10 -12 -13   6
-24   7  -6   9
 -8 -19 -11  16
  9   2 -11   5
 18  13   8   6
 -9   2  -2 -23
 17  23 -13 -24
  2 -10  20 -17
  6   6  12  -3
 -7  11  19  -8
 14 -15  14   3
 16  -5 -10 -15
 -9   6  22  -3
-20  -2  13 -21
  3  -9  20   3
 -9  20 -15  21
 20 -24  14  -7
-14 -15  11  10
-12 -13 -17  12
 -4  15   5  22
 19 -20 -16  -2
-23 -10  13  -2
  1   9 -14  17
  9 -16  15  11
 -6 -10  18  17
-24 -23  -3  19
  0   1  -6  15
 -5 -16   0   5
 -3  20  19 -18
-11  -2   8  -5
-21  14  15  18
-13  20 -15  -2
  6  22   8 -20
-13   8   2   9
-11  11 -11   3
  0  20  18   3
  0 -12 -13 -20
 15 -23  -4  -2
-11 -15 -22  19
 16  11 -17  22
-20  11  19   9
-17  19  22  23
 -3   0   3  23
 13   0  15   5
-16 -15  -3  16
  0  18  -2  23
  9  21   6  -8
 13 -22 -11  13
-13  -5  -2   4
-13  20   9 -17
-24   6  15   6
 -6  13  12  -4
-23  23  -8   3
 14   0   9  15
 12  22  -2   4
-14 -16 -24 -15
 12  21  19 -24
  7 -11 -19   0
  7  -2   9  21
  6  16 -15   9
 10 -18   4  21
 -6 -15 -16  16
-20 -11  21   5
 -6  -3 -19 -23
-18  13  -1  14
-12 -19  10   4
-17  21 -10 -18
 15  22  -7   3
-24   8  14   6
 10 -23  18 -11
-19  -5 -17   4
-13 -20  10  17
 18  -6  10 -16
 -1   0  21   8
  6  14  -8  16
 12  -3  -7 -14
-22 -24 -22  15
-23   8  -8  -8
 24   5 -12  -2
 15 -19  21   0
 17 -11   0  18
  2  13 -18  14
-20 -23   4 -22
  3 -23   2  14
 15  -6 -22   8
-21   9   0 -15
 12   2  10  10
 11   1   8   8
  2 -13  22   1
 -2  22   0  -8
 -7  21   3  15
  2  -7 -15  -4
-19   0 -22 -10
-24  -8 -23 -10
  0  -5 -21 -23
-13   7  19 -19
-10   4   0  14
-24  24 -15 -19
 15 -24 -20   2
  4  -3  -5 -13
-16   4 -16  -4
 -4  12  -1  -7
-14  -3  -1  22
  0   0  -4   1
  2  13   4   2
 14   4  12  -1
 22 -14  -1  10
-17  12  19   0
  9  13  -3  -4
 13  12 -18   4
  0 -18 -19 -13
  3  14 -14  16
  7  10   8   6
 -3  -1  14 -16
 12  -5   1  22
-14   2   8 -20
 19 -10 -24   0
 -4   8 -24  19
-10 -10   7  11
 -7  -1  -2   4
 11  13  -6  -7
 -2  10  10   8
 -7 -19  11   9
-14  -5 -23  -8
-13 -10   1  20
 22 -12   8 -14
-16 -24  23   4
  8   1   6  12
 11 -11  10   0
 13  -7  17 -17
 -5 -13   5 -20
  2 -18 -10 -19
 -9 -13 -24  17