5 -20 5 -18 -26831
10 -10 12 -12 -27589
22 10 23 19 -28213
-11 3 -12 4 -30643
6 2 5 3 -26489
-9 16 -9 14 -30481
-15 23 -8 23 -27257
-14 -11 -13 -10 -29037
2 21 6 22 -25889
-22 9 -22 11 -25235
-21 -22 -16 -24 -26863
14 -22 23 -23 -27485
-13 17 -11 18 -28921
0 17 4 1 -41809
2 17 5 17 -29331
0 -24 8 -24 -27355
-14 -6 -13 -7 -29867
-4 -24 -6 -23 -20777
-24 -5 -22 -6 -22475
-24 4 -24 0 -26977
14 14 6 10 -37583
-21 -19 -20 -20 -29111
15 19 12 20 -30165
-11 19 -11 16 -30681
-4 11 -3 10 -28263
3 23 6 21 -27387
7 -18 8 -20 -27669
16 23 8 23 -29983
-6 21 -6 20 -27867
-24 -15 23 -23 -30147
-20 -18 -19 -18 -27147
-5 13 -4 14 -29223
11 -3 10 -3 -27059
20 -22 20 -23 -26591
-23 -7 -23 -3 -25177
4 -24 4 -23 -23417
17 14 18 14 -25637
-23 -10 -22 -14 -27327
9 22 18 23 -30401
1 -16 6 -18 -31145
20 -23 19 -23 -24777
-13 -19 -14 -20 -28625
-21 -5 -16 -5 -23863
23 -10 18 -8 -29929
-3 -22 3 16 -37429
20 -10 18 -11 -30819
-23 -10 -21 -11 -24699
12 1 6 2 -30833
21 9 20 8 -27457
-3 -9 -1 -10 -28327
17 3 13 4 -28609
-8 13 -9 12 -29569
8 -15 8 -16 -28165
23 2 22 9 -28131
-3 23 -2 21 -26141
-13 -23 -11 -24 -25627
12 10 14 11 -29777
-13 -24 -10 -24 -28951
-10 -20 -8 -19 -25373
23 1 21 4 -25903
-15 10 -14 7 -30185
-1 -4 1 -4 -28063
-13 -4 -15 -4 -28419
6 -15 6 -11 -32351
-10 4 -9 5 -27019
-7 -1 -8 -3 -23831
20 19 23 21 -27699
13 -11 11 -11 -26063
-23 23 -2 20 -28605
-5 17 -1 19 -29121
21 -16 22 -17 -24731
-24 -6 -21 0 -27281
22 -6 21 -3 -23671
-15 -5 -15 -2 -26837
-15 -1 -15 -2 -27325
7 20 7 21 -29085
-11 13 -10 13 -28061
10 -2 11 0 -27187
-3 8 1 4 -32057
-5 17 -4 16 -29815
10 -24 -24 -24 -28113
7 6 7 7 -27459
-10 -1 -12 -1 -29503
22 9 22 11 -22911
6 -1 4 -4 -27725
5 -5 4 -5 -26157
-15 15 -18 16 -22169
23 18 20 19 -28499
12 0 11 1 -29475
-8 -12 -6 -11 -27233
18 -12 18 -11 -29195
-1 -12 1 -8 -33187
-2 -16 -1 -16 -26231
2 13 6 13 -28183
23 -4 23 4 -28567
15 23 -11 21 -30039
-9 16 -10 15 -30935
-10 -21 -11 -23 -23851
10 20 11 23 -26999
9 -7 9 -10 -25885
9 -1 9 0 -28341
-3 21 0 21 -29513
23 13 19 12 -26947
10 0 6 3 -29451
-8 -22 -8 -23 -19139
18 -5 17 -8 -28555
-9 0 -7 -1 -27009
-16 12 -17 11 -26977
9 16 7 15 -30095
17 21 23 20 -29995
-12 -9 -8 -8 -27531
-2 -18 -3 -14 -21645
23 -23 21 -18 -29343
-18 1 -18 -1 -27929
19 15 -11 11 -35875
5 -22 8 -22 -27909
23 -4 21 -6 -25765
-5 17 -6 16 -30539
-19 -4 -22 -5 -26881
1 18 -1 20 -28583
10 5 12 4 -31647
13 -8 17 -8 -30103
-23 -12 -21 -10 -27085
-4 -15 -5 -17 -22159
-2 -7 -5 -8 -28099
6 22 10 22 -30637
6 -8 6 -6 -29313
-24 4 -21 2 -25175
7 23 7 22 -20145
-4 9 -4 7 -29523
21 19 23 18 -27151
11 -22 11 -23 -26109
19 -22 13 -23 -25805
-18 4 -23 4 -26943
0 21 4 21 -30967
-18 -1 16 22 -37519
18 0 16 -1 -27317
23 -19 19 -22 -28117
14 -3 15 -10 -30249
9 -21 13 -21 -26489
-15 22 -13 21 -23565
-19 19 -18 20 -29087
7 -13 6 -13 -26683
14 -12 14 -9 -28993
-19 20 -24 21 -26971
-2 21 1 23 -30049
21 22 19 21 -28879
18 18 17 17 -23453
12 13 16 14 -27983
-4 8 -1 7 -30369
23 -9 23 -6 -23355
-13 -19 -11 -19 -28461
13 3 15 5 -26803
-9 19 -8 16 -30893
16 20 15 23 -26467
20 -2 23 0 -28587
-14 -4 -16 -3 -28371
5 15 3 14 -29495
-24 -14 -23 -15 -20675
-24 2 -24 0 -25929
2 -21 0 -24 -28363
-7 9 -9 10 -30519
16 6 17 5 -28527
-2 -19 -2 -22 -24735
10 6 9 7 -29683
22 -21 22 -19 -26049
5 -22 7 -24 -25969
-21 0 -17 1 -24039
9 -9 11 -9 -28061
-24 -24 -24 -21 -30191
1 -23 0 -21 -27107
-1 21 -2 19 -29847
-21 -3 -24 1 -25733
-24 12 -21 10 -20545
-9 7 -10 7 -28675
-18 -23 -17 -20 -26631
-5 -6 -5 -5 -25145
17 -17 17 -19 -26867
13 10 15 8 -28217
21 22 -23 22 -29211
-3 -19 -5 -18 -26993
-24 -22 -23 -18 -24211
-15 -23 -16 -24 -23485
19 1 17 1 -28111
-16 12 -13 14 -30559
-24 -8 -24 -9 -19903
-3 0 16 2 -35849
-20 9 -23 8 -27013
23 -15 23 -13 -25169
9 12 9 15 -30581
-12 15 -11 12 -29839
7 -23 6 -24 -24907
-15 -11 -13 -13 -28983
-18 14 -18 13 -24013
1 11 2 9 -29469
11 -2 13 -3 -26873
-3 15 0 14 -29525
-24 -2 -22 -6 -26037
11 23 20 22 -30781
-4 -2 -2 -5 -24805
-7 23 -11 20 -30569
-1 21 2 21 -32967
-10 23 2 23 -29573
4 7 4 8 -29645
7 -10 11 -10 -28399
18 -23 18 -24 -21209
7 -7 10 -8 -24157
2 0 1 1 -25717
3 -8 4 -12 -28175
23 23 22 18 -25929
20 19 19 19 -28235
11 10 9 9 -30499
8 -10 7 -15 -31471
15 -16 16 -19 -29043
0 23 -1 23 -26527
6 12 9 10 -29645
23 -13 22 -10 -25921
5 -12 3 -12 -26191
-4 17 -7 18 -27741
-11 -15 -17 -16 -28349
23 -17 20 -20 -30453
-4 -20 -8 -19 -28137
-6 19 -9 18 -31455
-16 12 -15 9 -28411
13 -24 -8 -24 -27393
-22 -4 -24 -4 -19335
-13 -5 -14 -6 -25993
11 15 9 17 -27059
14 -24 14 -21 -30409
20 -7 20 -10 -26311
2 -3 1 -1 -25299
21 7 22 5 -28155
-20 3 -20 5 -28207
-11 22 -5 23 -26475
-13 2 -16 2 -26405
-1 -23 3 -22 -26419
-22 21 -23 23 -16919
-23 -21 -22 -22 -27051
-15 19 -15 20 -26369
-8 -3 -12 -4 -30751
6 19 4 21 -28639
23 -24 20 -22 -19977
-5 -9 -4 -12 -27671
-24 18 -20 12 -26259
-23 11 -22 18 -28929
2 -13 -1 -8 -30765
22 -1 21 -3 -28723
3 -7 6 -6 -27973
-17 -22 -24 -24 -26985
-14 -14 -11 -15 -26993
-22 18 23 23 -30033
-22 -24 -18 -24 -26479
12 19 13 20 -28049
-11 9 -12 7 -28269
-21 22 -19 23 -22401
13 -7 12 -6 -25431
5 -11 9 -13 -29249
11 -17 13 -17 -27001
-6 22 -7 23 -25331
18 20 19 19 -28555
-8 -15 -5 -15 -24287
12 21 12 17 -31449
22 5 22 2 -25439
16 -15 16 -14 -25295
16 7 14 7 -26055
8 -24 12 -24 -21403
-13 -11 -14 -13 -29769
-8 -15 -11 -14 -23911
10 -17 9 -16 -27167
23 -17 22 -18 -26467
-24 -22 -21 -17 -28155
-12 13 -12 10 -28113
23 -14 -11 -9 -31235
17 23 17 20 -25839
19 0 21 -1 -26657
4 20 1 23 -28269
18 -20 19 -21 -27631
6 -2 5 -2 -27105
12 23 14 22 -27883
16 -23 16 -22 -30193
21 -13 23 -12 -23807
23 -12 -24 -5 -30491
16 1 16 5 -27759
-24 1 -24 23 -27489
-19 -18 -19 -17 -25097
14 -15 17 -15 -27869
-7 7 -1 8 -30935
6 -17 8 -16 -27157
15 13 15 12 -29883
5 -24 10 -24 -25347
-24 -16 -23 -18 -23833
21 6 23 7 -25919
2 -24 1 -22 -26155
-1 18 0 16 -27893
18 4 21 5 -29339
23 15 20 12 -27153
-22 7 -22 8 -24103
-18 -13 -17 -11 -27597
19 1 23 1 -27401
-17 3 -15 4 -27039
23 -16 23 -14 -24645
-24 -16 -20 -16 -27549
15 10 21 9 -29503
16 -24 13 -22 -26815
-22 16 -24 22 -24897
17 -1 15 0 -27005
-14 -24 -18 -22 -25201
-8 -1 -9 -10 -26759
13 -20 16 -21 -27819
-16 -24 4 -22 -30217
-24 -23 2 -24 -27487
21 3 22 -20 -30223
-10 2 -6 1 -30633
5 19 9 20 -28519
-19 -22 -21 -23 -29001
-10 11 -9 11 -30205
1 -8 5 -9 -27577
-10 23 -14 21 -29715
1 7 0 6 -29753
-13 2 -12 3 -25279
-24 -19 -23 -20 -24787
-24 -17 -22 -15 -23867
-17 9 -21 8 -27205
21 -5 7 -6 -34645
2 19 0 17 -32255
7 0 6 -2 -28559
21 -12 22 -15 -28293
23 16 1 14 -30791
19 -8 17 -8 -30321
23 14 23 16 -21677
-9 -16 -10 -18 -24029
-8 6 -8 8 -29303
-24 12 -21 16 -28085
-17 5 -20 6 -24311
-10 -8 -8 -11 -26973
20 13 23 11 -25453
-7 -6 -10 -6 -27507
6 6 8 4 -28077
13 -8 14 -7 -28419
-8 4 -7 4 -26773
21 20 22 22 -27665
12 6 11 5 -27867
16 23 20 22 -26181
7 -3 6 -1 -27045
-16 1 -16 4 -30387
-10 -5 -14 -5 -30629
3 -19 2 -22 -27297
21 14 18 15 -28555
-2 2 -2 -24 -30933
18 10 19 6 -26951
5 -9 4 -13 -30663
21 0 -3 -17 -36575
-2 -1 -5 -1 -28965
9 -8 7 -4 -28195
-17 -8 -15 -8 -22493
-3 13 -8 14 -30565
6 -16 5 -13 -30331
-24 -15 5 -10 -30013
8 20 8 19 -29697
-13 16 -14 14 -29409
-23 17 -24 17 -15791
-18 -14 -21 -12 -28143
-11 24 -16 22 -27091
-24 -17 -21 -17 -25627
-1 0 -3 0 -29987
-18 -9 -15 -13 -31291
-10 -10 -10 -14 -31699
-18 22 -15 23 -22985
19 -12 21 -13 -27099
14 23 17 23 -24779
-1 -23 -4 -22 -24703
9 -21 11 -19 -26053
19 -9 22 -10 -29599
19 -4 22 -6 -24083
20 8 23 8 -27921
-9 -2 -6 -5 -25757
-22 6 -24 3 -25751
-14 12 -13 12 -28925
-1 -18 23 -24 -26363
-24 -23 -24 -24 -21373
-17 -21 -14 -20 -31149
-1 -10 2 -11 -26365
-1 5 -3 5 -29975
15 -10 18 -10 -29793
-17 2 -16 1 -25395
4 23 14 23 -31695
-1 -6 2 -8 -27625
20 5 21 5 -31097
14 -21 15 -20 -25813
6 17 8 19 -28961
-19 -17 -19 -14 -25957
-12 -19 -12 -15 -25183
-24 8 -24 10 -23193
3 13 2 12 -28725
15 -3 14 -1 -26659
16 -12 15 -10 -28855
2 -17 5 -17 -28959
23 20 20 23 -24649
2 13 1 14 -29139
-10 23 -10 21 -25285
-1 9 4 10 -28367
1 -6 1 -9 -29001
-24 -21 -24 -24 -29975
-5 -7 -6 -6 -24113
1 16 -1 14 -29711
-1 -21 -4 -23 -27393
-24 1 -22 2 -23245
-4 4 -3 5 -24325
-13 3 -13 -2 -28987
-7 9 -24 10 -32593
11 23 3 23 -29843
14 14 14 13 -29647
12 12 9 13 -28185
11 6 10 6 -29997
-9 -22 -8 -22 -25401
5 -3 3 -7 -27085
-11 -18 -10 -21 -24875
-12 -23 -9 -23 -29391
13 -19 15 -22 -29947
3 -6 2 -7 -27259
-9 20 -11 21 -27663
-10 16 -5 -1 -42569
-9 23 -4 21 -29359
23 -20 19 -18 -28041
-20 -6 -23 -9 -27147
21 -1 22 2 -27759
18 8 16 6 -28579
-8 8 -4 9 -28131
-6 -1 -6 3 -24363
22 23 19 22 -23401
-16 12 -13 11 -29021
-21 -3 -21 -5 -27127
20 -5 19 -5 -25673
2 -23 -5 -24 -26141
-10 10 -9 8 -31399
-20 -24 -19 -23 -26289
-4 -6 -8 -7 -26825
-17 -16 -16 -19 -27721
22 -5 21 -7 -26449
6 14 6 11 -31471
0 9 23 9 -28941
-14 -21 -15 -21 -29827
5 8 7 6 -28643
-23 3 -24 2 -23091
-23 15 -21 17 -24803
9 4 8 1 -23483
21 1 -21 16 -33855
-19 19 -18 17 -23761
-17 17 -21 15 -27933
-24 -14 -23 -7 -26205
-9 -20 -7 -22 -26949
10 -16 10 -17 -27425
-4 23 -5 21 -26645
-6 -12 -6 -11 -26309
-24 -8 -24 -19 -27755
21 -3 20 2 -30075
-10 4 -15 4 -29891
6 11 5 12 -29091
4 8 6 8 -23775
-2 -12 -3 -12 -28077
-17 7 -16 8 -27853
10 -19 11 -20 -26205
2 5 4 5 -25939
-21 22 -23 18 -27409
23 -23 18 -24 -23405
-23 2 -24 4 -22493
16 -18 19 -18 -24091
-17 22 -19 20 -27437
12 -24 15 -23 -22541
-19 23 5 24 -28555
15 -7 19 -6 -32203
11 19 12 19 -28065
23 12 23 13 -23383
1 -23 4 -24 -24541
-24 10 -23 15 -26467
15 14 16 14 -25273
-14 4 -14 5 -26259
-12 -8 -12 -7 -24345
0 10 -2 8 -28407
14 -12 13 -14 -25885
23 6 20 7 -28817
-14 16 -12 15 -28491
-18 -7 -18 -6 -25433
12 1 10 2 -30437
-23 5 -21 8 -26849
-20 19 -24 22 -24693
1 12 0 13 -29853
-13 -22 -16 -23 -30089
0 -16 1 -13 -24595
-8 7 -7 5 -32815
-5 12 -5 13 -26213
20 -17 23 -16 -27071
-20 16 -22 16 -24475
-9 -12 -8 -11 -29223
-4 -10 0 -9 -30057
21 -23 21 -20 -29789
10 22 8 23 -25361
-9 -14 -9 -15 -24513
4 8 3 10 -31215
-22 8 -20 7 -25689
23 20 23 17 -24289
7 -21 7 -24 -27833
-21 22 -22 19 -27179
9 12 7 11 -30521
11 13 13 11 -29619
-17 -20 -16 -22 -25861
-23 20 -19 20 -27513
-14 21 -15 23 -22983
-23 -8 -19 -8 -27585
3 -17 1 -15 -28713
-4 -22 -7 -23 -22217
0 -10 1 -7 -30971
