8 -10 7 -5 -28062
-22 15 -24 23 -31116
22 -18 23 -10 -25984
-6 -18 -3 -16 -29090
-1 9 2 10 -26650
-22 19 -22 22 -31900
-21 4 -23 9 -26694
12 -24 13 -23 -23958
22 22 18 22 -22624
2 20 0 23 -26382
12 7 12 9 -26056
4 -4 1 -4 -29832
11 22 -15 23 -28052
20 0 18 1 -25612
16 -9 17 -8 -29692
-13 11 -15 11 -26008
4 -18 4 -17 -26220
-7 23 -8 23 -24212
5 22 8 21 -28192
-11 22 -12 21 -28028
-14 -5 -14 -3 -28766
14 -19 17 -20 -30056
3 -5 8 -4 -31730
20 19 22 15 -30018
-18 22 -24 23 -23864
-14 23 -12 22 -24112
13 12 12 12 -21622
20 10 23 13 -29608
-21 8 -23 7 -26104
-9 4 -8 4 -27834
8 1 6 0 -28214
9 1 7 2 -26068
-10 11 -8 11 -28682
-5 -7 -6 -9 -32520
1 -11 0 -9 -29334
14 2 16 3 -24752
-23 -20 -23 -22 -29084
1 -15 -2 -13 -28142
23 -22 3 -24 -31690
24 5 19 4 -28132
-23 3 -21 3 -25478
-8 22 -6 22 -27902
9 -14 9 -16 -28182
17 -20 16 -22 -29398
-4 11 0 10 -32048
-24 22 23 23 -24044
-5 23 -3 22 -24764
-8 -19 -9 -19 -27506
-9 -24 -5 -24 -30796
10 14 9 14 -25760
-10 18 -11 18 -27884
15 19 16 20 -28530
7 -24 13 -24 -30190
3 -17 7 -14 -28640
16 8 18 10 -24606
10 -17 7 -17 -30206
-17 -12 -19 -13 -29836
23 -10 23 -6 -26884
-23 -1 -24 18 -28252
-10 -2 -12 -2 -26830
18 -19 15 -19 -32090
-23 14 -23 16 -22086
23 10 22 11 -24728
13 -9 16 -9 -33214
-4 23 23 21 -31282
-16 -20 -17 -20 -24930
10 10 7 9 -28310
7 11 6 12 -32114
-23 -1 -20 -3 -27494
-5 -5 -4 -6 -27562
-5 -4 -6 0 -26560
-11 -21 -11 -19 -29350
17 23 16 23 -22686
12 -9 11 -7 -24850
-8 -17 -7 -15 -30866
21 19 20 19 -24970
10 -15 10 -12 -29620
8 -2 7 -4 -25400
-7 -5 -9 -5 -28736
-4 21 -5 19 -30112
-5 16 -9 17 -30164
-18 -13 -18 -15 -27206
-8 0 -6 1 -27838
4 20 3 21 -28754
9 3 8 2 -27582
-8 -19 -9 -18 -29632
-6 -19 -7 -21 -32804
2 -23 -1 -24 -31622
23 -2 21 -5 -26856
-19 21 -20 20 -28384
13 -11 12 -11 -29944
3 -11 5 -11 -29004
-10 -7 -7 -10 -28546
14 10 16 10 -25766
8 -20 10 -24 -25400
-1 21 0 22 -28004
4 9 5 10 -27598
4 -14 5 -16 -26984
15 -3 15 -4 -27658
-20 -14 -13 13 -37522
21 15 22 13 -30142
-4 -14 -3 -6 -36142
22 -21 23 -21 -25402
-7 -22 -7 -21 -29746
23 0 22 0 -19416
6 -24 7 -19 -27950
-24 -9 -22 -7 -25568
-12 7 -12 8 -27186
16 21 18 21 -26172
-8 -4 -11 -2 -28930
-18 -24 -19 -22 -22896
-22 5 -24 6 -22930
5 -10 4 -15 -29878
-3 -13 0 -12 -30012
-11 10 -11 9 -27716
-19 22 -15 21 -27450
21 3 22 -2 -29044
18 15 20 17 -30370
8 5 7 7 -27136
-7 -1 -10 -1 -29630
-17 7 -12 6 -25752
15 15 17 14 -31016
-21 -14 -23 -16 -30462
-17 3 -17 4 -21074
-12 -8 -10 -8 -25958
22 -10 21 -10 -22838
19 -4 21 -5 -26370
-24 -5 -23 -15 -27046
-23 -24 -18 -22 -23850
10 20 12 21 -28788
-4 -6 -2 -7 -28770
23 -4 23 -20 -30104
23 20 19 17 -25052
8 16 7 17 -32166
23 5 21 9 -28732
-8 -2 -8 -3 -24316
22 -22 23 -12 -29176
-9 -13 -8 -16 -26992
-17 -2 -18 -3 -28198
4 22 8 23 -26016
15 0 16 -2 -28676
21 15 -13 -1 -36062
2 -9 -3 -8 -31594
-18 18 -17 16 -25828
-3 -8 0 -6 -29476
-4 -24 -24 -24 -27348
-23 7 -24 13 -27950
-8 9 -6 8 -27680
10 6 6 7 -27764
-21 7 -22 4 -24996
20 -19 23 -18 -29434
-6 -17 -8 -17 -29218
-24 2 -22 -1 -21998
-7 -17 -7 -19 -29396
-7 16 -8 13 -27894
5 11 2 11 -29014
-2 11 0 12 -26966
1 3 -5 3 -28362
23 20 20 22 -26856
20 -7 5 15 -39488
-5 -24 -8 -22 -29782
-1 -3 -4 -3 -28276
6 16 3 15 -24008
-2 -5 -2 -3 -29656
17 5 15 6 -24802
8 -12 8 -11 -27466
-19 -12 -20 -9 -27852
18 -13 20 -14 -28580
3 23 21 23 -30838
16 -4 18 -3 -28418
19 -24 19 -21 -25260
14 10 15 9 -28028
-6 -24 3 -24 -31484
10 19 12 19 -27690
18 2 19 3 -28278
-7 -13 -6 -12 -27380
20 -5 20 -6 -26184
-24 0 -24 -7 -26548
8 -23 5 -22 -26632
-18 20 -17 21 -28874
-15 23 22 23 -29922
18 -19 0 -24 -38206
0 22 12 10 -43452
-14 -7 -21 -7 -25020
-21 1 -21 2 -24002
11 21 13 23 -24180
-24 2 -20 4 -26144
-14 -7 -13 -7 -26574
10 -21 13 -22 -26736
14 -20 13 -20 -29626
23 -24 21 -21 -22942
-22 -10 -24 -11 -26768
2 -24 1 -23 -20966
-19 15 -20 13 -28412
-1 -7 -1 -5 -31312
23 -7 22 -8 -23148
10 -15 9 -19 -30794
-21 -24 -19 -24 -20100
-23 -7 -24 -6 -21436
-24 13 -24 10 -25428
-1 14 -1 15 -26930
-5 -12 -3 -12 -28208
20 -1 21 -2 -28928
0 -23 -3 -24 -28878
-10 -9 -11 -14 -32116
-16 7 -15 10 -30438
-21 -23 -24 -21 -24414
-8 -11 -8 -9 -29020
-11 13 -11 12 -26058
-8 6 -8 3 -26950
14 19 14 17 -26900
-5 16 22 -18 -35974
-14 -24 -10 -23 -20626
-19 -17 -20 -20 -29136
7 -10 9 -10 -28976
17 -23 15 -22 -29532
-1 20 0 20 -28746
3 -5 0 -6 -28828
12 23 12 19 -29708
3 1 4 0 -26894
-20 14 -24 13 -24920
-13 -16 -11 -15 -28956
8 22 9 20 -27424
22 16 23 23 -25832
-14 -13 -17 -11 -27818
23 13 17 12 -29910
12 -1 13 -3 -29370
16 -8 16 -11 -28822
-11 4 -10 1 -26926
8 -24 11 -23 -30458
-4 7 -7 3 -28754
-23 8 -24 5 -22884
22 -14 20 -14 -27348
-12 -2 -16 -2 -29796
7 10 7 13 -28800
23 8 19 8 -30426
12 -20 11 -18 -27414
-12 -18 -12 -17 -26764
-4 13 -2 12 -27278
3 16 2 13 -28000
15 -24 16 -21 -26422
9 -2 10 -2 -25770
18 -14 19 -10 -29368
8 -13 6 -11 -29664
-17 18 -17 23 -31804
-4 -22 -3 -23 -23946
-15 3 -16 3 -25698
-15 -1 -16 0 -26264
-7 -16 -6 -11 -31304
18 -23 -8 -18 -33564
7 -13 11 -13 -30960
22 -10 -15 -23 -39292
20 -6 17 -7 -31112
-10 12 -9 11 -28166
-4 7 -3 7 -25462
0 -23 -1 -19 -30658
19 -10 16 -10 -31860
22 16 20 12 -31980
-3 -11 -1 -9 -29030
-3 -9 -4 -8 -30962
3 21 6 21 -24158
-22 9 -24 9 -21666
22 6 23 5 -26318
-13 16 -13 14 -30462
20 -17 18 -18 -30752
-12 5 -11 5 -27042
-24 -24 17 -24 -27504
1 22 -5 23 -28980
-7 9 -6 11 -27740
-4 -12 -5 -11 -30596
-24 -14 -22 -16 -24228
-23 -7 -23 -3 -26900
-23 21 -24 20 -23308
20 -14 20 -13 -24582
8 -24 7 -23 -22806
10 10 9 10 -27550
-5 15 -7 14 -26644
2 1 1 2 -25202
-24 -13 -24 -16 -23908
11 15 10 16 -30894
-11 -9 -9 -7 -31152
23 -20 17 -18 -31984
11 -15 12 -15 -28962
-4 -19 -6 -18 -28260
7 21 6 20 -25602
23 6 23 -2 -28876
18 -22 16 -21 -30448
12 -10 13 -14 -30172
-5 8 -5 6 -26918
0 -24 4 -23 -32368
8 0 9 -1 -28896
-10 14 -11 14 -31960
-13 -15 -15 -16 -27498
-21 12 -20 9 -27994
10 8 17 9 -28720
8 -10 6 -11 -32080
6 16 8 18 -23208
-3 -23 7 -24 -34148
23 -16 23 -21 -27078
6 -22 5 -22 -28876
-13 -21 -13 -24 -24574
-10 23 -19 22 -26412
-17 -2 -16 0 -28884
-24 17 -22 19 -24462
5 16 4 18 -27968
20 9 22 9 -30790
23 10 23 0 -28464
-23 -5 -22 -9 -27352
-11 -13 -14 -11 -29354
0 20 1 23 -25754
-18 21 -20 23 -26350
-12 -3 -15 -5 -30910
-23 -3 -21 -2 -24324
12 -24 -14 -24 -29496
-16 -23 -12 -24 -25162
-5 21 -2 22 -29388
1 -18 0 -18 -30176
-23 -18 -22 -20 -24252
4 -3 4 -6 -28108
-21 13 -24 14 -25694
-22 -20 -23 -23 -29186
6 -8 5 -7 -28306
5 4 1 3 -29222
8 -11 9 -9 -29030
5 19 4 21 -30724
16 18 15 18 -27692
-14 -1 -11 0 -28340
12 22 16 22 -29066
3 9 4 9 -29878
-21 -14 -24 -14 -28950
17 -13 13 -15 -34460
3 -24 -24 -24 -27128
13 3 11 5 -27030
3 -12 20 -10 -41456
3 22 -1 23 -25536
22 -5 -3 -9 -36008
-19 23 -21 23 -24696
-12 15 -12 18 -29634
-24 16 -22 17 -22792
-19 -12 -17 -12 -25648
-21 -21 -23 -23 -24500
-24 -17 -20 -17 -25838
21 -12 19 -11 -28278
-7 23 -5 20 -27718
-7 -24 -6 -24 -29822
-17 -3 -20 -2 -23782
1 18 1 19 -24908
-16 21 -14 21 -25230
8 -5 11 -6 -27474
-6 -24 -3 -23 -26396
-7 10 -9 8 -30146
20 -4 22 -3 -27696
3 -2 5 -1 -29376
-6 -10 -4 -10 -28520
-21 22 -17 23 -26234
-23 -9 -19 -10 -25386
-8 20 -8 22 -29698
-17 -5 -17 -11 -30260
-16 -22 -17 -18 -30314
-14 -14 -12 -16 -27636
17 5 17 3 -27142
10 3 13 3 -28838
1 -20 -2 -19 -31090
-9 -8 -6 -8 -27046
-23 -4 -22 -1 -26136
-15 -10 -13 -9 -29638
19 14 20 14 -27428
-7 23 -9 21 -28612
13 23 14 21 -21432
-16 -1 -16 1 -26722
-23 0 -19 0 -24844
-16 9 -22 9 -29578
16 23 11 23 -26628
7 15 7 12 -30390
-15 22 -14 23 -22790
-15 16 -16 15 -28634
21 -21 23 -21 -28986
-9 6 -12 5 -30872
19 13 17 15 -32014
-18 -24 -17 -19 -29206
23 17 23 20 -25084
-24 -23 -24 -4 -28490
-18 3 -16 3 -24754
0 -9 -1 -7 -31106
3 5 4 3 -26662
15 -2 11 -2 -27332
20 20 20 23 -24944
-18 -7 -19 -5 -27772
-19 -16 -20 -14 -26594
-16 9 -20 8 -30252
-12 -4 -12 -5 -28144
-20 8 -19 10 -27258
11 6 13 7 -27986
-19 12 -21 12 -28178
-17 -13 -16 -11 -28138
-23 -13 -24 -13 -23468
-5 18 -5 16 -25746
21 -20 19 -20 -30418
18 23 21 22 -24466
3 7 1 8 -28480
-24 14 -23 12 -24386
-23 19 -23 23 -29350
23 -5 22 -4 -21726
11 -24 17 -24 -26064
-12 21 -12 20 -29452
5 -3 8 -4 -30254
16 -20 16 -21 -27966
11 -7 12 -6 -25938
-3 9 1 5 -32738
16 -17 15 -15 -26398
-4 14 -8 15 -30126
4 0 4 -2 -24358
-13 11 -14 14 -27130
5 -6 3 -7 -28332
-4 8 -3 9 -24284
-8 -9 -8 -5 -30712
17 0 18 1 -27322
22 8 21 13 -28906
4 -9 4 -7 -27928
2 14 23 10 -32026
0 -20 0 -22 -28988
-11 7 -4 7 -31208
13 12 12 14 -28294
14 -2 14 -1 -30138
19 23 18 20 -25930
3 9 3 7 -26376
9 21 12 20 -28342
1 -18 2 -16 -28390
-8 -14 -12 -15 -27568
22 -13 2 2 -35382
22 12 21 9 -28162
-24 -6 -22 -5 -23570
3 -13 1 -11 -28734
-5 14 22 19 -32634
11 0 9 2 -27162
-9 -5 -8 -4 -28082
23 12 21 14 -27662
12 15 11 13 -25248
-14 15 -13 16 -30146
-24 -14 -23 -12 -25840
-16 16 -12 14 -28216
15 -23 22 -24 -25796
22 5 23 6 -24272
14 -11 16 -11 -33670
24 -1 23 0 -18218
17 -9 -24 -9 -31448
20 5 21 4 -29642
15 -11 14 -9 -30668
-13 4 -12 7 -28676
-9 -24 -5 -21 -29456
-6 -19 -5 -22 -32196
0 11 -2 12 -29026
22 20 19 22 -30450
-19 -23 -13 -24 -26136
-23 -18 -24 -23 -28742
7 7 4 8 -27830
-24 20 -22 18 -28260
9 6 9 5 -24016
-11 20 -9 21 -27932
18 8 19 7 -26396
8 14 5 15 -30782
22 -17 23 -19 -25428
-20 -18 -18 -17 -26946
23 -23 22 -20 -25276
5 22 11 23 -26420
4 -19 6 -23 -29416
4 -7 2 -6 -28976
-17 14 -18 12 -29296
19 16 19 14 -31194
9 -22 10 -21 -27856
-22 -24 -24 -23 -20728
-12 6 -14 5 -29874
0 18 -2 18 -29092
22 4 20 3 -29092
21 -1 23 3 -28624
7 -19 5 -17 -29762
-11 -24 -12 -23 -22408
3 -24 6 -22 -29062
20 -24 23 -24 -22534
21 0 20 0 -26148
-4 23 -7 22 -27536
3 -15 4 -15 -25636
-3 17 -5 17 -27254
-8 2 -6 1 -26162
19 -7 19 -8 -28492
20 -9 17 -8 -29786
-11 15 -9 15 -32490
12 -20 13 -17 -29566
15 0 12 0 -26292
-14 22 -15 23 -26264
22 -21 21 -23 -21332
-16 -18 -14 -19 -27620
-14 14 -20 14 -28328
19 -18 19 -19 -26136
2 -24 8 -24 -31300
22 -10 21 -7 -26530
-3 22 4 23 -25656
-1 12 3 8 -31096
-23 18 -24 19 -26096
-14 -21 -18 -23 -26356
-20 14 -18 13 -29404
-11 19 -14 20 -26270
-9 -21 -12 -21 -25418
-23 3 -23 2 -19750
9 0 10 2 -27084
-2 -24 -1 -22 -25862
0 -14 -1 -10 -29978
-1 11 -1 12 -25486
23 -9 1 -8 -34858
-24 -3 -24 8 -25068
14 -15 13 -15 -32534
-8 0 -6 5 -29198
