8 -10 7 -5 -28730
-22 15 -24 23 -30728
22 -18 23 -10 -25876
-6 -18 -3 -16 -29178
-1 9 2 10 -27002
-22 19 -22 22 -31986
-21 4 -23 9 -27048
12 -24 13 -23 -22900
22 22 18 22 -22816
2 20 0 23 -26574
12 7 12 9 -26382
4 -4 1 -4 -30152
11 22 -15 23 -28282
20 0 18 1 -25844
16 -9 17 -8 -29248
-13 11 -15 11 -26112
4 -18 4 -17 -25818
-7 23 -8 23 -24356
5 22 8 21 -26950
-11 22 -12 21 -27548
-14 -5 -14 -3 -30298
14 -19 17 -20 -30900
3 -5 8 -4 -31294
20 19 22 15 -30212
-18 22 -24 23 -24090
-14 23 -12 22 -24380
13 12 12 12 -21804
20 10 23 13 -29432
-21 8 -23 7 -26378
-9 4 -8 4 -28118
8 1 6 0 -28352
9 1 7 2 -26042
-10 11 -8 11 -28704
-5 -7 -6 -9 -31970
1 -11 0 -9 -28730
14 2 16 3 -25954
-23 -20 -23 -22 -29172
1 -15 -2 -13 -28592
23 -22 3 -24 -29284
24 5 19 4 -28366
-23 3 -21 3 -24828
-8 22 -6 22 -28448
9 -14 9 -16 -27992
17 -20 16 -22 -29004
-4 11 0 10 -32686
-24 22 23 23 -24474
-5 23 -3 22 -25612
-8 -19 -9 -19 -27706
-9 -24 -5 -24 -30260
10 14 9 14 -25324
-10 18 -11 18 -27658
15 19 16 20 -28832
7 -24 13 -24 -29430
3 -17 7 -14 -29288
16 8 18 10 -24300
10 -17 7 -17 -30134
-17 -12 -19 -13 -30164
23 -10 23 -6 -27288
-23 -1 -24 18 -28682
-10 -2 -12 -2 -27120
18 -19 15 -19 -32146
-23 14 -23 16 -22042
23 10 22 11 -24228
13 -9 16 -9 -33280
-4 23 23 21 -30306
-16 -20 -17 -20 -25740
10 10 7 9 -27852
7 11 6 12 -30444
-23 -1 -20 -3 -28800
-5 -5 -4 -6 -28032
-5 -4 -6 0 -27794
-11 -21 -11 -19 -28390
17 23 16 23 -23114
12 -9 11 -7 -25258
-8 -17 -7 -15 -30714
21 19 20 19 -24820
10 -15 10 -12 -30048
8 -2 7 -4 -26710
-7 -5 -9 -5 -28814
-4 21 -5 19 -29732
-5 16 -9 17 -31214
-18 -13 -18 -15 -27544
-8 0 -6 1 -30418
4 20 3 21 -28220
9 3 8 2 -27744
-8 -19 -9 -18 -29128
-6 -19 -7 -21 -32194
2 -23 -1 -24 -31430
23 -2 21 -5 -26432
-19 21 -20 20 -28442
13 -11 12 -11 -28358
3 -11 5 -11 -28964
-10 -7 -7 -10 -29744
14 10 16 10 -26102
8 -20 10 -24 -25144
-1 21 0 22 -28306
4 9 5 10 -27764
4 -14 5 -16 -27012
15 -3 15 -4 -28398
4 7 -12 19 -44580
21 15 22 13 -30110
4 20 -10 -17 -41212
22 -21 23 -21 -25768
-7 -22 -7 -21 -29902
23 0 22 0 -19970
6 -24 7 -19 -28248
-24 -9 -22 -7 -25182
-12 7 -12 8 -27072
16 21 18 21 -26458
-8 -4 -11 -2 -29348
-18 -24 -19 -22 -22474
-22 5 -24 6 -23302
5 -10 4 -15 -29444
-3 -13 0 -12 -30232
-11 10 -11 9 -27322
-19 22 -15 21 -27370
21 3 22 -2 -29072
18 15 20 17 -30338
8 5 7 7 -26132
-7 -1 -10 -1 -29526
-17 7 -12 6 -26426
15 15 17 14 -30416
-21 -14 -23 -16 -30934
-17 3 -17 4 -22242
-12 -8 -10 -8 -26600
22 -10 21 -10 -23794
19 -4 21 -5 -25936
-24 -5 -23 -15 -26656
-23 -24 -18 -22 -23906
10 20 12 21 -28948
-4 -6 -2 -7 -29296
23 -4 23 -20 -29966
23 20 19 17 -24752
8 16 7 17 -30836
23 5 21 9 -28536
-8 -2 -8 -3 -26516
22 -22 23 -12 -28042
-9 -13 -8 -16 -28528
-17 -2 -18 -3 -28328
4 22 8 23 -25270
15 0 16 -2 -28150
20 21 -6 -8 -36174
2 -9 -3 -8 -31964
-18 18 -17 16 -25824
-3 -8 0 -6 -30754
-4 -24 -24 -24 -27726
-23 7 -24 13 -28064
-8 9 -6 8 -28040
10 6 6 7 -27344
-21 7 -22 4 -24948
20 -19 23 -18 -29236
-6 -17 -8 -17 -28254
-24 2 -22 -1 -23110
-7 -17 -7 -19 -29232
-7 16 -8 13 -27616
5 11 2 11 -28258
-2 11 0 12 -27000
1 3 -5 3 -30806
23 20 20 22 -26258
-8 2 -6 -17 -38758
-5 -24 -8 -22 -28942
-1 -3 -4 -3 -30942
6 16 3 15 -24324
-2 -5 -2 -3 -31968
17 5 15 6 -24782
8 -12 8 -11 -27362
-19 -12 -20 -9 -27170
18 -13 20 -14 -28962
3 23 21 23 -29974
16 -4 18 -3 -29370
19 -24 19 -21 -24500
14 10 15 9 -28062
-6 -24 3 -24 -32322
10 19 12 19 -27636
18 2 19 3 -29036
-7 -13 -6 -12 -27842
20 -5 20 -6 -25840
-24 0 -24 -7 -27930
8 -23 5 -22 -26858
-18 20 -17 21 -29424
-15 23 22 23 -30338
6 -9 23 -8 -37432
-6 -17 18 7 -40300
-14 -7 -21 -7 -25830
-21 1 -21 2 -24666
11 21 13 23 -25050
-24 2 -20 4 -26142
-14 -7 -13 -7 -27826
10 -21 13 -22 -25630
14 -20 13 -20 -28882
23 -24 21 -21 -22492
-22 -10 -24 -11 -26908
2 -24 1 -23 -21840
-19 15 -20 13 -27854
-1 -7 -1 -5 -31824
23 -7 22 -8 -23710
10 -15 9 -19 -30808
-21 -24 -19 -24 -20206
-23 -7 -24 -6 -21464
-24 13 -24 10 -25222
-1 14 -1 15 -26850
-5 -12 -3 -12 -28132
20 -1 21 -2 -28678
0 -23 -3 -24 -29056
-10 -9 -11 -14 -32174
-16 7 -15 10 -29796
-21 -23 -24 -21 -24518
-8 -11 -8 -9 -28838
-11 13 -11 12 -25648
-8 6 -8 3 -26384
14 19 14 17 -27114
-1 -1 20 -18 -37798
-14 -24 -10 -23 -21154
-19 -17 -20 -20 -28916
7 -10 9 -10 -28580
17 -23 15 -22 -29536
-1 20 0 20 -29354
3 -5 0 -6 -30480
12 23 12 19 -29910
3 1 4 0 -27560
-20 14 -24 13 -25074
-13 -16 -11 -15 -28304
8 22 9 20 -26506
22 16 23 23 -25892
-14 -13 -17 -11 -28430
23 13 17 12 -30050
12 -1 13 -3 -28814
16 -8 16 -11 -29180
-11 4 -10 1 -27974
8 -24 11 -23 -29570
-4 7 -7 3 -29848
-23 8 -24 5 -22940
22 -14 20 -14 -27466
-12 -2 -16 -2 -29654
7 10 7 13 -28680
23 8 19 8 -30932
12 -20 11 -18 -28012
-12 -18 -12 -17 -26458
-4 13 -2 12 -28424
3 16 2 13 -28580
15 -24 16 -21 -26030
9 -2 10 -2 -25580
18 -14 19 -10 -29530
8 -13 6 -11 -30340
-17 18 -17 23 -31754
-4 -22 -3 -23 -24106
-15 3 -16 3 -26380
-15 -1 -16 0 -28320
-7 -16 -6 -11 -32216
18 -23 -8 -18 -34808
7 -13 11 -13 -30200
-6 -20 15 -17 -39026
20 -6 17 -7 -31202
-10 12 -9 11 -28904
-4 7 -3 7 -26692
0 -23 -1 -19 -30992
19 -10 16 -10 -32788
22 16 20 12 -31316
-3 -11 -1 -9 -28692
-3 -9 -4 -8 -31028
3 21 6 21 -23224
-22 9 -24 9 -21786
22 6 23 5 -25822
-13 16 -13 14 -31150
20 -17 18 -18 -30436
-12 5 -11 5 -26296
-24 -24 17 -24 -26718
1 22 -5 23 -29960
-7 9 -6 11 -27260
-4 -12 -5 -11 -30260
-24 -14 -22 -16 -23928
-23 -7 -23 -3 -27768
-23 21 -24 20 -23084
20 -14 20 -13 -23732
8 -24 7 -23 -22726
10 10 9 10 -26842
-5 15 -7 14 -26830
2 1 1 2 -25834
-24 -13 -24 -16 -23770
11 15 10 16 -30032
-11 -9 -9 -7 -31288
23 -20 17 -18 -31558
11 -15 12 -15 -28474
-4 -19 -6 -18 -28586
7 21 6 20 -24904
23 6 23 -2 -29104
18 -22 16 -21 -29472
12 -10 13 -14 -31072
-5 8 -5 6 -26776
0 -24 4 -23 -32562
8 0 9 -1 -28700
-10 14 -11 14 -31306
-13 -15 -15 -16 -27542
-21 12 -20 9 -27712
10 8 17 9 -29522
8 -10 6 -11 -30978
6 16 8 18 -23388
-3 -23 7 -24 -34338
23 -16 23 -21 -26176
6 -22 5 -22 -28454
-13 -21 -13 -24 -24150
-10 23 -19 22 -25870
-17 -2 -16 0 -29250
-24 17 -22 19 -24012
5 16 4 18 -26938
20 9 22 9 -31090
23 10 23 0 -27782
-23 -5 -22 -9 -27438
-11 -13 -14 -11 -29994
0 20 1 23 -26118
-18 21 -20 23 -27362
-12 -3 -15 -5 -31492
-23 -3 -21 -2 -24564
12 -24 -14 -24 -29144
-16 -23 -12 -24 -25498
-5 21 -2 22 -30244
1 -18 0 -18 -31116
-23 -18 -22 -20 -23578
4 -3 4 -6 -30092
-21 13 -24 14 -25256
-22 -20 -23 -23 -29454
6 -8 5 -7 -28196
5 4 1 3 -29472
8 -11 9 -9 -28058
5 19 4 21 -29268
16 18 15 18 -26992
-14 -1 -11 0 -29072
12 22 16 22 -29188
3 9 4 9 -29210
-21 -14 -24 -14 -28520
17 -13 13 -15 -33736
3 -24 -24 -24 -26766
13 3 11 5 -26184
-23 7 -11 -7 -40132
3 22 -1 23 -26030
-9 -5 2 1 -40818
-19 23 -21 23 -24568
-12 15 -12 18 -29886
-24 16 -22 17 -22852
-19 -12 -17 -12 -26640
-21 -21 -23 -23 -24924
-24 -17 -20 -17 -26296
21 -12 19 -11 -29022
-7 23 -5 20 -28116
-7 -24 -6 -24 -29124
-17 -3 -20 -2 -25240
1 18 1 19 -24782
-16 21 -14 21 -24748
8 -5 11 -6 -27442
-6 -24 -3 -23 -26498
-7 10 -9 8 -29756
20 -4 22 -3 -27396
3 -2 5 -1 -29510
-6 -10 -4 -10 -28418
-21 22 -17 23 -25652
-23 -9 -19 -10 -25848
-8 20 -8 22 -29366
-17 -5 -17 -11 -30542
-16 -22 -17 -18 -30304
-14 -14 -12 -16 -28192
17 5 17 3 -26668
10 3 13 3 -29116
1 -20 -2 -19 -31688
-9 -8 -6 -8 -26996
-23 -4 -22 -1 -27378
-15 -10 -13 -9 -29804
19 14 20 14 -27834
-7 23 -9 21 -28070
13 23 14 21 -20910
-16 -1 -16 1 -27926
-23 0 -19 0 -25480
-16 9 -22 9 -29498
16 23 11 23 -27182
7 15 7 12 -30376
-15 22 -14 23 -22008
-15 16 -16 15 -29242
21 -21 23 -21 -29124
-9 6 -12 5 -29766
19 13 17 15 -32058
-18 -24 -17 -19 -29392
23 17 23 20 -25676
-24 -23 -24 -4 -28396
-18 3 -16 3 -25196
0 -9 -1 -7 -30224
3 5 4 3 -26996
15 -2 11 -2 -27392
20 20 20 23 -24082
-18 -7 -19 -5 -29344
-19 -16 -20 -14 -26416
-16 9 -20 8 -30086
-12 -4 -12 -5 -29610
-20 8 -19 10 -27082
11 6 13 7 -28614
-19 12 -21 12 -27418
-17 -13 -16 -11 -28506
-23 -13 -24 -13 -23254
-5 18 -5 16 -25402
21 -20 19 -20 -30364
18 23 21 22 -23874
3 7 1 8 -28256
-24 14 -23 12 -23900
-23 19 -23 23 -29796
23 -5 22 -4 -22042
11 -24 17 -24 -25980
-12 21 -12 20 -29314
5 -3 8 -4 -30824
16 -20 16 -21 -28034
11 -7 12 -6 -26086
-3 9 1 5 -32678
16 -17 15 -15 -27328
-4 14 -8 15 -31326
4 0 4 -2 -26328
-13 11 -14 14 -27280
5 -6 3 -7 -28438
-4 8 -3 9 -24580
-8 -9 -8 -5 -31688
17 0 18 1 -28612
22 8 21 13 -28502
4 -9 4 -7 -27598
2 14 23 10 -31222
0 -20 0 -22 -28648
-11 7 -4 7 -31410
13 12 12 14 -28170
14 -2 14 -1 -30282
19 23 18 20 -24908
3 9 3 7 -26492
9 21 12 20 -27192
1 -18 2 -16 -28014
-8 -14 -12 -15 -27428
22 -13 2 2 -37048
22 12 21 9 -27622
-24 -6 -22 -5 -23286
3 -13 1 -11 -28910
-5 14 22 19 -32536
11 0 9 2 -26442
-9 -5 -8 -4 -29122
23 12 21 14 -27162
12 15 11 13 -25056
-14 15 -13 16 -30724
-24 -14 -23 -12 -26284
-16 16 -12 14 -27252
15 -23 22 -24 -25916
22 5 23 6 -24094
14 -11 16 -11 -33530
24 -1 23 0 -18798
17 -9 -24 -9 -29806
20 5 21 4 -29438
15 -11 14 -9 -30682
-13 4 -12 7 -27778
-9 -24 -5 -21 -29546
-6 -19 -5 -22 -32144
0 11 -2 12 -29438
22 20 19 22 -30028
-19 -23 -13 -24 -26268
-23 -18 -24 -23 -28456
7 7 4 8 -27224
-24 20 -22 18 -27922
9 6 9 5 -23938
-11 20 -9 21 -28114
18 8 19 7 -25596
8 14 5 15 -29986
22 -17 23 -19 -24746
-20 -18 -18 -17 -27220
23 -23 22 -20 -24814
5 22 11 23 -24970
4 -19 6 -23 -29736
4 -7 2 -6 -28738
-17 14 -18 12 -29284
19 16 19 14 -30760
9 -22 10 -21 -27320
-22 -24 -24 -23 -20538
-12 6 -14 5 -29560
0 18 -2 18 -30096
22 4 20 3 -29448
21 -1 23 3 -28900
7 -19 5 -17 -30376
-11 -24 -12 -23 -22346
3 -24 6 -22 -28258
20 -24 23 -24 -23152
21 0 20 0 -26986
-4 23 -7 22 -27888
3 -15 4 -15 -25662
-3 17 -5 17 -27408
-8 2 -6 1 -26890
19 -7 19 -8 -28962
20 -9 17 -8 -30398
-11 15 -9 15 -32080
12 -20 13 -17 -29568
15 0 12 0 -26214
-14 22 -15 23 -26334
22 -21 21 -23 -20842
-16 -18 -14 -19 -27598
-14 14 -20 14 -27748
19 -18 19 -19 -26164
2 -24 8 -24 -30826
22 -10 21 -7 -26966
-3 22 4 23 -26398
-1 12 3 8 -30564
-23 18 -24 19 -25484
-14 -21 -18 -23 -26150
-20 14 -18 13 -28606
-11 19 -14 20 -26044
-9 -21 -12 -21 -25590
-23 3 -23 2 -20736
9 0 10 2 -28066
-2 -24 -1 -22 -25624
0 -14 -1 -10 -29310
-1 11 -1 12 -25428
23 -9 1 -8 -32384
-24 -3 -24 8 -25426
14 -15 13 -15 -31978
-8 0 -6 5 -30734
