8 -10 7 -5 -28763
-22 15 -24 23 -31069
22 -18 23 -10 -24771
-6 -18 -3 -16 -30919
-1 9 2 10 -27549
-22 19 -22 22 -32453
-21 4 -23 9 -27273
12 -24 13 -23 -22007
22 22 18 22 -23443
2 20 0 23 -25635
12 7 12 9 -26287
4 -4 1 -4 -29749
11 22 -15 23 -29437
20 0 18 1 -24851
16 -9 17 -8 -29437
-13 11 -15 11 -26295
4 -18 4 -17 -26021
-7 23 -8 23 -24551
5 22 8 21 -26807
-11 22 -12 21 -27929
-14 -5 -14 -3 -29487
14 -19 17 -20 -29265
3 -5 8 -4 -31295
20 19 22 15 -30571
-18 22 -24 23 -24307
-14 23 -12 22 -25501
13 12 12 12 -22285
20 10 23 13 -28951
-21 8 -23 7 -26429
-9 4 -8 4 -27519
8 1 6 0 -27431
9 1 7 2 -24775
-10 11 -8 11 -28915
-5 -7 -6 -9 -30485
1 -11 0 -9 -28817
14 2 16 3 -25473
-23 -20 -23 -22 -29683
1 -15 -2 -13 -29647
23 -22 3 -24 -27489
24 5 19 4 -27633
-23 3 -21 3 -25293
-8 22 -6 22 -27811
9 -14 9 -16 -28539
17 -20 16 -22 -28689
-4 11 0 10 -31813
-24 22 23 23 -24967
-5 23 -3 22 -24715
-8 -19 -9 -19 -29395
-9 -24 -5 -24 -31607
10 14 9 14 -25527
-10 18 -11 18 -28395
15 19 16 20 -27805
7 -24 13 -24 -28023
3 -17 7 -14 -28457
16 8 18 10 -24627
10 -17 7 -17 -28553
-17 -12 -19 -13 -30845
23 -10 23 -6 -27849
-23 -1 -24 18 -29105
-10 -2 -12 -2 -27449
18 -19 15 -19 -30745
-23 14 -23 16 -22965
23 10 22 11 -25229
13 -9 16 -9 -30759
-4 23 23 21 -30261
-16 -20 -17 -20 -27295
10 10 7 9 -28423
7 11 6 12 -31085
-23 -1 -20 -3 -28771
-5 -5 -4 -6 -27359
-5 -4 -6 0 -26131
-11 -21 -11 -19 -29325
17 23 16 23 -23119
12 -9 11 -7 -26377
-8 -17 -7 -15 -31859
21 19 20 19 -24613
10 -15 10 -12 -30161
8 -2 7 -4 -25817
-7 -5 -9 -5 -28923
-4 21 -5 19 -30559
-5 16 -9 17 -30803
-18 -13 -18 -15 -27827
-8 0 -6 1 -28051
4 20 3 21 -27821
9 3 8 2 -27631
-8 -19 -9 -18 -30415
-6 -19 -7 -21 -33471
2 -23 -1 -24 -31133
23 -2 21 -5 -26995
-19 21 -20 20 -28339
13 -11 12 -11 -27441
3 -11 5 -11 -28115
-10 -7 -7 -10 -28319
14 10 16 10 -25883
8 -20 10 -24 -25807
-1 21 0 22 -28625
4 9 5 10 -28127
4 -14 5 -16 -27097
15 -3 15 -4 -29087
4 -15 -15 -16 -38993
21 15 22 13 -30691
-7 -18 -22 -22 -37843
22 -21 23 -21 -25513
-7 -22 -7 -21 -30177
23 0 22 0 -19521
6 -24 7 -19 -27769
-24 -9 -22 -7 -25825
-12 7 -12 8 -26235
16 21 18 21 -26739
-8 -4 -11 -2 -29195
-18 -24 -19 -22 -23155
-22 5 -24 6 -23475
5 -10 4 -15 -29251
-3 -13 0 -12 -30849
-11 10 -11 9 -28005
-19 22 -15 21 -27345
21 3 22 -2 -28769
18 15 20 17 -30211
8 5 7 7 -26425
-7 -1 -10 -1 -29617
-17 7 -12 6 -25823
15 15 17 14 -31031
-21 -14 -23 -16 -31057
-17 3 -17 4 -21079
-12 -8 -10 -8 -26961
22 -10 21 -10 -22759
19 -4 21 -5 -25647
-24 -5 -23 -15 -27287
-23 -24 -18 -22 -24261
10 20 12 21 -28649
-4 -6 -2 -7 -28639
23 -4 23 -20 -29727
23 20 19 17 -25047
8 16 7 17 -30079
23 5 21 9 -29233
-8 -2 -8 -3 -23807
22 -22 23 -12 -28197
-9 -13 -8 -16 -27325
-17 -2 -18 -3 -27935
4 22 8 23 -25297
15 0 16 -2 -28065
20 21 -6 -8 -36247
2 -9 -3 -8 -32001
-18 18 -17 16 -26099
-3 -8 0 -6 -29671
-4 -24 -24 -24 -31001
-23 7 -24 13 -28167
-8 9 -6 8 -26663
10 6 6 7 -27023
-21 7 -22 4 -25131
20 -19 23 -18 -29397
-6 -17 -8 -17 -31281
-24 2 -22 -1 -22445
-7 -17 -7 -19 -30101
-7 16 -8 13 -28143
5 11 2 11 -28259
-2 11 0 12 -27799
1 3 -5 3 -28257
23 20 20 22 -26729
11 19 18 -11 -37883
-5 -24 -8 -22 -30155
-1 -3 -4 -3 -29025
6 16 3 15 -25153
-2 -5 -2 -3 -29457
17 5 15 6 -24261
8 -12 8 -11 -27579
-19 -12 -20 -9 -28419
18 -13 20 -14 -29073
3 23 21 23 -29559
16 -4 18 -3 -29151
19 -24 19 -21 -24359
14 10 15 9 -28815
-6 -24 3 -24 -32275
10 19 12 19 -27719
18 2 19 3 -28509
-7 -13 -6 -12 -29829
20 -5 20 -6 -26931
-24 0 -24 -7 -26817
8 -23 5 -22 -26055
-18 20 -17 21 -29253
-15 23 22 23 -30231
9 -2 -18 -17 -40991
13 21 -9 7 -38619
-14 -7 -21 -7 -25927
-21 1 -21 2 -23039
11 21 13 23 -24441
-24 2 -20 4 -25571
-14 -7 -13 -7 -27549
10 -21 13 -22 -25567
14 -20 13 -20 -27417
23 -24 21 -21 -22475
-22 -10 -24 -11 -27231
2 -24 1 -23 -21947
-19 15 -20 13 -28519
-1 -7 -1 -5 -30007
23 -7 22 -8 -24001
10 -15 9 -19 -30649
-21 -24 -19 -24 -20519
-23 -7 -24 -6 -21595
-24 13 -24 10 -25607
-1 14 -1 15 -26529
-5 -12 -3 -12 -29673
20 -1 21 -2 -28065
0 -23 -3 -24 -29351
-10 -9 -11 -14 -31159
-16 7 -15 10 -29265
-21 -23 -24 -21 -24531
-8 -11 -8 -9 -27983
-11 13 -11 12 -26005
-8 6 -8 3 -26481
14 19 14 17 -26615
-12 -15 18 2 -41547
-14 -24 -10 -23 -23037
-19 -17 -20 -20 -30175
7 -10 9 -10 -27391
17 -23 15 -22 -28351
-1 20 0 20 -29021
3 -5 0 -6 -29687
12 23 12 19 -29917
3 1 4 0 -26903
-20 14 -24 13 -25245
-13 -16 -11 -15 -32797
8 22 9 20 -26689
22 16 23 23 -25891
-14 -13 -17 -11 -28393
23 13 17 12 -29851
12 -1 13 -3 -28509
16 -8 16 -11 -30277
-11 4 -10 1 -27001
8 -24 11 -23 -29061
-4 7 -7 3 -28971
-23 8 -24 5 -23665
22 -14 20 -14 -27419
-12 -2 -16 -2 -29743
7 10 7 13 -29755
23 8 19 8 -30347
12 -20 11 -18 -28217
-12 -18 -12 -17 -26985
-4 13 -2 12 -26957
3 16 2 13 -28875
15 -24 16 -21 -25953
9 -2 10 -2 -26353
18 -14 19 -10 -28911
8 -13 6 -11 -29267
-17 18 -17 23 -32327
-4 -22 -3 -23 -23913
-15 3 -16 3 -25973
-15 -1 -16 0 -27221
-7 -16 -6 -11 -32227
18 -23 -8 -18 -32811
7 -13 11 -13 -28995
-24 23 13 -12 -35685
20 -6 17 -7 -30375
-10 12 -9 11 -28645
-4 7 -3 7 -25751
0 -23 -1 -19 -31021
19 -10 16 -10 -30155
22 16 20 12 -31109
-3 -11 -1 -9 -28511
-3 -9 -4 -8 -30747
3 21 6 21 -23303
-22 9 -24 9 -21893
22 6 23 5 -26203
-13 16 -13 14 -31403
20 -17 18 -18 -29505
-12 5 -11 5 -26255
-24 -24 17 -24 -28247
1 22 -5 23 -29275
-7 9 -6 11 -27835
-4 -12 -5 -11 -29871
-24 -14 -22 -16 -24811
-23 -7 -23 -3 -27001
-23 21 -24 20 -23383
20 -14 20 -13 -23643
8 -24 7 -23 -22633
10 10 9 10 -26685
-5 15 -7 14 -27327
2 1 1 2 -26101
-24 -13 -24 -16 -24415
11 15 10 16 -30577
-11 -9 -9 -7 -31619
23 -20 17 -18 -31397
11 -15 12 -15 -27989
-4 -19 -6 -18 -29309
7 21 6 20 -25753
23 6 23 -2 -28671
18 -22 16 -21 -29057
12 -10 13 -14 -30437
-5 8 -5 6 -26861
0 -24 4 -23 -32037
8 0 9 -1 -27687
-10 14 -11 14 -31445
-13 -15 -15 -16 -30711
-21 12 -20 9 -28565
10 8 17 9 -28667
8 -10 6 -11 -30997
6 16 8 18 -24559
-3 -23 7 -24 -34105
23 -16 23 -21 -26531
6 -22 5 -22 -27855
-13 -21 -13 -24 -24485
-10 23 -19 22 -26913
-17 -2 -16 0 -28403
-24 17 -22 19 -24383
5 16 4 18 -26211
20 9 22 9 -30517
23 10 23 0 -28581
-23 -5 -22 -9 -27173
-11 -13 -14 -11 -30441
0 20 1 23 -25297
-18 21 -20 23 -27547
-12 -3 -15 -5 -31297
-23 -3 -21 -2 -23983
12 -24 -14 -24 -30609
-16 -23 -12 -24 -27749
-5 21 -2 22 -29909
1 -18 0 -18 -31629
-23 -18 -22 -20 -23803
4 -3 4 -6 -27605
-21 13 -24 14 -25637
-22 -20 -23 -23 -29571
6 -8 5 -7 -27377
5 4 1 3 -29323
8 -11 9 -9 -28667
5 19 4 21 -29363
16 18 15 18 -27439
-14 -1 -11 0 -28983
12 22 16 22 -29333
3 9 4 9 -28991
-21 -14 -24 -14 -29019
17 -13 13 -15 -33365
3 -24 -24 -24 -30097
13 3 11 5 -26863
13 -17 16 4 -41601
3 22 -1 23 -25209
-2 -11 -17 -17 -41297
-19 23 -21 23 -24667
-12 15 -12 18 -30101
-24 16 -22 17 -22857
-19 -12 -17 -12 -26235
-21 -21 -23 -23 -25521
-24 -17 -20 -17 -26169
21 -12 19 -11 -28621
-7 23 -5 20 -27603
-7 -24 -6 -24 -30207
-17 -3 -20 -2 -24257
1 18 1 19 -24689
-16 21 -14 21 -25291
8 -5 11 -6 -26651
-6 -24 -3 -23 -27615
-7 10 -9 8 -29937
20 -4 22 -3 -27813
3 -2 5 -1 -29487
-6 -10 -4 -10 -29569
-21 22 -17 23 -26583
-23 -9 -19 -10 -26179
-8 20 -8 22 -30161
-17 -5 -17 -11 -30027
-16 -22 -17 -18 -30413
-14 -14 -12 -16 -29185
17 5 17 3 -26465
10 3 13 3 -28381
1 -20 -2 -19 -31659
-9 -8 -6 -8 -28369
-23 -4 -22 -1 -25889
-15 -10 -13 -9 -30541
19 14 20 14 -27317
-7 23 -9 21 -28777
13 23 14 21 -21673
-16 -1 -16 1 -26685
-23 0 -19 0 -25177
-16 9 -22 9 -29055
16 23 11 23 -27113
7 15 7 12 -30669
-15 22 -14 23 -22413
-15 16 -16 15 -28747
21 -21 23 -21 -29033
-9 6 -12 5 -29431
19 13 17 15 -32505
-18 -24 -17 -19 -30355
23 17 23 20 -25931
-24 -23 -24 -4 -28769
-18 3 -16 3 -24269
0 -9 -1 -7 -29517
3 5 4 3 -26583
15 -2 11 -2 -26005
20 20 20 23 -24833
-18 -7 -19 -5 -28085
-19 -16 -20 -14 -27185
-16 9 -20 8 -29019
-12 -4 -12 -5 -28419
-20 8 -19 10 -27171
11 6 13 7 -28427
-19 12 -21 12 -28151
-17 -13 -16 -11 -29481
-23 -13 -24 -13 -23383
-5 18 -5 16 -25959
21 -20 19 -20 -30265
18 23 21 22 -24939
3 7 1 8 -28101
-24 14 -23 12 -24417
-23 19 -23 23 -29653
23 -5 22 -4 -21665
11 -24 17 -24 -24731
-12 21 -12 20 -29307
5 -3 8 -4 -29375
16 -20 16 -21 -28157
11 -7 12 -6 -25761
-3 9 1 5 -32381
16 -17 15 -15 -26735
-4 14 -8 15 -29655
4 0 4 -2 -23705
-13 11 -14 14 -27989
5 -6 3 -7 -27859
-4 8 -3 9 -25067
-8 -9 -8 -5 -29307
17 0 18 1 -28505
22 8 21 13 -29399
4 -9 4 -7 -27335
2 14 23 10 -30543
0 -20 0 -22 -28923
-11 7 -4 7 -30931
13 12 12 14 -29183
14 -2 14 -1 -30841
19 23 18 20 -25887
3 9 3 7 -26407
9 21 12 20 -27729
1 -18 2 -16 -28119
-8 -14 -12 -15 -31879
-8 -20 7 19 -41297
22 12 21 9 -27659
-24 -6 -22 -5 -23671
3 -13 1 -11 -29731
-5 14 22 19 -33061
11 0 9 2 -26801
-9 -5 -8 -4 -27339
23 12 21 14 -27957
12 15 11 13 -25899
-14 15 -13 16 -30513
-24 -14 -23 -12 -25951
-16 16 -12 14 -28273
15 -23 22 -24 -25287
22 5 23 6 -23871
14 -11 16 -11 -31557
24 -1 23 0 -18581
17 -9 -24 -9 -30567
20 5 21 4 -29427
15 -11 14 -9 -30505
-13 4 -12 7 -27107
-9 -24 -5 -21 -31049
-6 -19 -5 -22 -32451
0 11 -2 12 -27865
22 20 19 22 -30401
-19 -23 -13 -24 -28933
-23 -18 -24 -23 -29003
7 7 4 8 -26769
-24 20 -22 18 -28269
9 6 9 5 -24465
-11 20 -9 21 -28803
18 8 19 7 -26209
8 14 5 15 -29125
22 -17 23 -19 -25237
-20 -18 -18 -17 -27907
23 -23 22 -20 -25197
5 22 11 23 -25599
4 -19 6 -23 -29931
4 -7 2 -6 -28033
-17 14 -18 12 -28531
19 16 19 14 -31309
9 -22 10 -21 -26817
-22 -24 -24 -23 -20291
-12 6 -14 5 -28855
0 18 -2 18 -29593
22 4 20 3 -29047
21 -1 23 3 -28485
7 -19 5 -17 -29929
-11 -24 -12 -23 -23555
3 -24 6 -22 -27785
20 -24 23 -24 -22997
21 0 20 0 -26841
-4 23 -7 22 -27669
3 -15 4 -15 -24851
-3 17 -5 17 -27151
-8 2 -6 1 -26873
19 -7 19 -8 -28801
20 -9 17 -8 -28643
-11 15 -9 15 -32313
12 -20 13 -17 -29311
15 0 12 0 -25687
-14 22 -15 23 -27301
22 -21 21 -23 -20627
-16 -18 -14 -19 -29271
-14 14 -20 14 -27215
19 -18 19 -19 -25711
2 -24 8 -24 -30217
22 -10 21 -7 -27509
-3 22 4 23 -25631
-1 12 3 8 -29839
-23 18 -24 19 -26081
-14 -21 -18 -23 -28901
-20 14 -18 13 -28903
-11 19 -14 20 -27429
-9 -21 -12 -21 -27861
-23 3 -23 2 -19643
9 0 10 2 -28009
-2 -24 -1 -22 -25741
0 -14 -1 -10 -29063
-1 11 -1 12 -24735
23 -9 1 -8 -27123
-24 -3 -24 8 -24805
14 -15 13 -15 -30869
-8 0 -6 5 -29275
