8 -10 7 -5 -29840
-22 15 -24 23 -30470
22 -18 23 -10 -26040
-6 -18 -3 -16 -28796
-1 9 2 10 -27340
-22 19 -22 22 -32204
-21 4 -23 9 -27074
12 -24 13 -23 -21432
22 22 18 22 -22890
2 20 0 23 -25756
12 7 12 9 -26250
4 -4 1 -4 -30746
11 22 -15 23 -28442
20 0 18 1 -24736
16 -9 17 -8 -29916
-13 11 -15 11 -26900
4 -18 4 -17 -27088
-7 23 -8 23 -24346
5 22 8 21 -25926
-11 22 -12 21 -28136
-14 -5 -14 -3 -29422
14 -19 17 -20 -29524
3 -5 8 -4 -31610
20 19 22 15 -30138
-18 22 -24 23 -23646
-14 23 -12 22 -24726
13 12 12 12 -21760
20 10 23 13 -28620
-21 8 -23 7 -26880
-9 4 -8 4 -27862
8 1 6 0 -27480
9 1 7 2 -25692
-10 11 -8 11 -29892
-5 -7 -6 -9 -30252
1 -11 0 -9 -28488
14 2 16 3 -26586
-23 -20 -23 -22 -29356
1 -15 -2 -13 -28080
23 -22 3 -24 -28052
24 5 19 4 -27812
-23 3 -21 3 -24488
-8 22 -6 22 -28290
9 -14 9 -16 -29758
17 -20 16 -22 -28016
-4 11 0 10 -32082
-24 22 23 23 -24188
-5 23 -3 22 -25158
-8 -19 -9 -19 -27872
-9 -24 -5 -24 -30768
10 14 9 14 -24714
-10 18 -11 18 -27864
15 19 16 20 -28254
7 -24 13 -24 -29390
3 -17 7 -14 -29002
16 8 18 10 -24112
10 -17 7 -17 -28458
-17 -12 -19 -13 -29514
23 -10 23 -6 -28258
-23 -1 -24 18 -29010
-10 -2 -12 -2 -26210
18 -19 15 -19 -31188
-23 14 -23 16 -22422
23 10 22 11 -24824
13 -9 16 -9 -30712
-4 23 23 21 -30072
-16 -20 -17 -20 -25200
10 10 7 9 -27336
7 11 6 12 -30030
-23 -1 -20 -3 -28140
-5 -5 -4 -6 -27272
-5 -4 -6 0 -26424
-11 -21 -11 -19 -29056
17 23 16 23 -23492
12 -9 11 -7 -27022
-8 -17 -7 -15 -30878
21 19 20 19 -24532
10 -15 10 -12 -31392
8 -2 7 -4 -26562
-7 -5 -9 -5 -28936
-4 21 -5 19 -29514
-5 16 -9 17 -31818
-18 -13 -18 -15 -26958
-8 0 -6 1 -28686
4 20 3 21 -27170
9 3 8 2 -27492
-8 -19 -9 -18 -29912
-6 -19 -7 -21 -32456
2 -23 -1 -24 -29972
23 -2 21 -5 -27698
-19 21 -20 20 -28292
13 -11 12 -11 -26400
3 -11 5 -11 -28424
-10 -7 -7 -10 -28628
14 10 16 10 -25796
8 -20 10 -24 -25828
-1 21 0 22 -28140
4 9 5 10 -26968
4 -14 5 -16 -27350
15 -3 15 -4 -30874
16 12 -3 -13 -38250
21 15 22 13 -29988
13 -19 13 -2 -38728
22 -21 23 -21 -25206
-7 -22 -7 -21 -29674
23 0 22 0 -19660
6 -24 7 -19 -27662
-24 -9 -22 -7 -26262
-12 7 -12 8 -26104
16 21 18 21 -26338
-8 -4 -11 -2 -28852
-18 -24 -19 -22 -22772
-22 5 -24 6 -22938
5 -10 4 -15 -31012
-3 -13 0 -12 -29492
-11 10 -11 9 -27618
-19 22 -15 21 -27424
21 3 22 -2 -28476
18 15 20 17 -29972
8 5 7 7 -26878
-7 -1 -10 -1 -29468
-17 7 -12 6 -26182
15 15 17 14 -30212
-21 -14 -23 -16 -31090
-17 3 -17 4 -21420
-12 -8 -10 -8 -25946
22 -10 21 -10 -22730
19 -4 21 -5 -25940
-24 -5 -23 -15 -27350
-23 -24 -18 -22 -23464
10 20 12 21 -28664
-4 -6 -2 -7 -29006
23 -4 23 -20 -30474
23 20 19 17 -24442
8 16 7 17 -29858
23 5 21 9 -29108
-8 -2 -8 -3 -24976
22 -22 23 -12 -29074
-9 -13 -8 -16 -26608
-17 -2 -18 -3 -28110
4 22 8 23 -24690
15 0 16 -2 -27708
-20 -21 -6 8 -36368
2 -9 -3 -8 -31306
-18 18 -17 16 -26312
-3 -8 0 -6 -30242
-4 -24 -24 -24 -27734
-23 7 -24 13 -27996
-8 9 -6 8 -27804
10 6 6 7 -27708
-21 7 -22 4 -24834
20 -19 23 -18 -29674
-6 -17 -8 -17 -28754
-24 2 -22 -1 -21904
-7 -17 -7 -19 -29984
-7 16 -8 13 -27804
5 11 2 11 -28420
-2 11 0 12 -26860
1 3 -5 3 -30030
23 20 20 22 -26078
7 -3 4 -23 -36940
-5 -24 -8 -22 -28662
-1 -3 -4 -3 -30290
6 16 3 15 -24402
-2 -5 -2 -3 -29696
17 5 15 6 -24630
8 -12 8 -11 -28932
-19 -12 -20 -9 -27052
18 -13 20 -14 -28788
3 23 21 23 -29660
16 -4 18 -3 -30842
19 -24 19 -21 -24988
14 10 15 9 -27252
-6 -24 3 -24 -31402
10 19 12 19 -27242
18 2 19 3 -29162
-7 -13 -6 -12 -26706
20 -5 20 -6 -28988
-24 0 -24 -7 -27564
8 -23 5 -22 -26320
-18 20 -17 21 -29180
-15 23 22 23 -29710
-8 16 -4 11 -36642
21 2 -21 -12 -37162
-14 -7 -21 -7 -25588
-21 1 -21 2 -24412
11 21 13 23 -24470
-24 2 -20 4 -26314
-14 -7 -13 -7 -27464
10 -21 13 -22 -25812
14 -20 13 -20 -27748
23 -24 21 -21 -22554
-22 -10 -24 -11 -27244
2 -24 1 -23 -21154
-19 15 -20 13 -28528
-1 -7 -1 -5 -30556
23 -7 22 -8 -23888
10 -15 9 -19 -32012
-21 -24 -19 -24 -19420
-23 -7 -24 -6 -21496
-24 13 -24 10 -25592
-1 14 -1 15 -27486
-5 -12 -3 -12 -27608
20 -1 21 -2 -28022
0 -23 -3 -24 -28566
-10 -9 -11 -14 -30770
-16 7 -15 10 -29880
-21 -23 -24 -21 -24248
-8 -11 -8 -9 -27454
-11 13 -11 12 -26250
-8 6 -8 3 -26526
14 19 14 17 -26354
4 2 -9 -7 -39512
-14 -24 -10 -23 -20648
-19 -17 -20 -20 -28824
7 -10 9 -10 -27096
17 -23 15 -22 -28944
-1 20 0 20 -28438
3 -5 0 -6 -30542
12 23 12 19 -29386
3 1 4 0 -27852
-20 14 -24 13 -24952
-13 -16 -11 -15 -29398
8 22 9 20 -26092
22 16 23 23 -25358
-14 -13 -17 -11 -28064
23 13 17 12 -29932
12 -1 13 -3 -28440
16 -8 16 -11 -30444
-11 4 -10 1 -27724
8 -24 11 -23 -29606
-4 7 -7 3 -29402
-23 8 -24 5 -23256
22 -14 20 -14 -27200
-12 -2 -16 -2 -29186
7 10 7 13 -28514
23 8 19 8 -30116
12 -20 11 -18 -28348
-12 -18 -12 -17 -27092
-4 13 -2 12 -28756
3 16 2 13 -28404
15 -24 16 -21 -25178
9 -2 10 -2 -26056
18 -14 19 -10 -29700
8 -13 6 -11 -29692
-17 18 -17 23 -31958
-4 -22 -3 -23 -23242
-15 3 -16 3 -25790
-15 -1 -16 0 -27556
-7 -16 -6 -11 -30148
18 -23 -8 -18 -31544
7 -13 11 -13 -28786
-24 23 13 -12 -35548
20 -6 17 -7 -31444
-10 12 -9 11 -29992
-4 7 -3 7 -26314
0 -23 -1 -19 -30628
19 -10 16 -10 -30140
22 16 20 12 -30810
-3 -11 -1 -9 -28204
-3 -9 -4 -8 -30450
3 21 6 21 -22644
-22 9 -24 9 -21330
22 6 23 5 -25854
-13 16 -13 14 -31670
20 -17 18 -18 -30064
-12 5 -11 5 -26648
-24 -24 17 -24 -26242
1 22 -5 23 -29308
-7 9 -6 11 -26880
-4 -12 -5 -11 -29830
-24 -14 -22 -16 -24508
-23 -7 -23 -3 -27568
-23 21 -24 20 -23482
20 -14 20 -13 -23978
8 -24 7 -23 -22748
10 10 9 10 -26350
-5 15 -7 14 -26546
2 1 1 2 -27092
-24 -13 -24 -16 -23478
11 15 10 16 -29264
-11 -9 -9 -7 -30312
23 -20 17 -18 -31544
11 -15 12 -15 -27526
-4 -19 -6 -18 -28128
7 21 6 20 -25038
23 6 23 -2 -28542
18 -22 16 -21 -29642
12 -10 13 -14 -31720
-5 8 -5 6 -26026
0 -24 4 -23 -30740
8 0 9 -1 -28760
-10 14 -11 14 -31580
-13 -15 -15 -16 -28022
-21 12 -20 9 -27916
10 8 17 9 -29120
8 -10 6 -11 -30926
6 16 8 18 -23010
-3 -23 7 -24 -32758
23 -16 23 -21 -27020
6 -22 5 -22 -27738
-13 -21 -13 -24 -23834
-10 23 -19 22 -26408
-17 -2 -16 0 -29060
-24 17 -22 19 -23688
5 16 4 18 -26646
20 9 22 9 -30456
23 10 23 0 -27898
-23 -5 -22 -9 -27870
-11 -13 -14 -11 -30118
0 20 1 23 -25304
-18 21 -20 23 -26990
-12 -3 -15 -5 -31164
-23 -3 -21 -2 -24798
12 -24 -14 -24 -28278
-16 -23 -12 -24 -25420
-5 21 -2 22 -29572
1 -18 0 -18 -29880
-23 -18 -22 -20 -24422
4 -3 4 -6 -28318
-21 13 -24 14 -25876
-22 -20 -23 -23 -29400
6 -8 5 -7 -27278
5 4 1 3 -28882
8 -11 9 -9 -30068
5 19 4 21 -28866
16 18 15 18 -27110
-14 -1 -11 0 -28820
12 22 16 22 -28654
3 9 4 9 -30264
-21 -14 -24 -14 -28786
17 -13 13 -15 -32960
3 -24 -24 -24 -28068
13 3 11 5 -26628
8 -4 -16 7 -40346
3 22 -1 23 -24724
-15 17 8 -3 -43974
-19 23 -21 23 -24478
-12 15 -12 18 -29822
-24 16 -22 17 -22226
-19 -12 -17 -12 -26014
-21 -21 -23 -23 -24518
-24 -17 -20 -17 -25924
21 -12 19 -11 -27546
-7 23 -5 20 -28528
-7 -24 -6 -24 -29578
-17 -3 -20 -2 -23926
1 18 1 19 -25064
-16 21 -14 21 -25712
8 -5 11 -6 -26028
-6 -24 -3 -23 -26252
-7 10 -9 8 -29184
20 -4 22 -3 -28154
3 -2 5 -1 -29578
-6 -10 -4 -10 -27984
-21 22 -17 23 -25634
-23 -9 -19 -10 -26196
-8 20 -8 22 -29710
-17 -5 -17 -11 -29910
-16 -22 -17 -18 -30084
-14 -14 -12 -16 -28008
17 5 17 3 -26832
10 3 13 3 -28480
1 -20 -2 -19 -30866
-9 -8 -6 -8 -27548
-23 -4 -22 -1 -27206
-15 -10 -13 -9 -29684
19 14 20 14 -27386
-7 23 -9 21 -28420
13 23 14 21 -21092
-16 -1 -16 1 -27458
-23 0 -19 0 -24618
-16 9 -22 9 -28744
16 23 11 23 -26708
7 15 7 12 -29874
-15 22 -14 23 -22580
-15 16 -16 15 -29520
21 -21 23 -21 -28910
-9 6 -12 5 -30272
19 13 17 15 -31710
-18 -24 -17 -19 -29784
23 17 23 20 -25158
-24 -23 -24 -4 -28766
-18 3 -16 3 -24598
0 -9 -1 -7 -29410
3 5 4 3 -27668
15 -2 11 -2 -26888
20 20 20 23 -24068
-18 -7 -19 -5 -28384
-19 -16 -20 -14 -26760
-16 9 -20 8 -29766
-12 -4 -12 -5 -28622
-20 8 -19 10 -27488
11 6 13 7 -28970
-19 12 -21 12 -27850
-17 -13 -16 -11 -28466
-23 -13 -24 -13 -23722
-5 18 -5 16 -26024
21 -20 19 -20 -30038
18 23 21 22 -24012
3 7 1 8 -29056
-24 14 -23 12 -24896
-23 19 -23 23 -29482
23 -5 22 -4 -22424
11 -24 17 -24 -25220
-12 21 -12 20 -29100
5 -3 8 -4 -29448
16 -20 16 -21 -28080
11 -7 12 -6 -26758
-3 9 1 5 -33104
16 -17 15 -15 -27238
-4 14 -8 15 -32658
4 0 4 -2 -25068
-13 11 -14 14 -28100
5 -6 3 -7 -28944
-4 8 -3 9 -24298
-8 -9 -8 -5 -29264
17 0 18 1 -29284
22 8 21 13 -28932
4 -9 4 -7 -28738
2 14 23 10 -30630
0 -20 0 -22 -28606
-11 7 -4 7 -32374
13 12 12 14 -27528
14 -2 14 -1 -30898
19 23 18 20 -25096
3 9 3 7 -26050
9 21 12 20 -27372
1 -18 2 -16 -27954
-8 -14 -12 -15 -28440
19 0 16 -9 -39414
22 12 21 9 -26808
-24 -6 -22 -5 -24166
3 -13 1 -11 -28976
-5 14 22 19 -31490
11 0 9 2 -26622
-9 -5 -8 -4 -28216
23 12 21 14 -27434
12 15 11 13 -25302
-14 15 -13 16 -30958
-24 -14 -23 -12 -25942
-16 16 -12 14 -28264
15 -23 22 -24 -25772
22 5 23 6 -23850
14 -11 16 -11 -31652
24 -1 23 0 -18596
17 -9 -24 -9 -30560
20 5 21 4 -28650
15 -11 14 -9 -30768
-13 4 -12 7 -27688
-9 -24 -5 -21 -29230
-6 -19 -5 -22 -31856
0 11 -2 12 -29206
22 20 19 22 -29610
-19 -23 -13 -24 -26114
-23 -18 -24 -23 -29018
7 7 4 8 -27410
-24 20 -22 18 -27386
9 6 9 5 -24492
-11 20 -9 21 -28504
18 8 19 7 -25782
8 14 5 15 -28798
22 -17 23 -19 -25518
-20 -18 -18 -17 -27192
23 -23 22 -20 -25142
5 22 11 23 -24740
4 -19 6 -23 -28894
4 -7 2 -6 -27702
-17 14 -18 12 -29232
19 16 19 14 -30178
9 -22 10 -21 -26756
-22 -24 -24 -23 -20712
-12 6 -14 5 -29828
0 18 -2 18 -29594
22 4 20 3 -28796
21 -1 23 3 -28714
7 -19 5 -17 -29666
-11 -24 -12 -23 -22638
3 -24 6 -22 -27538
20 -24 23 -24 -22694
21 0 20 0 -26446
-4 23 -7 22 -27618
3 -15 4 -15 -24584
-3 17 -5 17 -27546
-8 2 -6 1 -26584
19 -7 19 -8 -30354
20 -9 17 -8 -28638
-11 15 -9 15 -32320
12 -20 13 -17 -30082
15 0 12 0 -25844
-14 22 -15 23 -27260
22 -21 21 -23 -21604
-16 -18 -14 -19 -27248
-14 14 -20 14 -28166
19 -18 19 -19 -27068
2 -24 8 -24 -29392
22 -10 21 -7 -27442
-3 22 4 23 -24874
-1 12 3 8 -30642
-23 18 -24 19 -25314
-14 -21 -18 -23 -26048
-20 14 -18 13 -28768
-11 19 -14 20 -26612
-9 -21 -12 -21 -25350
-23 3 -23 2 -20378
9 0 10 2 -27332
-2 -24 -1 -22 -25324
0 -14 -1 -10 -29378
-1 11 -1 12 -24672
23 -9 1 -8 -27568
-24 -3 -24 8 -25202
14 -15 13 -15 -30486
-8 0 -6 5 -30600
