-19 -13 -20 -13 -27429
-13 -3 -14 -4 -27355
10 -9 9 -9 -27777
9 -13 9 -11 -26637
22 20 22 18 -28733
14 19 14 22 -30389
8 -2 7 -1 -26539
-21 -4 -19 -4 -29111
-5 14 -4 16 -28875
20 16 18 17 -25643
-7 -14 -7 -13 -30245
6 3 6 5 -30553
8 -8 6 -8 -25599
-21 -20 -17 -19 -28299
-5 10 -8 10 -26401
21 -8 21 -4 -24867
-18 -1 -17 0 -26677
11 22 8 23 -25325
-1 -18 -3 -18 -32487
-1 -9 0 -9 -26153
6 17 8 18 -27491
23 -10 20 -12 -30865
-8 -19 -5 -14 -29555
8 -20 7 -23 -28503
2 -24 -4 -23 -22645
-10 8 -12 7 -25731
17 -22 15 -22 -28157
-5 -15 -5 -13 -31033
2 0 0 1 -29717
4 -5 1 -7 -29393
-14 -13 -14 -10 -28379
2 8 5 6 -27259
20 12 22 12 -26165
17 -9 17 -8 -24887
1 11 1 9 -29293
23 9 21 12 -27197
-8 -14 -7 -14 -24713
-7 -15 -4 -15 -27079
9 21 7 20 -27303
-21 -1 -19 0 -28467
6 8 6 9 -28321
18 -14 19 -13 -31203
1 -21 0 -23 -25133
13 -23 21 -24 -29331
23 17 22 15 -21601
12 -2 13 -3 -29135
19 -24 18 -22 -25717
-23 -24 -23 -20 -27115
3 -23 0 -23 -24833
-9 23 -8 21 -24621
8 -14 7 -17 -24723
-4 -5 -3 -9 -31129
4 -15 7 -13 -23701
-19 -17 -19 -21 -30013
23 4 21 3 -27377
7 11 9 9 -26807
-23 19 -24 23 -19683
-15 -3 -17 -2 -28137
-24 -10 -17 -9 -29743
0 13 2 14 -30649
-6 23 -9 23 -21991
1 -19 3 -18 -29153
-22 -24 -23 -20 -27171
-8 5 -6 4 -25627
8 4 9 1 -29381
-18 -7 -18 -4 -27451
-6 -7 -4 -10 -31215
21 5 22 6 -30217
2 -10 3 -10 -28281
-9 20 -9 19 -27587
-1 -6 -5 -6 -27175
21 16 22 21 -31641
23 -7 22 -1 -26359
9 14 7 14 -27427
14 -1 15 1 -27791
-24 2 -23 -6 -30859
14 -13 15 -15 -26617
-24 5 -21 7 -25119
-24 -6 -24 1 -30243
-21 5 -18 4 -32555
18 23 15 22 -28305
-16 -24 -16 -23 -21909
12 -3 12 -4 -28335
11 13 11 14 -26465
-1 2 -2 3 -28547
-5 23 0 21 -28813
10 10 8 8 -29209
-24 -7 -24 -12 -25919
4 -2 6 -1 -31609
-11 4 -13 2 -26799
-24 -15 -19 -17 -26041
8 -22 7 -22 -25745
11 15 12 17 -29249
4 21 0 20 -26177
-9 -6 -9 -5 -25825
23 -19 22 -10 -31197
9 18 10 16 -28847
-2 -1 -1 -3 -29713
-24 -23 -23 -20 -21553
23 6 23 11 -27085
-18 5 -24 6 -32339
5 16 6 16 -25107
-9 13 -11 13 -25837
21 -1 23 -1 -24781
-15 -18 -15 -22 -29969
-22 -11 -24 -15 -25857
-11 -15 -11 -13 -32353
-10 -7 -11 -8 -27855
21 14 22 14 -22323
23 18 21 21 -27073
20 -19 22 -17 -28435
-16 20 -14 21 -25791
-5 -20 -2 -23 -28775
0 -7 3 -8 -28125
22 -19 22 -24 -28281
8 -2 8 -1 -26615
4 -5 5 -7 -28093
-4 -17 -3 -18 -28981
-8 -1 -6 -2 -28291
14 3 17 4 -29143
-1 -5 -2 -6 -30769
-21 20 -24 17 -26375
23 -9 23 -15 -28615
-11 20 -11 23 -29335
-5 3 -5 1 -29753
13 21 11 22 -25795
0 16 -3 17 -26099
22 22 19 22 -21187
-24 -4 -22 -2 -23915
-24 -9 -24 -5 -27601
-24 1 -22 7 -29813
16 1 0 18 -38423
2 -3 5 -3 -31563
-14 -14 -13 -12 -29377
15 23 9 23 -27571
-23 16 -23 18 -22575
-17 23 -24 22 -27047
16 -4 16 -6 -26293
22 -17 -16 -23 -33327
7 10 6 10 -26427
23 -10 22 -10 -22807
-22 10 -23 12 -31067
13 -17 20 -11 -38755
-6 -18 -8 -18 -22933
18 -8 19 -9 -27263
14 -9 10 -8 -28913
18 -9 20 -8 -30059
-24 18 -19 22 -29183
-24 -9 -23 -3 -28337
22 -5 19 -3 -31259
7 -18 8 -21 -28761
19 -22 23 -22 -27329
16 -21 17 -20 -27571
-20 9 -17 9 -27897
-5 -2 -4 -4 -29621
-3 -7 -2 -8 -29917
0 -15 -1 -12 -30773
19 20 21 23 -27323
-8 1 -7 8 -31139
-3 7 14 20 -41053
15 -13 17 -13 -27861
8 -8 9 -9 -29535
-10 -11 -12 -10 -28103
23 -2 20 -4 -27309
5 23 8 21 -25199
-4 12 -3 11 -24067
15 18 15 14 -30373
-7 13 -5 13 -22769
-3 6 -6 7 -27311
18 -1 22 0 -28935
-7 -10 -4 -9 -26799
12 12 15 12 -26219
16 23 13 21 -30979
23 6 23 1 -23523
9 22 2 20 -29015
13 -20 12 -16 -28567
22 7 23 10 -25189
-1 18 -2 18 -26627
-17 2 -15 2 -28031
21 14 21 12 -26835
-6 -19 -6 -21 -25715
8 4 7 8 -31559
-20 -9 22 -19 -35167
6 0 6 3 -28471
-8 3 -8 0 -28929
-20 14 -18 17 -29531
9 12 11 12 -25831
4 6 8 4 -29111
-1 9 1 12 -31609
1 13 0 14 -24305
15 6 15 4 -25933
17 -16 17 -18 -28721
-21 9 -23 10 -29909
20 -10 22 -11 -28531
-24 -7 11 18 -33679
10 -2 6 -2 -29425
11 -10 12 -11 -26267
-10 -3 -8 -1 -27025
-20 -2 -19 -4 -28483
-14 -23 -17 -21 -25037
2 -8 3 -11 -28145
-21 -22 -19 -22 -26721
-3 -9 -3 -11 -23889
3 -17 4 -16 -25925
-4 16 -3 18 -30379
9 2 2 0 -36317
-12 14 -17 14 -28979
12 -13 12 -14 -25083
-24 14 -23 8 -28459
10 -23 13 -24 -21981
17 3 20 2 -25563
-1 14 0 18 -30219
-15 22 7 22 -28467
23 5 22 4 -27111
-10 8 -10 10 -26945
18 21 15 23 -27133
3 -23 11 -24 -25239
23 -3 21 -2 -27921
2 15 1 15 -25393
12 -1 17 -1 -31267
-21 -24 -17 -22 -25093
-21 18 -21 19 -25349
-1 -21 0 -24 -27469
-8 -16 -11 -17 -26479
-9 -21 -11 -24 -27115
19 21 19 22 -28561
15 -3 14 0 -28421
-12 23 -13 21 -27339
3 13 2 16 -28533
2 20 1 23 -26071
-10 -15 -14 -15 -26067
5 -10 6 -11 -28171
5 -6 7 -7 -26369
-23 -13 -24 -23 -27783
-1 -23 -9 -23 -20675
-17 22 -15 22 -25111
11 5 10 5 -25195
-1 -23 -1 -22 -27827
-2 -13 -1 -15 -30235
-8 6 -9 7 -26217
-9 21 -6 22 -27945
5 -21 4 -22 -26867
-12 4 -11 3 -27743
1 -4 1 -7 -30399
16 9 16 10 -28095
-19 23 -20 23 -24415
13 -3 12 -3 -26373
-7 -7 -10 -6 -28103
-23 -24 -19 -21 -23083
21 -19 20 -19 -27341
23 6 19 7 -27047
-13 6 -16 6 -24335
-7 -24 -6 -22 -22167
2 -21 3 -22 -28311
-23 12 -24 11 -19453
21 1 23 -1 -27103
16 15 15 15 -25165
-22 6 -21 5 -30021
-24 -18 -21 -16 -22851
-24 -14 -24 -16 -24893
9 -1 11 0 -25263
16 0 15 0 -29383
19 15 17 12 -27409
0 -18 0 -20 -28421
-24 -23 12 -24 -26413
-20 16 -19 15 -26599
-11 -2 -14 -2 -27537
21 -24 3 -23 -29435
-5 20 -7 20 -24937
-11 22 -18 23 -27571
-24 9 -23 8 -26669
-2 23 -3 22 -23495
14 -22 14 -24 -24577
-13 -18 -15 -13 -37055
20 -20 20 -21 -27965
21 -11 23 -8 -29753
-15 -12 -9 -23 -39167
14 23 13 23 -25093
-23 5 -22 0 -30069
14 -11 13 -11 -28193
-24 15 -22 13 -24715
-4 23 -24 20 -29235
-22 18 -20 17 -30603
11 -18 13 -19 -27185
5 -11 5 -12 -25121
11 22 10 21 -26423
14 23 -23 22 -29055
11 -23 8 -24 -24573
-4 -7 -6 -9 -27083
-20 -21 -22 -20 -28111
8 -2 7 -5 -30887
5 -24 4 -23 -18791
22 -24 23 3 -29053
18 -4 17 -4 -27113
-7 18 -7 17 -26079
-6 22 2 23 -28533
-19 -18 -18 -17 -27905
-19 -18 -18 -19 -27031
-11 2 -11 5 -27979
-14 -15 -16 -16 -26389
22 -13 21 -11 -28801
-7 5 -5 7 -24719
8 -7 9 -9 -30329
20 3 20 0 -22647
4 8 3 8 -26371
20 9 19 9 -25817
-16 23 -14 20 -28923
-15 -24 -9 -24 -25495
1 6 20 8 -31093
-4 22 -5 21 -28997
-5 1 -6 -1 -29239
17 6 17 9 -29031
-2 10 -3 9 -27069
5 14 5 13 -27165
5 -4 6 -3 -30117
-24 -6 -23 -9 -24765
-22 -23 22 -24 -30687
-8 -7 -5 -3 -31113
-22 -11 -21 -13 -26959
-9 -8 -5 -8 -27423
9 -19 8 -19 -25949
1 23 6 21 -25527
5 -15 2 -14 -29093
11 -12 11 -8 -28345
18 7 17 7 -24699
6 -13 7 -14 -28303
-10 9 -9 9 -24747
-12 11 -10 12 -26727
7 19 7 18 -24523
16 9 13 10 -26943
16 -15 19 -17 -28935
9 17 12 16 -26273
-9 -18 -10 -20 -28663
17 21 18 20 -26659
-16 -24 -13 -21 -26699
3 -18 1 -17 -31369
-17 2 -17 5 -28817
4 17 3 18 -25539
-5 -17 -6 -16 -26697
20 -12 23 -16 -31609
-6 17 -11 17 -26393
1 21 1 19 -24759
21 22 18 21 -26657
-10 -10 -9 -12 -27931
7 5 8 4 -28717
20 -16 20 -17 -31399
18 -23 21 -22 -28191
-12 -16 -12 -19 -30931
4 -20 4 -22 -29093
7 -17 8 -18 -27417
-13 -2 -13 -4 -24685
14 -21 12 -24 -26131
-16 -23 -12 -24 -24343
-16 -11 -19 -11 -26923
-12 0 -8 2 -27615
-12 -23 -11 -23 -24753
-13 -16 -14 -15 -32473
10 23 10 20 -25245
1 21 0 23 -26133
-22 8 -24 7 -22999
19 18 22 16 -28965
-4 4 -2 5 -24659
-17 -20 -14 -20 -25021
9 1 11 0 -22773
-2 -3 0 -2 -27129
-3 -17 -2 -15 -26909
-1 -12 -4 -10 -29575
22 6 23 5 -20037
-22 -6 -24 -7 -23469
-13 20 -11 21 -29801
22 1 20 2 -27607
13 -11 14 -10 -30091
13 15 12 15 -26119
-16 7 -17 6 -26369
4 -19 3 -16 -28725
1 -4 0 -2 -28561
16 -24 14 -22 -31391
-15 -3 -12 -3 -28699
-13 14 -17 16 -29139
15 9 17 10 -26725
-21 1 -24 4 -31321
-12 -8 -12 -9 -26343
23 1 23 -1 -21425
6 -7 3 -9 -26023
-24 -24 2 -23 -23475
-13 14 -13 12 -26281
15 18 14 17 -27875
-20 17 -23 17 -31349
-23 -18 -24 -15 -23811
-24 -11 -21 -15 -28445
-13 8 -14 10 -26835
19 23 22 22 -22049
20 -22 19 -24 -24403
-15 -9 -16 -9 -27333
12 23 20 21 -28753
13 -2 16 -4 -29703
-6 23 -3 22 -24809
21 9 20 14 -30779
19 -22 17 -22 -29483
1 7 0 9 -27515
23 -15 21 -17 -27841
6 23 12 23 -26039
-24 -22 -19 -24 -22205
16 -6 18 -7 -27147
14 -22 15 -23 -30323
12 -24 9 -21 -26489
-12 20 -13 20 -27351
3 -10 23 -15 -27651
-20 11 -20 10 -26041
-17 13 -20 12 -29657
-10 0 -8 0 -24621
23 -16 22 -21 -28639
-18 -8 -21 -7 -28969
-24 13 -22 17 -23957
-22 23 -16 22 -27777
-22 19 -23 20 -25273
23 7 18 6 -28483
-21 -4 -23 -2 -29731
-17 11 6 -11 -40475
22 -5 20 -6 -28543
17 23 16 20 -29527
-22 9 -22 8 -24757
-7 -22 -10 -24 -23367
12 -19 10 -22 -27613
-12 11 -12 13 -25879
-11 15 -8 18 -28255
23 12 22 19 -28317
12 -16 13 -16 -27769
-16 -8 -16 -7 -27023
2 -16 -2 -16 -30613
-22 0 -21 3 -27303
16 20 14 20 -29409
13 10 12 10 -27681
23 20 -24 22 -25159
3 19 7 19 -28389
-6 14 -5 12 -26393
-18 0 -18 1 -26619
23 -21 21 -18 -29755
8 6 6 5 -29715
-15 3 -18 4 -29601
-16 -22 -16 -23 -26211
-15 -9 -14 -11 -28047
13 5 15 3 -26109
20 -10 -23 -17 -33433
23 -9 23 -10 -24367
-2 7 -1 8 -28239
3 22 -1 22 -25435
-14 19 -15 20 -28791
10 4 9 1 -29229
-13 23 -10 23 -22753
-7 -5 -6 -6 -29379
22 -14 23 -17 -30543
-13 -23 -11 -24 -22667
15 0 18 2 -29657
-1 4 0 4 -27687
-4 8 -1 8 -24953
-20 13 -20 12 -27915
2 12 5 10 -25577
-13 11 -14 11 -26377
-12 8 -12 7 -26169
-23 1 -19 0 -30363
-24 9 6 -20 -38941
-24 11 -24 -2 -31403
9 13 9 12 -25883
21 2 -2 10 -31171
-4 23 -2 23 -26215
-23 -5 -24 -5 -20305
-22 12 -20 12 -26759
-3 -18 -2 -18 -30259
-20 23 -20 20 -22941
-20 -6 -24 -5 -28931
-15 12 -21 11 -30915
13 -21 15 -20 -28605
10 -8 8 -9 -28131
19 -11 17 -11 -28611
9 -14 11 -14 -24881
2 -24 4 -24 -21253
-8 -9 -11 -10 -28031
20 -24 -5 -21 -29675
-4 23 21 23 -24207
-20 2 -17 2 -29031
-7 13 -8 11 -24607
4 -8 4 -9 -25247
-12 17 -10 14 -26251
3 -1 2 -1 -31785
15 21 23 22 -26751
22 -23 22 -22 -23067
9 9 12 10 -27775
-7 -21 -5 -24 -22981
18 -1 -15 -3 -36667
21 22 23 -11 -31095
-19 7 -19 4 -29907
-16 -15 -16 -17 -30939
3 14 1 13 -30477
-19 23 -18 21 -26533
0 8 0 6 -31305
23 13 22 14 -25603
23 -21 20 -19 -30357
-8 20 -7 22 -30411
-10 -1 -8 -3 -29627
-21 19 -24 19 -26411
-18 22 -17 23 -21303
-13 -10 -15 -10 -26057
17 -7 15 -8 -28569
-9 -6 -13 -4 -29619
-23 6 -23 7 -25185
20 -8 23 -9 -28555
-24 -8 -24 -14 -26173
-19 12 -18 16 -29897
23 -23 18 -22 -28389
-18 -5 -15 -4 -28693
6 10 4 9 -30579
