-19 -13 -20 -13 -27711
-13 -3 -14 -4 -28815
10 -9 9 -9 -27493
9 -13 9 -11 -26477
22 20 22 18 -28213
14 19 14 22 -29397
8 -2 7 -1 -26919
-21 -4 -19 -4 -29241
-5 14 -4 16 -28005
20 16 18 17 -25621
-7 -14 -7 -13 -28771
6 3 6 5 -31389
8 -8 6 -8 -25275
-21 -20 -17 -19 -29221
-5 10 -8 10 -27237
21 -8 21 -4 -25181
-18 -1 -17 0 -29027
11 22 8 23 -24379
-1 -18 -3 -18 -32533
-1 -9 0 -9 -25789
6 17 8 18 -26819
23 -10 20 -12 -30353
-8 -19 -5 -14 -29061
8 -20 7 -23 -28717
2 -24 -4 -23 -22713
-10 8 -12 7 -27635
17 -22 15 -22 -28737
-5 -15 -5 -13 -30329
2 0 0 1 -29043
4 -5 1 -7 -29441
-14 -13 -14 -10 -27553
2 8 5 6 -26663
20 12 22 12 -25671
17 -9 17 -8 -24701
1 11 1 9 -28439
23 9 21 12 -27509
-8 -14 -7 -14 -24951
-7 -15 -4 -15 -26661
9 21 7 20 -26055
-21 -1 -19 0 -29701
6 8 6 9 -28355
18 -14 19 -13 -28225
1 -21 0 -23 -24749
13 -23 21 -24 -29439
23 17 22 15 -20737
12 -2 13 -3 -31921
19 -24 18 -22 -25951
-23 -24 -23 -20 -27527
3 -23 0 -23 -24371
-9 23 -8 21 -24265
8 -14 7 -17 -25901
-4 -5 -3 -9 -30787
4 -15 7 -13 -24111
-19 -17 -19 -21 -29579
23 4 21 3 -27317
7 11 9 9 -26147
-23 19 -24 23 -20007
-15 -3 -17 -2 -29619
-24 -10 -17 -9 -30345
0 13 2 14 -29553
-6 23 -9 23 -22451
1 -19 3 -18 -28873
-22 -24 -23 -20 -27237
-8 5 -6 4 -26943
8 4 9 1 -29305
-18 -7 -18 -4 -28797
-6 -7 -4 -10 -30251
21 5 22 6 -30439
2 -10 3 -10 -27679
-9 20 -9 19 -29379
-1 -6 -5 -6 -26449
21 16 22 21 -30863
23 -7 22 -1 -27077
9 14 7 14 -26621
14 -1 15 1 -28291
-24 2 -23 -6 -31695
14 -13 15 -15 -26645
-24 5 -21 7 -26671
-24 -6 -24 1 -30977
-21 5 -18 4 -32385
18 23 15 22 -28713
-16 -24 -16 -23 -21877
12 -3 12 -4 -31165
11 13 11 14 -26277
-1 2 -2 3 -27607
-5 23 0 21 -28955
10 10 8 8 -29367
-24 -7 -24 -12 -27387
4 -2 6 -1 -29483
-11 4 -13 2 -29467
-24 -15 -19 -17 -26485
8 -22 7 -22 -26733
11 15 12 17 -28073
4 21 0 20 -26059
-9 -6 -9 -5 -26701
23 -19 22 -10 -30257
9 18 10 16 -29059
-2 -1 -1 -3 -30313
-24 -23 -23 -20 -22415
23 6 23 11 -26605
-18 5 -24 6 -32233
5 16 6 16 -24751
-9 13 -11 13 -26161
21 -1 23 -1 -25561
-15 -18 -15 -22 -28725
-22 -11 -24 -15 -25347
-11 -15 -11 -13 -30201
-10 -7 -11 -8 -28419
21 14 22 14 -22233
23 18 21 21 -26341
20 -19 22 -17 -28367
-16 20 -14 21 -26243
-5 -20 -2 -23 -28749
0 -7 3 -8 -27673
22 -19 22 -24 -28651
8 -2 8 -1 -29063
4 -5 5 -7 -28491
-4 -17 -3 -18 -28765
-8 -1 -6 -2 -28015
14 3 17 4 -28705
-1 -5 -2 -6 -31109
-21 20 -24 17 -27429
23 -9 23 -15 -28421
-11 20 -11 23 -29345
-5 3 -5 1 -31655
13 21 11 22 -25377
0 16 -3 17 -26585
22 22 19 22 -20815
-24 -4 -22 -2 -23987
-24 -9 -24 -5 -29451
-24 1 -22 7 -32183
-18 -7 -15 9 -40287
2 -3 5 -3 -30211
-14 -14 -13 -12 -29227
15 23 9 23 -27767
-23 16 -23 18 -22857
-17 23 -24 22 -27917
16 -4 16 -6 -27739
22 -17 -16 -23 -32277
7 10 6 10 -25747
23 -10 22 -10 -22279
-22 10 -23 12 -31209
-2 -7 -15 19 -40945
-6 -18 -8 -18 -22695
18 -8 19 -9 -27279
14 -9 10 -8 -28945
18 -9 20 -8 -29503
-24 18 -19 22 -29969
-24 -9 -23 -3 -29561
22 -5 19 -3 -30977
7 -18 8 -21 -29263
19 -22 23 -22 -27375
16 -21 17 -20 -29097
-20 9 -17 9 -28597
-5 -2 -4 -4 -30859
-3 -7 -2 -8 -28417
0 -15 -1 -12 -31191
19 20 21 23 -27223
-8 1 -7 8 -33943
-20 2 -1 6 -32623
15 -13 17 -13 -27455
8 -8 9 -9 -30353
-10 -11 -12 -10 -26457
23 -2 20 -4 -27601
5 23 8 21 -25099
-4 12 -3 11 -24391
15 18 15 14 -29545
-7 13 -5 13 -22965
-3 6 -6 7 -28289
18 -1 22 0 -29243
-7 -10 -4 -9 -27561
12 12 15 12 -26435
16 23 13 21 -31033
23 6 23 1 -23819
9 22 2 20 -27737
13 -20 12 -16 -28747
22 7 23 10 -25265
-1 18 -2 18 -26717
-17 2 -15 2 -28857
21 14 21 12 -26415
-6 -19 -6 -21 -25149
8 4 7 8 -31525
8 -18 19 -16 -36367
6 0 6 3 -29327
-8 3 -8 0 -32529
-20 14 -18 17 -31887
9 12 11 12 -24897
4 6 8 4 -27897
-1 9 1 12 -29983
1 13 0 14 -24551
15 6 15 4 -25213
17 -16 17 -18 -28619
-21 9 -23 10 -29793
20 -10 22 -11 -28851
-24 -7 11 18 -33781
10 -2 6 -2 -27549
11 -10 12 -11 -26823
-10 -3 -8 -1 -29915
-20 -2 -19 -4 -30089
-14 -23 -17 -21 -22841
2 -8 3 -11 -27855
-21 -22 -19 -22 -26707
-3 -9 -3 -11 -24125
3 -17 4 -16 -26765
-4 16 -3 18 -29271
5 3 10 -19 -34755
-12 14 -17 14 -29161
12 -13 12 -14 -24257
-24 14 -23 8 -28881
10 -23 13 -24 -22273
17 3 20 2 -26617
-1 14 0 18 -28449
-15 22 7 22 -28167
23 5 22 4 -27199
-10 8 -10 10 -25957
18 21 15 23 -27155
3 -23 11 -24 -25897
23 -3 21 -2 -28403
2 15 1 15 -25735
12 -1 17 -1 -31439
-21 -24 -17 -22 -25915
-21 18 -21 19 -25993
-1 -21 0 -24 -27481
-8 -16 -11 -17 -26883
-9 -21 -11 -24 -27449
19 21 19 22 -28401
15 -3 14 0 -33713
-12 23 -13 21 -27375
3 13 2 16 -28891
2 20 1 23 -25815
-10 -15 -14 -15 -24681
5 -10 6 -11 -28287
5 -6 7 -7 -26749
-23 -13 -24 -23 -28129
-1 -23 -9 -23 -20341
-17 22 -15 22 -25911
11 5 10 5 -24715
-1 -23 -1 -22 -27897
-2 -13 -1 -15 -30293
-8 6 -9 7 -27913
-9 21 -6 22 -28295
5 -21 4 -22 -26567
-12 4 -11 3 -32733
1 -4 1 -7 -30903
16 9 16 10 -27335
-19 23 -20 23 -24811
13 -3 12 -3 -26591
-7 -7 -10 -6 -28455
-23 -24 -19 -21 -23427
21 -19 20 -19 -26877
23 6 19 7 -27833
-13 6 -16 6 -26387
-7 -24 -6 -22 -21831
2 -21 3 -22 -28731
-23 12 -24 11 -19245
21 1 23 -1 -28295
16 15 15 15 -25487
-22 6 -21 5 -29733
-24 -18 -21 -16 -22711
-24 -14 -24 -16 -24691
9 -1 11 0 -24593
16 0 15 0 -29291
19 15 17 12 -26681
0 -18 0 -20 -28705
-24 -23 12 -24 -26489
-20 16 -19 15 -28059
-11 -2 -14 -2 -29275
21 -24 3 -23 -29607
-5 20 -7 20 -25665
-11 22 -18 23 -28215
-24 9 -23 8 -26279
-2 23 -3 22 -23667
14 -22 14 -24 -24215
-13 20 -14 13 -30009
20 -20 20 -21 -28451
21 -11 23 -8 -29231
-8 7 -10 -8 -40561
14 23 13 23 -25179
-23 5 -22 0 -32057
14 -11 13 -11 -28707
-24 15 -22 13 -25837
-4 23 -24 20 -29773
-22 18 -20 17 -31103
11 -18 13 -19 -28445
5 -11 5 -12 -25625
11 22 10 21 -25659
14 23 -23 22 -28907
11 -23 8 -24 -24151
-4 -7 -6 -9 -27493
-20 -21 -22 -20 -27949
8 -2 7 -5 -30953
5 -24 4 -23 -18727
22 -24 23 3 -28941
18 -4 17 -4 -26963
-7 18 -7 17 -26757
-6 22 2 23 -28787
-19 -18 -18 -17 -27507
-19 -18 -18 -19 -26253
-11 2 -11 5 -31975
-14 -15 -16 -16 -26879
22 -13 21 -11 -29055
-7 5 -5 7 -25783
8 -7 9 -9 -31701
20 3 20 0 -24319
4 8 3 8 -25233
20 9 19 9 -26223
-16 23 -14 20 -28479
-15 -24 -9 -24 -25145
1 6 20 8 -29219
-4 22 -5 21 -29157
-5 1 -6 -1 -31175
17 6 17 9 -28307
-2 10 -3 9 -26747
5 14 5 13 -27395
5 -4 6 -3 -29403
-24 -6 -23 -9 -26087
-22 -23 22 -24 -29943
-8 -7 -5 -3 -32943
-22 -11 -21 -13 -27191
-9 -8 -5 -8 -26829
9 -19 8 -19 -26557
1 23 6 21 -26247
5 -15 2 -14 -28981
11 -12 11 -8 -27839
18 7 17 7 -24941
6 -13 7 -14 -28327
-10 9 -9 9 -25975
-12 11 -10 12 -28621
7 19 7 18 -24627
16 9 13 10 -27093
16 -15 19 -17 -28013
9 17 12 16 -26175
-9 -18 -10 -20 -28937
17 21 18 20 -26059
-16 -24 -13 -21 -27047
3 -18 1 -17 -31985
-17 2 -17 5 -31607
4 17 3 18 -25471
-5 -17 -6 -16 -26471
20 -12 23 -16 -31689
-6 17 -11 17 -26573
1 21 1 19 -24379
21 22 18 21 -26465
-10 -10 -9 -12 -25929
7 5 8 4 -28423
20 -16 20 -17 -30719
18 -23 21 -22 -28599
-12 -16 -12 -19 -28713
4 -20 4 -22 -28959
7 -17 8 -18 -28067
-13 -2 -13 -4 -27021
14 -21 12 -24 -25673
-16 -23 -12 -24 -23491
-16 -11 -19 -11 -27373
-12 0 -8 2 -30805
-12 -23 -11 -23 -24735
-13 -16 -14 -15 -25767
10 23 10 20 -24919
1 21 0 23 -25835
-22 8 -24 7 -24171
19 18 22 16 -28401
-4 4 -2 5 -25689
-17 -20 -14 -20 -24935
9 1 11 0 -23461
-2 -3 0 -2 -27513
-3 -17 -2 -15 -26575
-1 -12 -4 -10 -28205
22 6 23 5 -20819
-22 -6 -24 -7 -23469
-13 20 -11 21 -30163
22 1 20 2 -29003
13 -11 14 -10 -28849
13 15 12 15 -26631
-16 7 -17 6 -27675
4 -19 3 -16 -29583
1 -4 0 -2 -29161
16 -24 14 -22 -30865
-15 -3 -12 -3 -30551
-13 14 -17 16 -30323
15 9 17 10 -26599
-21 1 -24 4 -32257
-12 -8 -12 -9 -26387
23 1 23 -1 -22383
6 -7 3 -9 -26011
-24 -24 2 -23 -24459
-13 14 -13 12 -27089
15 18 14 17 -27371
-20 17 -23 17 -31647
-23 -18 -24 -15 -24103
-24 -11 -21 -15 -28615
-13 8 -14 10 -27017
19 23 22 22 -21945
20 -22 19 -24 -23765
-15 -9 -16 -9 -27767
12 23 20 21 -29167
13 -2 16 -4 -32557
-6 23 -3 22 -25085
21 9 20 14 -30151
19 -22 17 -22 -29841
1 7 0 9 -28323
23 -15 21 -17 -27145
6 23 12 23 -25083
-24 -22 -19 -24 -21421
16 -6 18 -7 -27569
14 -22 15 -23 -29617
12 -24 9 -21 -27325
-12 20 -13 20 -28255
3 -10 23 -15 -28243
-20 11 -20 10 -26523
-17 13 -20 12 -30279
-10 0 -8 0 -25439
23 -16 22 -21 -29051
-18 -8 -21 -7 -29849
-24 13 -22 17 -24689
-22 23 -16 22 -28169
-22 19 -23 20 -26193
23 7 18 6 -29583
-21 -4 -23 -2 -30385
13 1 16 -6 -38705
22 -5 20 -6 -29313
17 23 16 20 -29237
-22 9 -22 8 -24447
-7 -22 -10 -24 -23303
12 -19 10 -22 -27553
-12 11 -12 13 -26451
-11 15 -8 18 -29753
23 12 22 19 -28277
12 -16 13 -16 -30535
-16 -8 -16 -7 -27557
2 -16 -2 -16 -30331
-22 0 -21 3 -30091
16 20 14 20 -29357
13 10 12 10 -27595
23 20 -24 22 -24511
3 19 7 19 -28165
-6 14 -5 12 -26019
-18 0 -18 1 -29559
23 -21 21 -18 -30621
8 6 6 5 -28773
-15 3 -18 4 -30697
-16 -22 -16 -23 -26069
-15 -9 -14 -11 -28243
13 5 15 3 -26649
20 -10 -23 -17 -33149
23 -9 23 -10 -23677
-2 7 -1 8 -27643
3 22 -1 22 -25647
-14 19 -15 20 -29379
10 4 9 1 -29593
-13 23 -10 23 -23193
-7 -5 -6 -6 -30503
22 -14 23 -17 -30539
-13 -23 -11 -24 -22067
15 0 18 2 -29747
-1 4 0 4 -28177
-4 8 -1 8 -25571
-20 13 -20 12 -28333
2 12 5 10 -24883
-13 11 -14 11 -27185
-12 8 -12 7 -26505
-23 1 -19 0 -30589
-23 -24 -22 6 -31631
-24 11 -24 -2 -33391
9 13 9 12 -26345
21 2 -2 10 -28889
-4 23 -2 23 -26451
-23 -5 -24 -5 -20461
-22 12 -20 12 -27465
-3 -18 -2 -18 -30267
-20 23 -20 20 -23251
-20 -6 -24 -5 -29681
-15 12 -21 11 -32037
13 -21 15 -20 -30199
10 -8 8 -9 -27477
19 -11 17 -11 -28529
9 -14 11 -14 -26301
2 -24 4 -24 -21255
-8 -9 -11 -10 -27251
20 -24 -5 -21 -28753
-4 23 21 23 -24065
-20 2 -17 2 -29939
-7 13 -8 11 -24743
4 -8 4 -9 -25901
-12 17 -10 14 -28147
3 -1 2 -1 -29993
15 21 23 22 -26933
22 -23 22 -22 -23115
9 9 12 10 -28109
-7 -21 -5 -24 -23355
-15 5 -11 2 -36607
21 22 23 -11 -31629
-19 7 -19 4 -31149
-16 -15 -16 -17 -27761
3 14 1 13 -29227
-19 23 -18 21 -26895
0 8 0 6 -30741
23 13 22 14 -24763
23 -21 20 -19 -31301
-8 20 -7 22 -30357
-10 -1 -8 -3 -31099
-21 19 -24 19 -26257
-18 22 -17 23 -21503
-13 -10 -15 -10 -26259
17 -7 15 -8 -27253
-9 -6 -13 -4 -30245
-23 6 -23 7 -25345
20 -8 23 -9 -28303
-24 -8 -24 -14 -26729
-19 12 -18 16 -32039
23 -23 18 -22 -28637
-18 -5 -15 -4 -29523
6 10 4 9 -29033
