-19 -13 -20 -13 -28039
-13 -3 -14 -4 -27581
10 -9 9 -9 -26921
9 -13 9 -11 -26403
22 20 22 18 -28169
14 19 14 22 -30155
8 -2 7 -1 -26623
-21 -4 -19 -4 -28501
-5 14 -4 16 -28431
20 16 18 17 -25867
-7 -14 -7 -13 -29123
6 3 6 5 -31755
8 -8 6 -8 -25907
-21 -20 -17 -19 -28319
-5 10 -8 10 -27789
21 -8 21 -4 -25437
-18 -1 -17 0 -28005
11 22 8 23 -25127
-1 -18 -3 -18 -33089
-1 -9 0 -9 -30929
6 17 8 18 -27321
23 -10 20 -12 -30153
-8 -19 -5 -14 -29369
8 -20 7 -23 -27441
2 -24 -4 -23 -23225
-10 8 -12 7 -25827
17 -22 15 -22 -27349
-5 -15 -5 -13 -30343
2 0 0 1 -30321
4 -5 1 -7 -29787
-14 -13 -14 -10 -27427
2 8 5 6 -28759
20 12 22 12 -25837
17 -9 17 -8 -25353
1 11 1 9 -28583
23 9 21 12 -27539
-8 -14 -7 -14 -25083
-7 -15 -4 -15 -27367
9 21 7 20 -26053
-21 -1 -19 0 -28031
6 8 6 9 -29689
18 -14 19 -13 -28363
1 -21 0 -23 -25195
13 -23 21 -24 -28315
23 17 22 15 -20961
12 -2 13 -3 -26507
19 -24 18 -22 -25727
-23 -24 -23 -20 -26967
3 -23 0 -23 -25589
-9 23 -8 21 -24267
8 -14 7 -17 -26139
-4 -5 -3 -9 -30481
4 -15 7 -13 -25369
-19 -17 -19 -21 -29047
23 4 21 3 -28691
7 11 9 9 -28903
-23 19 -24 23 -19875
-15 -3 -17 -2 -27969
-24 -10 -17 -9 -30101
0 13 2 14 -30033
-6 23 -9 23 -22405
1 -19 3 -18 -30185
-22 -24 -23 -20 -26741
-8 5 -6 4 -26125
8 4 9 1 -30059
-18 -7 -18 -4 -27203
-6 -7 -4 -10 -30863
21 5 22 6 -31527
2 -10 3 -10 -29383
-9 20 -9 19 -29055
-1 -6 -5 -6 -27733
21 16 22 21 -30561
23 -7 22 -1 -25645
9 14 7 14 -27075
14 -1 15 1 -26771
-24 2 -23 -6 -30207
14 -13 15 -15 -25841
-24 5 -21 7 -24531
-24 -6 -24 1 -29453
-21 5 -18 4 -31759
18 23 15 22 -27537
-16 -24 -16 -23 -21291
12 -3 12 -4 -27067
11 13 11 14 -26639
-1 2 -2 3 -28149
-5 23 0 21 -29637
10 10 8 8 -29921
-24 -7 -24 -12 -26523
4 -2 6 -1 -29205
-11 4 -13 2 -28397
-24 -15 -19 -17 -25609
8 -22 7 -22 -26225
11 15 12 17 -27987
4 21 0 20 -25857
-9 -6 -9 -5 -26931
23 -19 22 -10 -31015
9 18 10 16 -28929
-2 -1 -1 -3 -29893
-24 -23 -23 -20 -21761
23 6 23 11 -27795
-18 5 -24 6 -31457
5 16 6 16 -25319
-9 13 -11 13 -25579
21 -1 23 -1 -25845
-15 -18 -15 -22 -27815
-22 -11 -24 -15 -25043
-11 -15 -11 -13 -29687
-10 -7 -11 -8 -27381
21 14 22 14 -21997
23 18 21 21 -26753
20 -19 22 -17 -28033
-16 20 -14 21 -26395
-5 -20 -2 -23 -29655
0 -7 3 -8 -29013
22 -19 22 -24 -28441
8 -2 8 -1 -25763
4 -5 5 -7 -27947
-4 -17 -3 -18 -28893
-8 -1 -6 -2 -28313
14 3 17 4 -28763
-1 -5 -2 -6 -31943
-21 20 -24 17 -27371
23 -9 23 -15 -28613
-11 20 -11 23 -29517
-5 3 -5 1 -28203
13 21 11 22 -25707
0 16 -3 17 -27201
22 22 19 22 -21545
-24 -4 -22 -2 -23225
-24 -9 -24 -5 -28757
-24 1 -22 7 -29597
11 3 12 14 -39279
2 -3 5 -3 -30807
-14 -14 -13 -12 -28171
15 23 9 23 -27853
-23 16 -23 18 -23109
-17 23 -24 22 -27089
16 -4 16 -6 -25791
22 -17 -16 -23 -31939
7 10 6 10 -26953
23 -10 22 -10 -22049
-22 10 -23 12 -31361
-22 18 8 19 -33323
-6 -18 -8 -18 -23697
18 -8 19 -9 -26743
14 -9 10 -8 -28177
18 -9 20 -8 -28799
-24 18 -19 22 -30165
-24 -9 -23 -3 -29221
22 -5 19 -3 -30925
7 -18 8 -21 -29475
19 -22 23 -22 -26835
16 -21 17 -20 -27385
-20 9 -17 9 -28757
-5 -2 -4 -4 -29535
-3 -7 -2 -8 -29745
0 -15 -1 -12 -30723
19 20 21 23 -27559
17 1 -7 9 -38433
-20 2 -1 6 -32727
15 -13 17 -13 -25665
8 -8 9 -9 -29015
-10 -11 -12 -10 -26907
23 -2 20 -4 -26823
5 23 8 21 -24727
-4 12 -3 11 -24137
15 18 15 14 -29945
-7 13 -5 13 -23643
-3 6 -6 7 -27127
18 -1 22 0 -30305
-7 -10 -4 -9 -27947
12 12 15 12 -26553
16 23 13 21 -30283
23 6 23 1 -23893
9 22 2 20 -27383
13 -20 12 -16 -28689
22 7 23 10 -26793
-1 18 -2 18 -27857
-17 2 -15 2 -28753
21 14 21 12 -26617
-6 -19 -6 -21 -25471
8 4 7 8 -33933
1 12 12 -17 -40099
6 0 6 3 -29029
-8 3 -8 0 -28237
-20 14 -18 17 -31049
9 12 11 12 -26151
4 6 8 4 -30151
-1 9 1 12 -31133
1 13 0 14 -24499
15 6 15 4 -26851
17 -16 17 -18 -28459
-21 9 -23 10 -29525
20 -10 22 -11 -28351
14 -4 -7 -21 -38851
10 -2 6 -2 -28219
11 -10 12 -11 -26615
-10 -3 -8 -1 -27961
-20 -2 -19 -4 -28883
-14 -23 -17 -21 -23153
2 -8 3 -11 -27913
-21 -22 -19 -22 -26647
-3 -9 -3 -11 -24531
3 -17 4 -16 -27173
-4 16 -3 18 -29285
-11 23 -2 -8 -38421
-12 14 -17 14 -29111
12 -13 12 -14 -24207
-24 14 -23 8 -29049
10 -23 13 -24 -20755
17 3 20 2 -25353
-1 14 0 18 -28693
-15 22 7 22 -30493
23 5 22 4 -28045
-10 8 -10 10 -25759
18 21 15 23 -27617
3 -23 11 -24 -25721
23 -3 21 -2 -28173
2 15 1 15 -26405
12 -1 17 -1 -30597
-21 -24 -17 -22 -24683
-21 18 -21 19 -26173
-1 -21 0 -24 -28507
-8 -16 -11 -17 -26081
-9 -21 -11 -24 -27715
19 21 19 22 -28113
11 4 -15 -5 -38033
-12 23 -13 21 -27205
3 13 2 16 -28517
2 20 1 23 -25925
-10 -15 -14 -15 -24171
5 -10 6 -11 -27659
5 -6 7 -7 -26023
-23 -13 -24 -23 -27475
-1 -23 -9 -23 -20873
-17 22 -15 22 -26289
11 5 10 5 -25031
-1 -23 -1 -22 -28947
-2 -13 -1 -15 -30407
-8 6 -9 7 -25017
-9 21 -6 22 -28101
5 -21 4 -22 -26841
-12 4 -11 3 -26755
1 -4 1 -7 -30441
16 9 16 10 -29427
-19 23 -20 23 -23811
13 -3 12 -3 -25373
-7 -7 -10 -6 -28167
-23 -24 -19 -21 -23603
21 -19 20 -19 -26301
23 6 19 7 -26545
-13 6 -16 6 -25339
-7 -24 -6 -22 -22591
2 -21 3 -22 -28819
-23 12 -24 11 -19033
21 1 23 -1 -26799
16 15 15 15 -24953
-22 6 -21 5 -30129
-24 -18 -21 -16 -22633
-24 -14 -24 -16 -23711
9 -1 11 0 -24363
16 0 15 0 -29227
19 15 17 12 -27467
0 -18 0 -20 -28649
-24 -23 12 -24 -26055
-20 16 -19 15 -27697
-11 -2 -14 -2 -27717
21 -24 3 -23 -28755
-5 20 -7 20 -25921
-11 22 -18 23 -28281
-24 9 -23 8 -26765
-2 23 -3 22 -23945
14 -22 14 -24 -22795
-13 20 -14 13 -29867
20 -20 20 -21 -27613
21 -11 23 -8 -29891
-1 -11 1 -11 -31581
14 23 13 23 -24247
-23 5 -22 0 -30003
14 -11 13 -11 -27413
-24 15 -22 13 -25247
-4 23 -24 20 -30613
-22 18 -20 17 -30617
11 -18 13 -19 -26687
5 -11 5 -12 -25519
11 22 10 21 -26261
14 23 -23 22 -30935
11 -23 8 -24 -23851
-4 -7 -6 -9 -28573
-20 -21 -22 -20 -27717
8 -2 7 -5 -30253
5 -24 4 -23 -19525
22 -24 23 3 -29429
18 -4 17 -4 -27093
-7 18 -7 17 -26909
-6 22 2 23 -29669
-19 -18 -18 -17 -27603
-19 -18 -18 -19 -25321
-11 2 -11 5 -26573
-14 -15 -16 -16 -26709
22 -13 21 -11 -28475
-7 5 -5 7 -23977
8 -7 9 -9 -29983
20 3 20 0 -22187
4 8 3 8 -26115
20 9 19 9 -25939
-16 23 -14 20 -28467
-15 -24 -9 -24 -24763
1 6 20 8 -30339
-4 22 -5 21 -28335
-5 1 -6 -1 -29609
17 6 17 9 -30775
-2 10 -3 9 -26829
5 14 5 13 -27203
5 -4 6 -3 -29321
-24 -6 -23 -9 -25515
-22 -23 22 -24 -29027
-8 -7 -5 -3 -32279
-22 -11 -21 -13 -26639
-9 -8 -5 -8 -26867
9 -19 8 -19 -26319
1 23 6 21 -25743
5 -15 2 -14 -29039
11 -12 11 -8 -28327
18 7 17 7 -24589
6 -13 7 -14 -28419
-10 9 -9 9 -24851
-12 11 -10 12 -27775
7 19 7 18 -24585
16 9 13 10 -27443
16 -15 19 -17 -27667
9 17 12 16 -26589
-9 -18 -10 -20 -28221
17 21 18 20 -26341
-16 -24 -13 -21 -26695
3 -18 1 -17 -31719
-17 2 -17 5 -28113
4 17 3 18 -25809
-5 -17 -6 -16 -26675
20 -12 23 -16 -31777
-6 17 -11 17 -26499
1 21 1 19 -24503
21 22 18 21 -27015
-10 -10 -9 -12 -26309
7 5 8 4 -30517
20 -16 20 -17 -30607
18 -23 21 -22 -27503
-12 -16 -12 -19 -28429
4 -20 4 -22 -28629
7 -17 8 -18 -27821
-13 -2 -13 -4 -24997
14 -21 12 -24 -25799
-16 -23 -12 -24 -22499
-16 -11 -19 -11 -27137
-12 0 -8 2 -29207
-12 -23 -11 -23 -24329
-13 -16 -14 -15 -25801
10 23 10 20 -25287
1 21 0 23 -25653
-22 8 -24 7 -22291
19 18 22 16 -29279
-4 4 -2 5 -24935
-17 -20 -14 -20 -24419
9 1 11 0 -23451
-2 -3 0 -2 -28095
-3 -17 -2 -15 -27227
-1 -12 -4 -10 -29925
22 6 23 5 -19965
-22 -6 -24 -7 -23221
-13 20 -11 21 -30405
22 1 20 2 -27107
13 -11 14 -10 -28607
13 15 12 15 -26255
-16 7 -17 6 -26105
4 -19 3 -16 -29763
1 -4 0 -2 -28779
16 -24 14 -22 -30133
-15 -3 -12 -3 -29051
-13 14 -17 16 -29227
15 9 17 10 -25983
-21 1 -24 4 -30605
-12 -8 -12 -9 -26295
23 1 23 -1 -20395
6 -7 3 -9 -26121
-24 -24 2 -23 -22897
-13 14 -13 12 -26857
15 18 14 17 -27271
-20 17 -23 17 -31175
-23 -18 -24 -15 -23045
-24 -11 -21 -15 -28357
-13 8 -14 10 -26369
19 23 22 22 -22329
20 -22 19 -24 -23717
-15 -9 -16 -9 -27003
12 23 20 21 -28615
13 -2 16 -4 -27493
-6 23 -3 22 -25525
21 9 20 14 -30627
19 -22 17 -22 -28927
1 7 0 9 -28145
23 -15 21 -17 -27333
6 23 12 23 -25535
-24 -22 -19 -24 -21195
16 -6 18 -7 -26841
14 -22 15 -23 -28169
12 -24 9 -21 -25453
-12 20 -13 20 -27965
3 -10 23 -15 -26187
-20 11 -20 10 -26179
-17 13 -20 12 -30219
-10 0 -8 0 -25203
23 -16 22 -21 -28557
-18 -8 -21 -7 -29341
-24 13 -22 17 -24407
-22 23 -16 22 -27509
-22 19 -23 20 -25551
23 7 18 6 -29671
-21 -4 -23 -2 -29211
5 -18 23 13 -35305
22 -5 20 -6 -28365
17 23 16 20 -29229
-22 9 -22 8 -24711
-7 -22 -10 -24 -23491
12 -19 10 -22 -26423
-12 11 -12 13 -26211
-11 15 -8 18 -29047
23 12 22 19 -28657
12 -16 13 -16 -26887
-16 -8 -16 -7 -27007
2 -16 -2 -16 -32497
-22 0 -21 3 -26503
16 20 14 20 -29527
13 10 12 10 -27733
23 20 -24 22 -26705
3 19 7 19 -28111
-6 14 -5 12 -25893
-18 0 -18 1 -27055
23 -21 21 -18 -29945
8 6 6 5 -28665
-15 3 -18 4 -29581
-16 -22 -16 -23 -25889
-15 -9 -14 -11 -28129
13 5 15 3 -26713
20 -10 -23 -17 -33293
23 -9 23 -10 -24685
-2 7 -1 8 -28217
3 22 -1 22 -26049
-14 19 -15 20 -29465
10 4 9 1 -28763
-13 23 -10 23 -23481
-7 -5 -6 -6 -30079
22 -14 23 -17 -30203
-13 -23 -11 -24 -21611
15 0 18 2 -30449
-1 4 0 4 -28311
-4 8 -1 8 -25829
-20 13 -20 12 -28411
2 12 5 10 -25905
-13 11 -14 11 -26793
-12 8 -12 7 -25157
-23 1 -19 0 -30207
-23 -24 -22 6 -30063
-24 11 -24 -2 -31049
9 13 9 12 -26739
21 2 -2 10 -33245
-4 23 -2 23 -27179
-23 -5 -24 -5 -19665
-22 12 -20 12 -27105
-3 -18 -2 -18 -30609
-20 23 -20 20 -23455
-20 -6 -24 -5 -28823
-15 12 -21 11 -31919
13 -21 15 -20 -27683
10 -8 8 -9 -27667
19 -11 17 -11 -27075
9 -14 11 -14 -25171
2 -24 4 -24 -21599
-8 -9 -11 -10 -27191
20 -24 -5 -21 -29211
-4 23 21 23 -23871
-20 2 -17 2 -28887
-7 13 -8 11 -25415
4 -8 4 -9 -25835
-12 17 -10 14 -26839
3 -1 2 -1 -30889
15 21 23 22 -26727
22 -23 22 -22 -23201
9 9 12 10 -28491
-7 -21 -5 -24 -23509
14 3 2 15 -42535
21 22 23 -11 -31313
-19 7 -19 4 -29111
-16 -15 -16 -17 -27257
3 14 1 13 -29549
-19 23 -18 21 -26111
0 8 0 6 -30695
23 13 22 14 -25295
23 -21 20 -19 -30425
-8 20 -7 22 -30269
-10 -1 -8 -3 -29205
-21 19 -24 19 -25787
-18 22 -17 23 -21799
-13 -10 -15 -10 -25059
17 -7 15 -8 -26915
-9 -6 -13 -4 -29583
-23 6 -23 7 -25237
20 -8 23 -9 -27883
-24 -8 -24 -14 -26485
-19 12 -18 16 -31339
23 -23 18 -22 -28135
-18 -5 -15 -4 -28429
6 10 4 9 -29781
