-19 -13 -20 -13 -26977
-13 -3 -14 -4 -27383
10 -9 9 -9 -27289
9 -13 9 -11 -25925
22 20 22 18 -28433
14 19 14 22 -30985
8 -2 7 -1 -25989
-21 -4 -19 -4 -28471
-5 14 -4 16 -33861
20 16 18 17 -25257
-7 -14 -7 -13 -29811
6 3 6 5 -28779
8 -8 6 -8 -25371
-21 -20 -17 -19 -28537
-5 10 -8 10 -26715
21 -8 21 -4 -24695
-18 -1 -17 0 -28205
11 22 8 23 -24197
-1 -18 -3 -18 -33109
-1 -9 0 -9 -30679
6 17 8 18 -26647
23 -10 20 -12 -29947
-8 -19 -5 -14 -29585
8 -20 7 -23 -28095
2 -24 -4 -23 -22819
-10 8 -12 7 -26375
17 -22 15 -22 -28351
-5 -15 -5 -13 -30477
2 0 0 1 -29207
4 -5 1 -7 -29211
-14 -13 -14 -10 -27349
2 8 5 6 -25053
20 12 22 12 -25509
17 -9 17 -8 -24641
1 11 1 9 -27761
23 9 21 12 -27269
-8 -14 -7 -14 -23621
-7 -15 -4 -15 -27229
9 21 7 20 -26209
-21 -1 -19 0 -28403
6 8 6 9 -26871
18 -14 19 -13 -27861
1 -21 0 -23 -25901
13 -23 21 -24 -29137
23 17 22 15 -21405
12 -2 13 -3 -26309
19 -24 18 -22 -26281
-23 -24 -23 -20 -27513
3 -23 0 -23 -25801
-9 23 -8 21 -24487
8 -14 7 -17 -25683
-4 -5 -3 -9 -30315
4 -15 7 -13 -25351
-19 -17 -19 -21 -28533
23 4 21 3 -27767
7 11 9 9 -25565
-23 19 -24 23 -19803
-15 -3 -17 -2 -27983
-24 -10 -17 -9 -29385
0 13 2 14 -30711
-6 23 -9 23 -22363
1 -19 3 -18 -30613
-22 -24 -23 -20 -27041
-8 5 -6 4 -26327
8 4 9 1 -28347
-18 -7 -18 -4 -27989
-6 -7 -4 -10 -30631
21 5 22 6 -30593
2 -10 3 -10 -29391
-9 20 -9 19 -29839
-1 -6 -5 -6 -27559
21 16 22 21 -31841
23 -7 22 -1 -25267
9 14 7 14 -26039
14 -1 15 1 -27237
-24 2 -23 -6 -30821
14 -13 15 -15 -26993
-24 5 -21 7 -25409
-24 -6 -24 1 -30645
-21 5 -18 4 -32115
18 23 15 22 -27951
-16 -24 -16 -23 -21385
12 -3 12 -4 -26529
11 13 11 14 -27607
-1 2 -2 3 -26865
-5 23 0 21 -29463
10 10 8 8 -28833
-24 -7 -24 -12 -26343
4 -2 6 -1 -28231
-11 4 -13 2 -28599
-24 -15 -19 -17 -25555
8 -22 7 -22 -27009
11 15 12 17 -30379
4 21 0 20 -25495
-9 -6 -9 -5 -26789
23 -19 22 -10 -30507
9 18 10 16 -29645
-2 -1 -1 -3 -29217
-24 -23 -23 -20 -22093
23 6 23 11 -26613
-18 5 -24 6 -31697
5 16 6 16 -23737
-9 13 -11 13 -26077
21 -1 23 -1 -24691
-15 -18 -15 -22 -28365
-22 -11 -24 -15 -25447
-11 -15 -11 -13 -29797
-10 -7 -11 -8 -27209
21 14 22 14 -22017
23 18 21 21 -26361
20 -19 22 -17 -27535
-16 20 -14 21 -26033
-5 -20 -2 -23 -29187
0 -7 3 -8 -29343
22 -19 22 -24 -28197
8 -2 8 -1 -25553
4 -5 5 -7 -27401
-4 -17 -3 -18 -28093
-8 -1 -6 -2 -27587
14 3 17 4 -27705
-1 -5 -2 -6 -32071
-21 20 -24 17 -27123
23 -9 23 -15 -27651
-11 20 -11 23 -30237
-5 3 -5 1 -27037
13 21 11 22 -25721
0 16 -3 17 -26235
22 22 19 22 -20373
-24 -4 -22 -2 -23835
-24 -9 -24 -5 -28913
-24 1 -22 7 -30443
-10 10 -21 2 -40269
2 -3 5 -3 -30585
-14 -14 -13 -12 -28699
15 23 9 23 -26859
-23 16 -23 18 -22759
-17 23 -24 22 -26893
16 -4 16 -6 -25529
22 -17 -16 -23 -33189
7 10 6 10 -25833
23 -10 22 -10 -21791
-22 10 -23 12 -30597
19 -21 4 -14 -37353
-6 -18 -8 -18 -22815
18 -8 19 -9 -26433
14 -9 10 -8 -27567
18 -9 20 -8 -28761
-24 18 -19 22 -29141
-24 -9 -23 -3 -29615
22 -5 19 -3 -30023
7 -18 8 -21 -30635
19 -22 23 -22 -26887
16 -21 17 -20 -27305
-20 9 -17 9 -28571
-5 -2 -4 -4 -28881
-3 -7 -2 -8 -29389
0 -15 -1 -12 -30505
19 20 21 23 -26961
19 17 15 11 -37675
-20 2 -1 6 -33361
15 -13 17 -13 -25715
8 -8 9 -9 -29247
-10 -11 -12 -10 -26713
23 -2 20 -4 -26141
5 23 8 21 -24063
-4 12 -3 11 -24011
15 18 15 14 -32389
-7 13 -5 13 -23435
-3 6 -6 7 -27561
18 -1 22 0 -29191
-7 -10 -4 -9 -27737
12 12 15 12 -27307
16 23 13 21 -30093
23 6 23 1 -23623
9 22 2 20 -27331
13 -20 12 -16 -30155
22 7 23 10 -25647
-1 18 -2 18 -27057
-17 2 -15 2 -28991
21 14 21 12 -28427
-6 -19 -6 -21 -24895
20 13 -7 9 -32641
13 7 12 -23 -35093
6 0 6 3 -28065
-8 3 -8 0 -27241
-20 14 -18 17 -30251
9 12 11 12 -25263
4 6 8 4 -26507
-1 9 1 12 -30197
1 13 0 14 -24783
15 6 15 4 -25091
17 -16 17 -18 -29291
-21 9 -23 10 -29191
20 -10 22 -11 -28139
-3 18 -6 14 -37815
10 -2 6 -2 -27417
11 -10 12 -11 -25821
-10 -3 -8 -1 -27377
-20 -2 -19 -4 -29237
-14 -23 -17 -21 -22191
2 -8 3 -11 -27719
-21 -22 -19 -22 -26365
-3 -9 -3 -11 -23931
3 -17 4 -16 -28079
-4 16 -3 18 -33259
2 -11 12 22 -40885
-12 14 -17 14 -30001
12 -13 12 -14 -24075
-24 14 -23 8 -28885
10 -23 13 -24 -22227
17 3 20 2 -25355
-1 14 0 18 -31959
-15 22 7 22 -28571
23 5 22 4 -27267
-10 8 -10 10 -25307
18 21 15 23 -27911
3 -23 11 -24 -27001
23 -3 21 -2 -27511
2 15 1 15 -25679
12 -1 17 -1 -30019
-21 -24 -17 -22 -24811
-21 18 -21 19 -25551
-1 -21 0 -24 -27807
-8 -16 -11 -17 -26645
-9 -21 -11 -24 -27737
19 21 19 22 -28205
12 -15 -6 -18 -37179
-12 23 -13 21 -26919
3 13 2 16 -28315
2 20 1 23 -26345
-10 -15 -14 -15 -24079
5 -10 6 -11 -27007
5 -6 7 -7 -26197
-23 -13 -24 -23 -28005
-1 -23 -9 -23 -20339
-17 22 -15 22 -25211
11 5 10 5 -25273
-1 -23 -1 -22 -27923
-2 -13 -1 -15 -29833
-8 6 -9 7 -25267
-9 21 -6 22 -28607
5 -21 4 -22 -28317
-12 4 -11 3 -26945
1 -4 1 -7 -30477
16 9 16 10 -26613
-19 23 -20 23 -23643
13 -3 12 -3 -25069
-7 -7 -10 -6 -27495
-23 -24 -19 -21 -23255
21 -19 20 -19 -26479
23 6 19 7 -27243
-13 6 -16 6 -26197
-7 -24 -6 -22 -23111
2 -21 3 -22 -28491
-23 12 -24 11 -19371
21 1 23 -1 -26431
16 15 15 15 -25963
-22 6 -21 5 -30067
-24 -18 -21 -16 -22205
-24 -14 -24 -16 -24163
9 -1 11 0 -23667
16 0 15 0 -28447
19 15 17 12 -32361
0 -18 0 -20 -28479
-24 -23 12 -24 -26779
-20 16 -19 15 -27525
-11 -2 -14 -2 -27713
21 -24 3 -23 -30385
-5 20 -7 20 -26043
-11 22 -18 23 -27191
-24 9 -23 8 -26165
-2 23 -3 22 -23463
14 -22 14 -24 -23097
-13 20 -14 13 -30111
20 -20 20 -21 -28289
21 -11 23 -8 -28937
-1 -11 1 -11 -32125
14 23 13 23 -24415
-23 5 -22 0 -30009
14 -11 13 -11 -28183
-24 15 -22 13 -25111
-4 23 -24 20 -29637
-22 18 -20 17 -30389
11 -18 13 -19 -28587
5 -11 5 -12 -24419
11 22 10 21 -26213
14 23 -23 22 -29363
11 -23 8 -24 -24001
-4 -7 -6 -9 -27807
-20 -21 -22 -20 -27279
8 -2 7 -5 -29017
5 -24 4 -23 -18909
22 -24 23 3 -29735
18 -4 17 -4 -27395
-7 18 -7 17 -28827
-6 22 2 23 -29181
-19 -18 -18 -17 -27519
-19 -18 -18 -19 -25503
-11 2 -11 5 -26927
-14 -15 -16 -16 -26791
22 -13 21 -11 -28143
-7 5 -5 7 -23955
8 -7 9 -9 -29731
20 3 20 0 -22329
4 8 3 8 -25029
20 9 19 9 -26353
-16 23 -14 20 -29005
-15 -24 -9 -24 -24639
1 6 20 8 -30643
-4 22 -5 21 -29121
-5 1 -6 -1 -28355
17 6 17 9 -27607
-2 10 -3 9 -26109
5 14 5 13 -27813
5 -4 6 -3 -28527
-24 -6 -23 -9 -25497
-22 -23 22 -24 -30511
-8 -7 -5 -3 -31713
-22 -11 -21 -13 -26307
-9 -8 -5 -8 -26567
9 -19 8 -19 -27631
1 23 6 21 -25695
5 -15 2 -14 -29651
11 -12 11 -8 -27329
18 7 17 7 -25239
6 -13 7 -14 -27945
-10 9 -9 9 -25399
-12 11 -10 12 -27585
7 19 7 18 -24635
16 9 13 10 -26819
16 -15 19 -17 -28879
9 17 12 16 -26381
-9 -18 -10 -20 -28171
17 21 18 20 -26863
-16 -24 -13 -21 -27047
3 -18 1 -17 -31743
-17 2 -17 5 -28539
4 17 3 18 -24991
-5 -17 -6 -16 -25725
20 -12 23 -16 -31111
-6 17 -11 17 -26423
1 21 1 19 -24415
21 22 18 21 -26345
-10 -10 -9 -12 -25943
7 5 8 4 -25315
20 -16 20 -17 -30941
18 -23 21 -22 -27591
-12 -16 -12 -19 -28221
4 -20 4 -22 -29161
7 -17 8 -18 -29113
-13 -2 -13 -4 -24673
14 -21 12 -24 -25519
-16 -23 -12 -24 -22021
-16 -11 -19 -11 -27155
-12 0 -8 2 -28581
-12 -23 -11 -23 -24035
-13 -16 -14 -15 -25395
10 23 10 20 -24945
1 21 0 23 -26137
-22 8 -24 7 -22385
19 18 22 16 -28341
-4 4 -2 5 -24361
-17 -20 -14 -20 -23933
9 1 11 0 -22417
-2 -3 0 -2 -27867
-3 -17 -2 -15 -26979
-1 -12 -4 -10 -28759
22 6 23 5 -20215
-22 -6 -24 -7 -22913
-13 20 -11 21 -29421
22 1 20 2 -27303
13 -11 14 -10 -28253
13 15 12 15 -26421
-16 7 -17 6 -29157
4 -19 3 -16 -29885
1 -4 0 -2 -28451
16 -24 14 -22 -31349
-15 -3 -12 -3 -29433
-13 14 -17 16 -30981
15 9 17 10 -26995
-21 1 -24 4 -30519
-12 -8 -12 -9 -26277
23 1 23 -1 -20313
6 -7 3 -9 -26259
-24 -24 2 -23 -23285
-13 14 -13 12 -26833
15 18 14 17 -29085
-20 17 -23 17 -30391
-23 -18 -24 -15 -23353
-24 -11 -21 -15 -27473
-13 8 -14 10 -26019
19 23 22 22 -21207
20 -22 19 -24 -22751
-15 -9 -16 -9 -27455
12 23 20 21 -29127
13 -2 16 -4 -26605
-6 23 -3 22 -25641
21 9 20 14 -30853
19 -22 17 -22 -29313
1 7 0 9 -27255
23 -15 21 -17 -27665
6 23 12 23 -25143
-24 -22 -19 -24 -21639
16 -6 18 -7 -26397
14 -22 15 -23 -29715
12 -24 9 -21 -27085
-12 20 -13 20 -27131
3 -10 23 -15 -28483
-20 11 -20 10 -26355
-17 13 -20 12 -30491
-10 0 -8 0 -24567
23 -16 22 -21 -29127
-18 -8 -21 -7 -28977
-24 13 -22 17 -24485
-22 23 -16 22 -27437
-22 19 -23 20 -25243
23 7 18 6 -29321
-21 -4 -23 -2 -29157
-21 -9 7 21 -35539
22 -5 20 -6 -28873
17 23 16 20 -29449
-22 9 -22 8 -25085
-7 -22 -10 -24 -23725
12 -19 10 -22 -27093
-12 11 -12 13 -26245
-11 15 -8 18 -30505
23 12 22 19 -29651
12 -16 13 -16 -27917
-16 -8 -16 -7 -26799
2 -16 -2 -16 -33347
-22 0 -21 3 -27561
16 20 14 20 -29469
13 10 12 10 -28277
23 20 -24 22 -24771
3 19 7 19 -27225
-6 14 -5 12 -25243
-18 0 -18 1 -26631
23 -21 21 -18 -30759
8 6 6 5 -28109
-15 3 -18 4 -29649
-16 -22 -16 -23 -25449
-15 -9 -14 -11 -27737
13 5 15 3 -25085
20 -10 -23 -17 -33057
23 -9 23 -10 -22839
-2 7 -1 8 -27195
3 22 -1 22 -25707
-14 19 -15 20 -29791
10 4 9 1 -28765
-13 23 -10 23 -22397
-7 -5 -6 -6 -29407
22 -14 23 -17 -30337
-13 -23 -11 -24 -21779
15 0 18 2 -29975
-1 4 0 4 -27757
-4 8 -1 8 -25455
-20 13 -20 12 -28027
2 12 5 10 -24961
-13 11 -14 11 -27597
-12 8 -12 7 -25237
-23 1 -19 0 -29337
-23 -24 -22 6 -30509
-24 11 -24 -2 -31887
9 13 9 12 -26739
21 2 -2 10 -28775
-4 23 -2 23 -26471
-23 -5 -24 -5 -18951
-22 12 -20 12 -26197
-3 -18 -2 -18 -30579
-20 23 -20 20 -22665
-20 -6 -24 -5 -28247
-15 12 -21 11 -32199
13 -21 15 -20 -28643
10 -8 8 -9 -28165
19 -11 17 -11 -27515
9 -14 11 -14 -26297
2 -24 4 -24 -22493
-8 -9 -11 -10 -27169
20 -24 -5 -21 -31021
-4 23 21 23 -23927
-20 2 -17 2 -29823
-7 13 -8 11 -25511
4 -8 4 -9 -25945
-12 17 -10 14 -28699
3 -1 2 -1 -30101
15 21 23 22 -26619
22 -23 22 -22 -23131
9 9 12 10 -28539
-7 -21 -5 -24 -23587
12 -3 -22 15 -34861
21 22 23 -11 -31407
-19 7 -19 4 -29951
-16 -15 -16 -17 -27161
3 14 1 13 -29603
-19 23 -18 21 -26089
0 8 0 6 -29069
23 13 22 14 -26121
23 -21 20 -19 -30899
-8 20 -7 22 -30915
-10 -1 -8 -3 -29165
-21 19 -24 19 -25747
-18 22 -17 23 -21769
-13 -10 -15 -10 -25005
17 -7 15 -8 -26429
-9 -6 -13 -4 -29357
-23 6 -23 7 -25601
20 -8 23 -9 -27857
-24 -8 -24 -14 -26565
-19 12 -18 16 -31013
23 -23 18 -22 -28483
-18 -5 -15 -4 -28553
6 10 4 9 -28669
