-19 -13 -20 -13 -28103
-13 -3 -14 -4 -28011
10 -9 9 -9 -27709
9 -13 9 -11 -26005
22 20 22 18 -28555
14 19 14 22 -30187
8 -2 7 -1 -26273
-21 -4 -19 -4 -28167
2 -11 19 -19 -36217
20 16 18 17 -25309
-7 -14 -7 -13 -28421
6 3 6 5 -29863
8 -8 6 -8 -25041
-21 -20 -17 -19 -29371
-5 10 -8 10 -26843
21 -8 21 -4 -24659
-18 -1 -17 0 -29543
11 22 8 23 -24031
-1 -18 -3 -18 -32585
-1 -9 0 -9 -30397
6 17 8 18 -26171
23 -10 20 -12 -29565
-8 -19 -5 -14 -29465
8 -20 7 -23 -28089
2 -24 -4 -23 -22623
-10 8 -12 7 -25765
17 -22 15 -22 -27833
-5 -15 -5 -13 -29523
2 0 0 1 -29335
4 -5 1 -7 -30159
-14 -13 -14 -10 -27769
2 8 5 6 -25025
20 12 22 12 -25675
17 -9 17 -8 -24755
1 11 1 9 -29053
23 9 21 12 -27153
-8 -14 -7 -14 -24273
-7 -15 -4 -15 -27281
9 21 7 20 -25931
-21 -1 -19 0 -29595
6 8 6 9 -26937
18 -14 19 -13 -27987
1 -21 0 -23 -24965
13 -23 21 -24 -28881
23 17 22 15 -21217
12 -2 13 -3 -27325
19 -24 18 -22 -25595
-23 -24 -23 -20 -26943
3 -23 0 -23 -24305
-9 23 -8 21 -24083
8 -14 7 -17 -25183
-4 -5 -3 -9 -30671
4 -15 7 -13 -24785
-19 -17 -19 -21 -27759
23 4 21 3 -27505
7 11 9 9 -25107
-23 19 -24 23 -18977
-15 -3 -17 -2 -28125
-24 -10 -17 -9 -29809
0 13 2 14 -29543
-6 23 -9 23 -21257
1 -19 3 -18 -29423
-22 -24 -23 -20 -26831
-8 5 -6 4 -25571
8 4 9 1 -29753
-18 -7 -18 -4 -28755
-6 -7 -4 -10 -29873
21 5 22 6 -30351
2 -10 3 -10 -28975
-9 20 -9 19 -28005
-1 -6 -5 -6 -27039
21 16 22 21 -31071
23 -7 22 -1 -25869
9 14 7 14 -26103
14 -1 15 1 -27179
-24 2 -23 -6 -32339
14 -13 15 -15 -27039
-24 5 -21 7 -25367
-24 -6 -24 1 -31791
-21 5 -18 4 -32109
18 23 15 22 -26925
-16 -24 -16 -23 -21287
12 -3 12 -4 -27665
11 13 11 14 -25313
-1 2 -2 3 -26341
-5 23 0 21 -28551
10 10 8 8 -28355
-24 -7 -24 -12 -27151
4 -2 6 -1 -29087
-11 4 -13 2 -27565
-24 -15 -19 -17 -26579
8 -22 7 -22 -26931
11 15 12 17 -28067
4 21 0 20 -25403
-9 -6 -9 -5 -27315
23 -19 22 -10 -30363
9 18 10 16 -28559
-2 -1 -1 -3 -29987
-24 -23 -23 -20 -22363
23 6 23 11 -26193
-18 5 -24 6 -31885
5 16 6 16 -24233
-9 13 -11 13 -25569
21 -1 23 -1 -24631
-15 -18 -15 -22 -28017
-22 -11 -24 -15 -25553
-11 -15 -11 -13 -29721
-10 -7 -11 -8 -27335
21 14 22 14 -22057
23 18 21 21 -26251
20 -19 22 -17 -27285
-16 20 -14 21 -26037
-5 -20 -2 -23 -29707
0 -7 3 -8 -29531
22 -19 22 -24 -28255
8 -2 8 -1 -26675
4 -5 5 -7 -27641
-4 -17 -3 -18 -28065
-8 -1 -6 -2 -27691
14 3 17 4 -27471
-1 -5 -2 -6 -32659
-21 20 -24 17 -26219
23 -9 23 -15 -28245
-11 20 -11 23 -28957
-5 3 -5 1 -28351
13 21 11 22 -25525
0 16 -3 17 -26897
22 22 19 22 -20101
-24 -4 -22 -2 -24287
-24 -9 -24 -5 -29823
-24 1 -22 7 -31223
-22 -2 6 2 -34549
2 -3 5 -3 -30223
-14 -14 -13 -12 -29505
15 23 9 23 -26717
-23 16 -23 18 -22433
-17 23 -24 22 -26643
16 -4 16 -6 -25451
22 -17 -16 -23 -33425
7 10 6 10 -24801
23 -10 22 -10 -22265
-22 10 -23 12 -30581
-24 -12 18 6 -39003
-6 -18 -8 -18 -23847
18 -8 19 -9 -26429
14 -9 10 -8 -28083
18 -9 20 -8 -29029
-24 18 -19 22 -29341
-24 -9 -23 -3 -30411
22 -5 19 -3 -30523
7 -18 8 -21 -29149
19 -22 23 -22 -26827
16 -21 17 -20 -27605
-20 9 -17 9 -29117
-5 -2 -4 -4 -29731
-3 -7 -2 -8 -28757
0 -15 -1 -12 -30755
19 20 21 23 -27153
17 -8 7 8 -38933
-20 2 -1 6 -34447
15 -13 17 -13 -25631
8 -8 9 -9 -28671
-10 -11 -12 -10 -25873
23 -2 20 -4 -27047
5 23 8 21 -24337
-4 12 -3 11 -23867
15 18 15 14 -29161
-7 13 -5 13 -22663
-3 6 -6 7 -27093
18 -1 22 0 -29585
-7 -10 -4 -9 -28073
12 12 15 12 -27317
16 23 13 21 -29153
23 6 23 1 -23147
9 22 2 20 -26897
13 -20 12 -16 -28739
22 7 23 10 -25031
-1 18 -2 18 -26773
-17 2 -15 2 -28233
21 14 21 12 -26231
-6 -19 -6 -21 -24863
20 13 -7 9 -31519
-22 -9 -13 5 -37927
6 0 6 3 -29289
-8 3 -8 0 -27935
-20 14 -18 17 -30319
9 12 11 12 -25139
4 6 8 4 -26063
-1 9 1 12 -30037
1 13 0 14 -24837
15 6 15 4 -24937
17 -16 17 -18 -28693
-21 9 -23 10 -29563
20 -10 22 -11 -28043
7 13 3 -15 -41965
10 -2 6 -2 -27079
11 -10 12 -11 -25989
-10 -3 -8 -1 -28701
-20 -2 -19 -4 -29491
-14 -23 -17 -21 -22353
2 -8 3 -11 -28015
-21 -22 -19 -22 -26607
-3 -9 -3 -11 -24201
3 -17 4 -16 -27009
-4 16 -3 18 -25767
-22 -16 23 -3 -37917
-12 14 -17 14 -29103
12 -13 12 -14 -24073
-24 14 -23 8 -28469
10 -23 13 -24 -21853
17 3 20 2 -25327
-1 14 0 18 -27135
-15 22 7 22 -27551
23 5 22 4 -27075
-10 8 -10 10 -25781
18 21 15 23 -26907
3 -23 11 -24 -26207
23 -3 21 -2 -27745
2 15 1 15 -26411
12 -1 17 -1 -30079
-21 -24 -17 -22 -24821
-21 18 -21 19 -25257
-1 -21 0 -24 -27073
-8 -16 -11 -17 -27213
-9 -21 -11 -24 -27361
19 21 19 22 -28527
8 11 -6 -14 -43047
-12 23 -13 21 -26981
3 13 2 16 -28003
2 20 1 23 -25715
-10 -15 -14 -15 -24401
5 -10 6 -11 -28063
5 -6 7 -7 -25937
-23 -13 -24 -23 -27777
-1 -23 -9 -23 -21289
-17 22 -15 22 -25133
11 5 10 5 -25315
-1 -23 -1 -22 -27835
-2 -13 -1 -15 -30039
-8 6 -9 7 -24975
-9 21 -6 22 -27089
5 -21 4 -22 -27197
-12 4 -11 3 -26743
1 -4 1 -7 -31425
16 9 16 10 -26705
-19 23 -20 23 -23843
13 -3 12 -3 -25337
-7 -7 -10 -6 -27435
-23 -24 -19 -21 -23289
21 -19 20 -19 -26605
23 6 19 7 -26399
-13 6 -16 6 -24905
-7 -24 -6 -22 -22733
2 -21 3 -22 -27631
-23 12 -24 11 -19011
21 1 23 -1 -26573
16 15 15 15 -26113
-22 6 -21 5 -30079
-24 -18 -21 -16 -22607
-24 -14 -24 -16 -24555
9 -1 11 0 -23705
16 0 15 0 -28655
19 15 17 12 -26891
0 -18 0 -20 -28997
-24 -23 12 -24 -26793
-20 16 -19 15 -26925
-11 -2 -14 -2 -27559
21 -24 3 -23 -30607
-5 20 -7 20 -24481
-11 22 -18 23 -27155
-24 9 -23 8 -25895
-2 23 -3 22 -23295
14 -22 14 -24 -22969
-13 20 -14 13 -28973
20 -20 20 -21 -27939
21 -11 23 -8 -29277
-1 -11 1 -11 -31615
14 23 13 23 -23635
-23 5 -22 0 -30305
14 -11 13 -11 -28681
-24 15 -22 13 -24743
-4 23 -24 20 -29305
-22 18 -20 17 -30159
11 -18 13 -19 -28109
5 -11 5 -12 -25003
11 22 10 21 -25737
14 23 -23 22 -28311
11 -23 8 -24 -24529
-4 -7 -6 -9 -28189
-20 -21 -22 -20 -27347
8 -2 7 -5 -30377
5 -24 4 -23 -18657
22 -24 23 3 -29753
18 -4 17 -4 -27045
-7 18 -7 17 -25669
-6 22 2 23 -28579
-19 -18 -18 -17 -27373
-19 -18 -18 -19 -25341
-11 2 -11 5 -26099
-14 -15 -16 -16 -27057
22 -13 21 -11 -28373
-7 5 -5 7 -24939
8 -7 9 -9 -29981
20 3 20 0 -23137
4 8 3 8 -25431
20 9 19 9 -25725
-16 23 -14 20 -28387
-15 -24 -9 -24 -25215
1 6 20 8 -31025
-4 22 -5 21 -28303
-5 1 -6 -1 -29787
17 6 17 9 -27931
-2 10 -3 9 -26575
5 14 5 13 -26707
5 -4 6 -3 -29701
-24 -6 -23 -9 -26157
-22 -23 22 -24 -31309
-8 -7 -5 -3 -32983
-22 -11 -21 -13 -27159
-9 -8 -5 -8 -25911
9 -19 8 -19 -26409
1 23 6 21 -25169
5 -15 2 -14 -29807
11 -12 11 -8 -27213
18 7 17 7 -24745
6 -13 7 -14 -28671
-10 9 -9 9 -24553
-12 11 -10 12 -27389
7 19 7 18 -24103
16 9 13 10 -27497
16 -15 19 -17 -28499
9 17 12 16 -25763
-9 -18 -10 -20 -28553
17 21 18 20 -26513
-16 -24 -13 -21 -26549
3 -18 1 -17 -31459
-17 2 -17 5 -28331
4 17 3 18 -25359
-5 -17 -6 -16 -26735
20 -12 23 -16 -31155
-6 17 -11 17 -25803
1 21 1 19 -23665
21 22 18 21 -25841
-10 -10 -9 -12 -25905
7 5 8 4 -26231
20 -16 20 -17 -30709
18 -23 21 -22 -26937
-12 -16 -12 -19 -27617
4 -20 4 -22 -28953
7 -17 8 -18 -27607
-13 -2 -13 -4 -25971
14 -21 12 -24 -25523
-16 -23 -12 -24 -23381
-16 -11 -19 -11 -28723
-12 0 -8 2 -29545
-12 -23 -11 -23 -24749
-13 -16 -14 -15 -25841
10 23 10 20 -24175
1 21 0 23 -24865
-22 8 -24 7 -22523
19 18 22 16 -27759
-4 4 -2 5 -25905
-17 -20 -14 -20 -24613
9 1 11 0 -23427
-2 -3 0 -2 -28809
-3 -17 -2 -15 -26765
-1 -12 -4 -10 -28605
22 6 23 5 -19989
-22 -6 -24 -7 -23501
-13 20 -11 21 -29663
22 1 20 2 -27327
13 -11 14 -10 -27901
13 15 12 15 -26931
-16 7 -17 6 -26849
4 -19 3 -16 -29543
1 -4 0 -2 -29087
16 -24 14 -22 -30115
-15 -3 -12 -3 -29035
-13 14 -17 16 -28973
15 9 17 10 -26399
-21 1 -24 4 -30751
-12 -8 -12 -9 -27039
23 1 23 -1 -20659
6 -7 3 -9 -26369
-24 -24 2 -23 -23589
-13 14 -13 12 -26473
15 18 14 17 -27211
-20 17 -23 17 -31487
-23 -18 -24 -15 -23799
-24 -11 -21 -15 -28761
-13 8 -14 10 -25947
19 23 22 22 -21203
20 -22 19 -24 -23983
-15 -9 -16 -9 -28363
12 23 20 21 -28119
13 -2 16 -4 -27581
-6 23 -3 22 -24177
21 9 20 14 -29735
19 -22 17 -22 -28307
1 7 0 9 -27141
23 -15 21 -17 -26845
6 23 12 23 -24645
-24 -22 -19 -24 -21387
16 -6 18 -7 -26291
14 -22 15 -23 -28859
12 -24 9 -21 -26415
-12 20 -13 20 -26823
3 -10 23 -15 -30045
-20 11 -20 10 -26223
-17 13 -20 12 -30093
-10 0 -8 0 -24743
23 -16 22 -21 -28253
-18 -8 -21 -7 -29467
-24 13 -22 17 -23823
-22 23 -16 22 -27251
-22 19 -23 20 -25005
23 7 18 6 -28901
-21 -4 -23 -2 -29511
-2 15 -4 1 -38107
22 -5 20 -6 -28261
17 23 16 20 -28751
-22 9 -22 8 -24365
-7 -22 -10 -24 -23297
12 -19 10 -22 -27141
-12 11 -12 13 -26193
-11 15 -8 18 -28021
23 12 22 19 -27887
12 -16 13 -16 -28763
-16 -8 -16 -7 -27633
2 -16 -2 -16 -32087
-22 0 -21 3 -28595
16 20 14 20 -28845
13 10 12 10 -28137
23 20 -24 22 -25217
3 19 7 19 -27029
-6 14 -5 12 -25249
-18 0 -18 1 -27055
23 -21 21 -18 -29619
8 6 6 5 -27963
-15 3 -18 4 -29345
-16 -22 -16 -23 -25603
-15 -9 -14 -11 -28351
13 5 15 3 -26125
20 -10 -23 -17 -36711
23 -9 23 -10 -23971
-2 7 -1 8 -29363
3 22 -1 22 -25301
-14 19 -15 20 -28309
10 4 9 1 -27931
-13 23 -10 23 -22475
-7 -5 -6 -6 -29787
22 -14 23 -17 -30271
-13 -23 -11 -24 -22541
15 0 18 2 -29737
-1 4 0 4 -29197
-4 8 -1 8 -25993
-20 13 -20 12 -27639
2 12 5 10 -25183
-13 11 -14 11 -26555
-12 8 -12 7 -25187
-23 1 -19 0 -29085
-23 -24 -22 6 -30909
-24 11 -24 -2 -31555
9 13 9 12 -25199
21 2 -2 10 -28727
-4 23 -2 23 -25539
-23 -5 -24 -5 -19819
-22 12 -20 12 -26327
-3 -18 -2 -18 -30855
-20 23 -20 20 -23095
-20 -6 -24 -5 -28263
-15 12 -21 11 -31641
13 -21 15 -20 -28705
10 -8 8 -9 -27923
19 -11 17 -11 -27455
9 -14 11 -14 -25991
2 -24 4 -24 -20985
-8 -9 -11 -10 -27203
20 -24 -5 -21 -30321
-4 23 21 23 -23525
-20 2 -17 2 -29343
-7 13 -8 11 -25231
4 -8 4 -9 -26083
-12 17 -10 14 -25501
3 -1 2 -1 -29913
15 21 23 22 -26011
22 -23 22 -22 -23101
9 9 12 10 -28061
-7 -21 -5 -24 -24307
-1 4 -14 -19 -39385
21 22 23 -11 -31077
-19 7 -19 4 -29501
-16 -15 -16 -17 -26957
3 14 1 13 -29441
-19 23 -18 21 -26299
0 8 0 6 -30771
23 13 22 14 -24747
23 -21 20 -19 -29979
-8 20 -7 22 -29091
-10 -1 -8 -3 -29643
-21 19 -24 19 -25619
-18 22 -17 23 -20965
-13 -10 -15 -10 -26035
17 -7 15 -8 -27023
-9 -6 -13 -4 -29193
-23 6 -23 7 -25397
20 -8 23 -9 -27823
-24 -8 -24 -14 -26627
-19 12 -18 16 -30609
23 -23 18 -22 -27835
-18 -5 -15 -4 -29867
6 10 4 9 -29319
