-5 -6 -3 -9 -26182
-13 -3 -14 -4 -26156
10 -9 9 -9 -27154
13 -5 23 -6 -31510
22 20 22 18 -26974
21 -21 23 20 -31240
8 -2 7 -1 -26188
-21 -4 -19 -4 -23076
16 -22 23 -23 -31526
20 16 18 17 -26668
22 -10 3 -7 -32120
6 3 6 5 -29436
8 -8 6 -8 -28748
-21 -20 -17 -19 -30166
-5 10 -8 10 -28906
21 -8 21 -4 -27278
-18 -1 -17 0 -26072
-11 18 -8 19 -25826
8 21 3 23 -26840
-14 0 -13 -2 -29416
6 17 8 18 -26960
-21 -10 20 -19 -37980
-6 20 -7 21 -26252
-6 14 1 15 -31518
2 -24 -4 -23 -25878
-10 8 -12 7 -30386
17 -22 15 -22 -28684
10 5 18 5 -32508
9 14 8 16 -28686
22 -18 19 -15 -26480
-14 -13 -14 -10 -28122
2 8 5 6 -28026
20 12 22 12 -28874
17 -9 17 -8 -26268
1 11 1 9 -28918
23 9 21 12 -25552
-8 -14 -7 -14 -25342
-10 -13 -8 -17 -29136
9 21 7 20 -25738
8 2 12 0 -27290
6 8 6 9 -27296
-8 -12 -8 -14 -26066
1 -21 0 -23 -24804
13 -23 21 -24 -30556
23 17 22 15 -22804
12 -2 13 -3 -28868
19 -24 18 -22 -23340
-23 -24 -23 -20 -25322
3 -23 0 -23 -24434
-9 23 -8 21 -21392
8 -14 7 -17 -27198
-12 0 -15 1 -29644
4 -15 7 -13 -28628
-19 -17 -19 -21 -26996
-4 -17 -2 -15 -26356
7 11 9 9 -30234
-23 19 -24 23 -25018
-17 3 -24 3 -29688
-24 -10 -17 -9 -29284
-17 -10 -21 -7 -28510
-6 23 -9 23 -20036
1 -19 3 -18 -28922
-22 -24 -23 -20 -25074
-8 5 -6 4 -27530
-3 12 -2 10 -30182
-16 11 -18 9 -31034
16 14 16 13 -28954
-18 13 -20 15 -27780
2 -10 3 -10 -27462
-2 -13 23 -19 -32922
-1 -6 -5 -6 -27598
17 -3 18 -4 -29028
23 -7 22 -1 -28812
3 17 3 7 -40890
23 -18 19 -19 -31852
-24 2 -23 -6 -23324
14 -13 15 -15 -30368
-24 5 -21 7 -23800
-14 6 -13 5 -29222
-21 5 -18 4 -27684
-24 19 -20 23 -28572
-16 -24 -16 -23 -21664
12 -3 12 -4 -28248
11 13 11 14 -29172
-1 2 -2 3 -25886
-5 23 0 21 -27772
10 10 8 8 -29752
0 -10 -5 -11 -27644
4 -2 6 -1 -27896
-11 4 -13 2 -26552
16 -13 21 -12 -29984
8 -22 7 -22 -26532
11 15 12 17 -26382
4 21 0 20 -29244
-9 -6 -9 -5 -23182
23 -19 22 -10 -24226
5 23 8 20 -25364
-2 -1 -1 -3 -25126
-24 -23 -23 -20 -21938
7 17 4 19 -31192
-24 -24 -2 -22 -28546
5 16 6 16 -28032
-5 -3 -5 -7 -26228
21 -1 23 -1 -21800
-24 12 -21 15 -29242
-22 -11 -24 -15 -29226
-11 -15 -11 -13 -28594
-10 -7 -11 -8 -25208
21 14 22 14 -26046
23 18 21 21 -26658
8 -4 7 -1 -28700
-16 20 -14 21 -31122
-3 21 1 19 -31136
-6 13 -10 13 -27462
22 -19 22 -24 -29096
-11 -20 -11 -23 -27536
1 -11 23 -24 -30414
-4 -17 -3 -18 -25950
-8 -1 -6 -2 -27274
14 3 17 4 -30266
-1 -5 -2 -6 -29746
19 19 20 23 -28250
23 -9 23 -15 -24300
-18 -13 -17 -8 -32104
-5 3 -5 1 -26252
13 21 11 22 -22784
0 16 -3 17 -29018
22 22 19 22 -22712
21 -7 23 -1 -30004
-8 -15 -9 -21 -27084
-24 1 -22 7 -26212
23 -12 23 -7 -23844
20 14 20 17 -27796
-5 -21 1 -24 -28982
15 23 9 23 -24882
-23 16 -23 18 -22874
-17 23 -24 22 -26338
16 -4 16 -6 -28376
2 14 22 15 -26962
14 -11 13 -6 -28056
23 -10 22 -10 -20822
-22 10 -23 12 -28762
3 18 5 21 -27282
19 2 21 4 -26270
18 -8 19 -9 -26054
-20 -2 -21 6 -28420
18 -9 20 -8 -28376
4 16 2 14 -31160
-24 -9 -23 -3 -22698
-2 17 1 20 -32142
7 -18 8 -21 -27622
19 -22 23 -22 -27240
16 -21 17 -20 -28786
-20 9 -17 9 -28434
0 -9 -2 -7 -26298
14 0 -15 14 -39930
0 -15 -1 -12 -26762
14 -24 11 -20 -27792
10 19 8 19 -28740
-20 -16 -18 -13 -32518
22 -22 22 -19 -29148
8 -8 9 -9 -27130
-5 -14 -5 -18 -26090
23 -2 20 -4 -28274
20 -4 20 -2 -30316
-4 12 -3 11 -28538
-2 12 -5 10 -26408
-7 13 -5 13 -27438
-3 6 -6 7 -30780
20 5 21 11 -30466
-7 -10 -4 -9 -26882
8 6 10 4 -31252
16 23 13 21 -25970
23 6 23 1 -27404
11 12 13 13 -29874
13 -20 12 -16 -27696
22 7 23 10 -22550
16 -13 15 -12 -30958
-17 2 -15 2 -29946
-7 -11 -6 -12 -27530
-6 -19 -6 -21 -25618
2 19 0 21 -26664
-13 -19 -15 -17 -27618
6 0 6 3 -28950
-14 16 -12 18 -29540
-13 -21 -12 -24 -27190
9 12 11 12 -25252
4 6 8 4 -28676
0 -7 2 -7 -26170
1 13 0 14 -28504
15 6 15 4 -29906
17 -16 17 -18 -28318
-12 1 -6 1 -27758
20 -10 22 -11 -27798
-18 14 -20 14 -30852
-17 -16 -15 -15 -28620
11 -10 12 -11 -29618
14 -1 11 -1 -30090
13 19 -10 20 -33754
-4 0 -1 1 -30738
2 -8 3 -11 -26778
-21 -22 -19 -22 -28448
-3 -9 -3 -11 -25764
3 -17 4 -16 -29556
-4 16 -3 18 -26212
3 15 3 18 -32066
11 -1 11 3 -26952
12 -13 12 -14 -27154
-24 14 -23 8 -29022
10 -23 13 -24 -23904
17 3 20 2 -27622
14 7 11 5 -31718
9 4 12 4 -29238
23 5 22 4 -20482
-22 15 -20 15 -27618
18 21 15 23 -21740
3 -23 11 -24 -27524
23 -3 21 -2 -25458
2 15 1 15 -27854
-8 -17 -5 -17 -25120
-21 -24 -17 -22 -26860
-21 18 -21 19 -25148
-1 -21 0 -24 -24526
8 9 14 10 -32666
22 -6 18 -7 -31206
19 21 19 22 -26596
-21 6 -24 8 -27026
-12 23 -13 21 -24414
-4 3 -7 2 -31328
-15 -21 -11 -18 -26912
-10 -15 -14 -15 -25452
5 -10 6 -11 -29158
5 -6 7 -7 -27456
-23 -13 -24 -23 -27382
-1 -23 -9 -23 -23792
-17 22 -15 22 -25902
-18 -2 -15 -3 -28720
-1 -23 -1 -22 -25942
22 23 -21 14 -33152
-8 6 -9 7 -25702
-9 21 -6 22 -23830
-16 1 -15 2 -28754
16 -17 15 -19 -30036
19 11 2 -4 -42476
-7 -3 -9 -5 -25538
-19 23 -20 23 -23796
13 -3 12 -3 -28830
-7 -7 -10 -6 -24776
-23 -24 -19 -21 -22648
21 -19 20 -19 -29714
23 6 19 7 -28756
-13 6 -16 6 -29316
12 9 13 3 -32246
13 -20 11 -20 -28680
-23 12 -24 11 -23120
21 1 23 -1 -26232
16 15 15 15 -25514
-22 6 -21 5 -27416
-24 -18 -21 -16 -22574
-24 -14 -24 -16 -24168
9 -1 11 0 -26242
16 0 15 0 -27188
18 23 -10 23 -29684
0 -18 0 -20 -25814
-24 -23 12 -24 -30146
-16 12 -14 11 -29516
-11 -2 -14 -2 -26068
-1 22 8 23 -27046
-5 20 -7 20 -25234
7 -24 7 -19 -27536
6 -11 6 -13 -24068
-2 23 -3 22 -20182
-24 -23 7 22 -30702
-19 21 -11 22 -32612
20 -20 20 -21 -27360
21 -11 23 -8 -26862
1 -14 -5 -12 -28502
14 23 13 23 -20848
12 -24 20 -22 -28480
14 -11 13 -11 -27640
13 -15 14 -14 -27618
-4 23 -24 20 -27908
-22 18 -20 17 -26748
1 12 -2 12 -27476
1 13 1 16 -32326
11 22 10 21 -24834
21 -5 -6 2 -33234
11 -23 8 -24 -25478
-4 -7 -6 -9 -26716
-20 -21 -22 -20 -24912
8 -2 7 -5 -29472
5 -24 4 -23 -19328
-17 18 -18 22 -30896
-8 9 -11 8 -27620
-7 18 -7 17 -24282
-6 22 2 23 -30840
-19 -18 -18 -17 -30132
-19 -18 -18 -19 -25636
-10 8 -11 10 -27038
-23 2 -21 23 -30774
22 -13 21 -11 -26362
-7 5 -5 7 -25496
6 10 9 8 -30958
20 3 20 0 -27924
4 8 3 8 -27198
20 9 19 9 -28528
-16 23 -14 20 -26948
2 -10 3 -4 -28234
-11 -23 -9 -23 -22288
19 8 17 8 -26318
-12 -22 -7 -24 -26658
17 6 17 9 -30312
13 -21 -5 3 -37106
5 14 5 13 -31294
5 -4 6 -3 -29976
-24 -6 -23 -9 -18124
-22 -23 22 -24 -30550
20 8 21 5 -30412
7 1 9 3 -27910
-9 -8 -5 -8 -26646
9 -19 8 -19 -28058
-19 -14 -23 -12 -25500
5 -15 2 -14 -28652
0 21 -6 20 -32672
-22 -11 -22 -13 -29458
6 -13 7 -14 -29202
-5 -11 -6 -8 -27066
-12 15 -13 21 -29812
7 19 7 18 -24640
16 9 13 10 -27428
4 -4 2 -5 -29080
9 17 12 16 -25130
3 -16 5 -14 -30310
17 21 18 20 -26352
-16 -24 -13 -21 -25246
17 -13 17 -10 -29788
-12 5 -12 0 -24522
4 17 3 18 -28458
23 -15 19 -16 -30738
1 4 -10 5 -38214
7 -23 1 -21 -27844
-10 -20 -6 -19 -23382
21 22 18 21 -24602
-10 9 -13 10 -27560
10 -8 14 -7 -28920
20 -16 20 -17 -26490
-21 -8 -24 -11 -30148
5 -11 7 -11 -30858
4 -20 4 -22 -28088
9 12 5 12 -28648
-13 -2 -13 -4 -23184
14 -21 12 -24 -20674
1 8 -2 7 -26456
-16 -11 -19 -11 -26050
-12 0 -8 2 -25270
-12 -23 -11 -23 -24418
-13 -16 -14 -15 -28734
10 23 10 20 -21056
13 -24 7 -22 -26888
-22 8 -24 7 -20682
-23 12 -23 16 -26832
-4 4 -2 5 -25772
-17 -20 -14 -20 -24916
22 7 23 3 -29338
19 14 23 13 -30276
-23 9 -22 7 -26218
-23 -5 -22 1 -25848
22 6 23 5 -25806
-22 -6 -24 -7 -21008
-13 -11 -14 -12 -28708
22 1 20 2 -27508
22 19 19 21 -28268
2 -14 -1 -11 -30018
-16 7 -17 6 -29854
4 -19 3 -16 -25964
-24 -11 16 6 -36154
16 -24 14 -22 -28680
-20 -16 7 -15 -32994
-13 14 -17 16 -30966
15 9 17 10 -26326
-21 1 -24 4 -24838
0 4 3 2 -29088
23 1 23 -1 -22522
6 -7 3 -9 -25704
-24 -24 2 -23 -28642
-13 14 -13 12 -27724
15 18 14 17 -25096
-24 -2 -18 0 -26116
-23 -18 -24 -15 -20844
-24 -11 -21 -15 -25140
-4 20 23 22 -27888
19 23 22 22 -23836
20 -22 19 -24 -20774
-15 -9 -16 -9 -27078
-5 21 -5 19 -24568
13 -2 16 -4 -29542
-6 23 -3 22 -23818
-3 -22 -8 -23 -21390
19 -22 17 -22 -29940
1 7 0 9 -26420
23 -15 21 -17 -26394
6 23 12 23 -24118
-24 -22 -19 -24 -21084
-17 13 -14 13 -29790
14 -22 15 -23 -27244
0 -15 1 -14 -28018
-12 20 -13 20 -25928
23 22 21 15 -29650
-20 11 -20 10 -28404
-17 13 -20 12 -30932
9 1 6 5 -31966
23 -16 22 -21 -26292
17 2 18 -2 -28678
-24 13 -22 17 -25516
-22 23 -16 22 -25852
-22 19 -23 20 -26126
-1 0 -2 -3 -27586
-21 -4 -23 -2 -24618
-23 22 -22 19 -28904
22 -5 20 -6 -29560
17 23 16 20 -25730
16 5 23 5 -29774
10 -5 6 -6 -28166
12 -19 10 -22 -26736
-12 11 -12 13 -27928
2 3 6 0 -28402
23 12 22 19 -28878
12 -16 13 -16 -28750
-16 -8 -16 -7 -21638
20 14 21 11 -28620
-22 0 -21 3 -25014
16 20 14 20 -26102
13 10 12 10 -29976
23 20 -24 22 -25398
3 19 7 19 -30204
-6 14 -5 12 -27876
-18 0 -18 1 -26330
-23 1 -10 20 -39980
8 6 6 5 -28046
-15 3 -18 4 -29396
-16 -22 -16 -23 -25692
-15 -9 -14 -11 -26764
13 5 15 3 -29168
-6 8 -7 1 -25948
6 -20 4 -23 -28298
-2 7 -1 8 -26294
3 22 -1 22 -28644
-14 19 -15 20 -28186
-13 -24 -21 -22 -24978
-13 23 -10 23 -18972
-7 -5 -6 -6 -27030
-19 -6 -10 -6 -29226
-13 -23 -11 -24 -24268
15 0 18 2 -27842
14 -14 18 -14 -28240
-21 -10 -20 -3 -27922
-20 13 -20 12 -29076
2 12 5 10 -27724
-13 11 -14 11 -28342
-12 8 -12 7 -26660
10 -13 11 -14 -30930
18 18 16 18 -25274
-8 -19 -7 -24 -29170
9 13 9 12 -29678
-20 -9 -24 -11 -30588
11 13 15 10 -29310
3 -9 2 -6 -27240
-22 12 -20 12 -27214
-3 -18 -2 -18 -25758
-20 23 -20 20 -25986
-20 -6 -24 -5 -23492
-18 -3 -17 -5 -26444
-2 -20 1 -21 -27046
-21 22 -23 19 -28720
-5 -23 23 -19 -28492
9 -14 11 -14 -26322
2 -24 4 -24 -22234
-8 -9 -11 -10 -26744
-6 15 -9 12 -29034
-9 6 -13 6 -28914
-20 2 -17 2 -28224
9 -9 11 -11 -30954
4 -8 4 -9 -24504
-12 17 -10 14 -24592
3 -1 2 -1 -26532
15 21 23 22 -25498
22 -23 22 -22 -22346
-1 -8 -7 19 -39458
-7 -21 -5 -24 -26048
23 -10 -18 -9 -35948
23 13 18 10 -26632
-19 7 -19 4 -26040
-16 -15 -16 -17 -25788
3 14 1 13 -28386
13 -10 13 -14 -29158
-11 11 -10 14 -28124
23 13 22 14 -25136
-13 23 -15 20 -30772
-7 -9 -8 -11 -26050
-10 -1 -8 -3 -26920
-21 19 -24 19 -21242
-18 22 -17 23 -24472
-13 -10 -15 -10 -26680
17 -7 15 -8 -25448
15 -14 -7 -10 -37322
-23 6 -23 7 -22774
20 -8 23 -9 -26170
-24 -8 -24 -14 -25748
-13 10 -14 8 -29634
23 -23 18 -22 -28364
-13 -10 -10 -11 -25004
6 10 4 9 -27634
