-5 -6 -3 -9 -26555
-13 -3 -14 -4 -26901
10 -9 9 -9 -26907
13 -5 23 -6 -31795
22 20 22 18 -27193
21 -21 23 20 -33049
8 -2 7 -1 -26965
-21 -4 -19 -4 -23309
16 -22 23 -23 -32009
20 16 18 17 -26581
22 -10 3 -7 -32269
6 3 6 5 -30253
8 -8 6 -8 -28231
-21 -20 -17 -19 -30445
-5 10 -8 10 -28655
21 -8 21 -4 -27831
-18 -1 -17 0 -26693
-11 18 -8 19 -25199
8 21 3 23 -30241
-14 0 -13 -2 -29197
6 17 8 18 -28075
17 -20 2 1 -37595
-6 20 -7 21 -27461
-6 14 1 15 -31969
2 -24 -4 -23 -25383
-10 8 -12 7 -30241
17 -22 15 -22 -28833
10 5 18 5 -33297
9 14 8 16 -28475
22 -18 19 -15 -26679
-14 -13 -14 -10 -28641
2 8 5 6 -28305
20 12 22 12 -29729
17 -9 17 -8 -26727
1 11 1 9 -26529
23 9 21 12 -26281
-8 -14 -7 -14 -25609
-10 -13 -8 -17 -29307
9 21 7 20 -25899
8 2 12 0 -28201
6 8 6 9 -27407
-8 -12 -8 -14 -26925
1 -21 0 -23 -24761
13 -23 21 -24 -31287
23 17 22 15 -22299
12 -2 13 -3 -29869
19 -24 18 -22 -24309
-23 -24 -23 -20 -24613
3 -23 0 -23 -24105
-9 23 -8 21 -22591
8 -14 7 -17 -27455
-12 0 -15 1 -30643
4 -15 7 -13 -28005
-19 -17 -19 -21 -27033
-4 -17 -2 -15 -27287
7 11 9 9 -30119
-23 19 -24 23 -25755
-17 3 -24 3 -29677
-24 -10 -17 -9 -29899
-17 -10 -21 -7 -28655
-6 23 -9 23 -20195
1 -19 3 -18 -28227
-22 -24 -23 -20 -24537
-8 5 -6 4 -26487
-3 12 -2 10 -28719
-16 11 -18 9 -30549
16 14 16 13 -28471
-18 13 -20 15 -28055
2 -10 3 -10 -27745
-2 -13 23 -19 -31323
-1 -6 -5 -6 -26931
17 -3 18 -4 -29325
23 -7 22 -1 -29819
-4 2 -21 -22 -36227
23 -18 19 -19 -32161
-24 2 -23 -6 -24395
14 -13 15 -15 -30957
-24 5 -21 7 -24313
-14 6 -13 5 -29859
-21 5 -18 4 -28071
-24 19 -20 23 -28357
-16 -24 -16 -23 -21797
12 -3 12 -4 -28991
11 13 11 14 -28937
-1 2 -2 3 -24533
-5 23 0 21 -28245
10 10 8 8 -30313
0 -10 -5 -11 -27343
4 -2 6 -1 -27837
-11 4 -13 2 -26237
16 -13 21 -12 -30063
8 -22 7 -22 -25981
11 15 12 17 -27075
4 21 0 20 -32803
-9 -6 -9 -5 -23875
23 -19 22 -10 -25301
5 23 8 20 -26523
-2 -1 -1 -3 -24649
-24 -23 -23 -20 -21443
7 17 4 19 -32639
-24 -24 -2 -22 -28545
5 16 6 16 -29801
-5 -3 -5 -7 -27291
21 -1 23 -1 -21723
-24 12 -21 15 -29915
-22 -11 -24 -15 -30197
-11 -15 -11 -13 -29199
-10 -7 -11 -8 -25743
21 14 22 14 -26581
23 18 21 21 -27177
8 -4 7 -1 -29341
-16 20 -14 21 -30967
-3 21 1 19 -31991
-6 13 -10 13 -27437
22 -19 22 -24 -28799
-11 -20 -11 -23 -26967
1 -11 23 -24 -30023
-4 -17 -3 -18 -25759
-8 -1 -6 -2 -26549
14 3 17 4 -29917
-1 -5 -2 -6 -30319
19 19 20 23 -28151
23 -9 23 -15 -24453
-18 -13 -17 -8 -32499
-5 3 -5 1 -26137
13 21 11 22 -22691
0 16 -3 17 -30225
22 22 19 22 -22469
21 -7 23 -1 -30761
-8 -15 -9 -21 -26839
-24 1 -22 7 -26113
23 -12 23 -7 -25297
20 14 20 17 -27883
-5 -21 1 -24 -28617
15 23 9 23 -24833
-23 16 -23 18 -22773
-17 23 -24 22 -25567
16 -4 16 -6 -28297
2 14 22 15 -27577
14 -11 13 -6 -28935
23 -10 22 -10 -21271
-22 10 -23 12 -28719
3 18 5 21 -27489
19 2 21 4 -26605
18 -8 19 -9 -26781
-20 -2 -21 6 -29123
18 -9 20 -8 -29211
4 16 2 14 -31829
-24 -9 -23 -3 -23465
-2 17 1 20 -32373
7 -18 8 -21 -27185
19 -22 23 -22 -27441
16 -21 17 -20 -28593
-20 9 -17 9 -28467
0 -9 -2 -7 -26379
-10 -11 9 13 -43623
0 -15 -1 -12 -26403
14 -24 11 -20 -27643
10 19 8 19 -28375
-20 -16 -18 -13 -33171
22 -22 22 -19 -29229
8 -8 9 -9 -27183
-5 -14 -5 -18 -25911
23 -2 20 -4 -28945
20 -4 20 -2 -30765
-4 12 -3 11 -28103
-2 12 -5 10 -26237
-7 13 -5 13 -27395
-3 6 -6 7 -27733
20 5 21 11 -30545
-7 -10 -4 -9 -27433
8 6 10 4 -31569
16 23 13 21 -26951
23 6 23 1 -27785
11 12 13 13 -29039
13 -20 12 -16 -28303
22 7 23 10 -23373
16 -13 15 -12 -30549
-17 2 -15 2 -30055
-7 -11 -6 -12 -27473
-6 -19 -6 -21 -25777
2 19 0 21 -28219
-13 -19 -15 -17 -26893
6 0 6 3 -29079
-14 16 -12 18 -29129
-13 -21 -12 -24 -27045
9 12 11 12 -25239
4 6 8 4 -29221
0 -7 2 -7 -25855
1 13 0 14 -28731
15 6 15 4 -30869
17 -16 17 -18 -29121
-12 1 -6 1 -26939
20 -10 22 -11 -27511
-18 14 -20 14 -29897
-17 -16 -15 -15 -29459
11 -10 12 -11 -29223
14 -1 11 -1 -30933
13 19 -10 20 -35465
-4 0 -1 1 -30023
2 -8 3 -11 -27771
-21 -22 -19 -22 -28003
-3 -9 -3 -11 -27121
3 -17 4 -16 -29807
-4 16 -3 18 -25531
3 15 3 18 -30945
11 -1 11 3 -28115
12 -13 12 -14 -27503
-24 14 -23 8 -29429
10 -23 13 -24 -23465
17 3 20 2 -27899
14 7 11 5 -31665
9 4 12 4 -28865
23 5 22 4 -21101
-22 15 -20 15 -27203
18 21 15 23 -22157
3 -23 11 -24 -25987
23 -3 21 -2 -26503
2 15 1 15 -29931
-8 -17 -5 -17 -25505
-21 -24 -17 -22 -27295
-21 18 -21 19 -25473
-1 -21 0 -24 -25005
8 9 14 10 -32363
22 -6 18 -7 -31987
19 21 19 22 -26899
-21 6 -24 8 -27235
-12 23 -13 21 -23819
-4 3 -7 2 -29737
-15 -21 -11 -18 -28185
-10 -15 -14 -15 -24771
5 -10 6 -11 -28641
5 -6 7 -7 -27541
-23 -13 -24 -23 -27047
-1 -23 -9 -23 -23387
-17 22 -15 22 -25449
-18 -2 -15 -3 -28347
-1 -23 -1 -22 -26307
22 23 -21 14 -33911
-8 6 -9 7 -25861
-9 21 -6 22 -24009
-16 1 -15 2 -28413
16 -17 15 -19 -30063
-15 -18 19 18 -39733
-7 -3 -9 -5 -26845
-19 23 -20 23 -22913
13 -3 12 -3 -29811
-7 -7 -10 -6 -23927
-23 -24 -19 -21 -22799
21 -19 20 -19 -30351
23 6 19 7 -28753
-13 6 -16 6 -29511
12 9 13 3 -33913
13 -20 11 -20 -28565
-23 12 -24 11 -23607
21 1 23 -1 -27041
16 15 15 15 -26285
-22 6 -21 5 -27481
-24 -18 -21 -16 -22451
-24 -14 -24 -16 -24787
9 -1 11 0 -25397
16 0 15 0 -27129
18 23 -10 23 -30861
0 -18 0 -20 -25353
-24 -23 12 -24 -29587
-16 12 -14 11 -28853
-11 -2 -14 -2 -26555
-1 22 8 23 -31515
-5 20 -7 20 -24881
7 -24 7 -19 -27519
6 -11 6 -13 -24725
-2 23 -3 22 -20967
-24 -23 7 22 -35101
-19 21 -11 22 -31997
20 -20 20 -21 -27529
21 -11 23 -8 -27621
1 -14 -5 -12 -27303
14 23 13 23 -21013
12 -24 20 -22 -28553
14 -11 13 -11 -28109
13 -15 14 -14 -27559
-4 23 -24 20 -27835
-22 18 -20 17 -26727
1 12 -2 12 -28307
1 13 1 16 -30415
11 22 10 21 -24683
21 -5 -6 2 -32237
11 -23 8 -24 -24901
-4 -7 -6 -9 -27923
-20 -21 -22 -20 -25081
8 -2 7 -5 -29369
5 -24 4 -23 -19589
-17 18 -18 22 -31197
-8 9 -11 8 -27585
-7 18 -7 17 -24479
-6 22 2 23 -31853
-19 -18 -18 -17 -30563
-19 -18 -18 -19 -25089
-10 8 -11 10 -26155
-23 2 -21 23 -29869
22 -13 21 -11 -26511
-7 5 -5 7 -26279
6 10 9 8 -30557
20 3 20 0 -28481
4 8 3 8 -27789
20 9 19 9 -29227
-16 23 -14 20 -27543
2 -10 3 -4 -29899
-11 -23 -9 -23 -22247
19 8 17 8 -27059
-12 -22 -7 -24 -26911
17 6 17 9 -30473
6 -9 10 16 -43169
5 14 5 13 -29097
5 -4 6 -3 -29999
-24 -6 -23 -9 -18651
-22 -23 22 -24 -29869
20 8 21 5 -30791
7 1 9 3 -28167
-9 -8 -5 -8 -27447
9 -19 8 -19 -27099
-19 -14 -23 -12 -25857
5 -15 2 -14 -27711
0 21 -6 20 -33215
-22 -11 -22 -13 -30227
6 -13 7 -14 -28475
-5 -11 -6 -8 -27751
-12 15 -13 21 -29877
7 19 7 18 -24819
16 9 13 10 -28447
4 -4 2 -5 -29107
9 17 12 16 -25457
3 -16 5 -14 -29891
17 21 18 20 -26601
-16 -24 -13 -21 -25509
17 -13 17 -10 -30159
-12 5 -12 0 -24411
4 17 3 18 -30683
23 -15 19 -16 -31161
1 20 6 20 -36949
7 -23 1 -21 -27201
-10 -20 -6 -19 -23679
21 22 18 21 -24913
-10 9 -13 10 -27389
10 -8 14 -7 -29381
20 -16 20 -17 -27261
-21 -8 -24 -11 -31195
5 -11 7 -11 -29983
4 -20 4 -22 -27347
9 12 5 12 -29635
-13 -2 -13 -4 -23627
14 -21 12 -24 -21077
1 8 -2 7 -27153
-16 -11 -19 -11 -26689
-12 0 -8 2 -25729
-12 -23 -11 -23 -23977
-13 -16 -14 -15 -28809
10 23 10 20 -21377
13 -24 7 -22 -26585
-22 8 -24 7 -21241
-23 12 -23 16 -26761
-4 4 -2 5 -26113
-17 -20 -14 -20 -24709
22 7 23 3 -29305
19 14 23 13 -30647
-23 9 -22 7 -25957
-23 -5 -22 1 -26601
22 6 23 5 -25617
-22 -6 -24 -7 -21659
-13 -11 -14 -12 -28681
22 1 20 2 -28037
22 19 19 21 -28331
2 -14 -1 -11 -29089
-16 7 -17 6 -29421
4 -19 3 -16 -26559
-15 14 8 1 -41017
16 -24 14 -22 -29741
-20 -16 7 -15 -32121
-13 14 -17 16 -30593
15 9 17 10 -25935
-21 1 -24 4 -25401
0 4 3 2 -29017
23 1 23 -1 -23249
6 -7 3 -9 -25741
-24 -24 2 -23 -28411
-13 14 -13 12 -26527
15 18 14 17 -26091
-24 -2 -18 0 -26209
-23 -18 -24 -15 -21467
-24 -11 -21 -15 -25841
-4 20 23 22 -29119
19 23 22 22 -23703
20 -22 19 -24 -20721
-15 -9 -16 -9 -26805
-5 21 -5 19 -25019
13 -2 16 -4 -31033
-6 23 -3 22 -23787
-3 -22 -8 -23 -22029
19 -22 17 -22 -30537
1 7 0 9 -24589
23 -15 21 -17 -26265
6 23 12 23 -24341
-24 -22 -19 -24 -21093
-17 13 -14 13 -29715
14 -22 15 -23 -27647
0 -15 1 -14 -27789
-12 20 -13 20 -25427
23 22 21 15 -29101
-20 11 -20 10 -28011
-17 13 -20 12 -30475
9 1 6 5 -32181
23 -16 22 -21 -26667
17 2 18 -2 -30435
-24 13 -22 17 -25223
-22 23 -16 22 -25533
-22 19 -23 20 -26837
-1 0 -2 -3 -29159
-21 -4 -23 -2 -24795
-23 22 -22 19 -29717
22 -5 20 -6 -29879
17 23 16 20 -25711
16 5 23 5 -30477
10 -5 6 -6 -27873
12 -19 10 -22 -27399
-12 11 -12 13 -27779
2 3 6 0 -29089
23 12 22 19 -28447
12 -16 13 -16 -28519
-16 -8 -16 -7 -22777
20 14 21 11 -28871
-22 0 -21 3 -26377
16 20 14 20 -26323
13 10 12 10 -29891
23 20 -24 22 -26125
3 19 7 19 -34711
-6 14 -5 12 -27387
-18 0 -18 1 -27023
-23 -10 18 2 -37829
8 6 6 5 -28319
-15 3 -18 4 -29947
-16 -22 -16 -23 -25275
-15 -9 -14 -11 -27851
13 5 15 3 -30919
-6 8 -7 1 -25955
6 -20 4 -23 -28103
-2 7 -1 8 -26339
3 22 -1 22 -31319
-14 19 -15 20 -28135
-13 -24 -21 -22 -25221
-13 23 -10 23 -19297
-7 -5 -6 -6 -26763
-19 -6 -10 -6 -29575
-13 -23 -11 -24 -24007
15 0 18 2 -27907
14 -14 18 -14 -28183
-21 -10 -20 -3 -28181
-20 13 -20 12 -29713
2 12 5 10 -27647
-13 11 -14 11 -28873
-12 8 -12 7 -26331
10 -13 11 -14 -30515
18 18 16 18 -26643
-8 -19 -7 -24 -28955
9 13 9 12 -28599
-20 -9 -24 -11 -31125
11 13 15 10 -30275
3 -9 2 -6 -28421
-22 12 -20 12 -26623
-3 -18 -2 -18 -25891
-20 23 -20 20 -26459
-20 -6 -24 -5 -24291
-18 -3 -17 -5 -27161
-2 -20 1 -21 -26599
-21 22 -23 19 -28787
-5 -23 23 -19 -27433
9 -14 11 -14 -25827
2 -24 4 -24 -21715
-8 -9 -11 -10 -26441
-6 15 -9 12 -27605
-9 6 -13 6 -28807
-20 2 -17 2 -27923
9 -9 11 -11 -30441
4 -8 4 -9 -25511
-12 17 -10 14 -23835
3 -1 2 -1 -26885
15 21 23 22 -26077
22 -23 22 -22 -22365
8 15 -22 7 -40391
-7 -21 -5 -24 -26169
23 -10 -18 -9 -33919
23 13 18 10 -27069
-19 7 -19 4 -25987
-16 -15 -16 -17 -26337
3 14 1 13 -29061
13 -10 13 -14 -29515
-11 11 -10 14 -26975
23 13 22 14 -25639
-13 23 -15 20 -30293
-7 -9 -8 -11 -27223
-10 -1 -8 -3 -26345
-21 19 -24 19 -20995
-18 22 -17 23 -23921
-13 -10 -15 -10 -26829
17 -7 15 -8 -25875
8 11 22 -10 -42503
-23 6 -23 7 -22421
20 -8 23 -9 -26889
-24 -8 -24 -14 -26073
-13 10 -14 8 -29225
23 -23 18 -22 -29153
-13 -10 -10 -11 -24689
6 10 4 9 -29271
