23 11 -22 9 -30457
0 23 -4 19 -24505
-24 5 -21 9 -24423
3 1 -5 -19 -36945
-2 -19 -2 -18 -26525
-3 -21 3 -23 -31055
-24 -20 -23 -19 -20761
13 23 10 21 -30449
-6 21 22 22 -28237
-11 6 -7 6 -25995
-2 18 1 18 -27689
7 4 0 7 -27435
6 -8 2 -10 -26897
14 -9 14 -8 -30215
18 -2 18 1 -26285
-22 18 -23 14 -25695
11 14 11 11 -29525
-13 15 -11 15 -29461
14 -16 15 -17 -26343
11 -4 10 -4 -24533
-24 9 -23 12 -26377
-22 -2 -24 -5 -24075
12 -4 14 -4 -25135
-9 12 -8 12 -28415
0 21 -2 23 -26983
-21 -19 -19 -15 -29451
-24 -23 23 -23 -26067
22 -18 20 -17 -29975
-9 2 -12 2 -27601
7 4 8 3 -25461
-20 4 -24 8 -27215
-8 -5 -8 -4 -24281
22 -24 -2 3 -32209
22 7 21 7 -28777
11 -24 9 -24 -21625
9 -21 12 -22 -25861
-22 -10 -23 -15 -30711
11 -21 17 21 -34945
19 14 18 16 -27635
-22 -18 -24 -24 -24257
17 -7 17 -8 -27199
9 -8 13 -8 -25581
-11 22 23 23 -27669
-20 -24 -23 -21 -24005
-7 -14 -8 -16 -26311
-19 22 -16 21 -23235
-12 -21 -9 -22 -25815
23 4 22 8 -25249
21 15 22 15 -23635
-14 -24 -19 -23 -25277
6 -20 9 -23 -25355
-24 22 -19 3 -34191
23 5 22 3 -20761
-1 -2 2 -3 -27567
-2 12 -6 10 -30261
6 -2 8 0 -27281
8 8 9 12 -28155
-4 -23 -6 -23 -27285
16 -7 17 -6 -26241
17 -11 12 -10 -25471
-16 -5 -22 -5 -31245
23 13 20 15 -25223
21 -4 23 -2 -24149
-11 1 -7 0 -29147
8 17 11 15 -28029
1 13 0 15 -23713
-24 -22 1 -24 -27081
-16 -24 -14 -22 -24055
20 8 18 8 -25755
-11 -23 -11 -24 -18077
-23 4 -23 1 -28477
22 -18 19 -20 -28971
-5 4 -7 4 -25993
-21 -22 -21 -24 -15863
-5 -6 -2 -7 -28943
-12 -3 -15 -3 -28101
1 -20 23 -24 -28967
-16 9 -17 6 -26535
-20 -11 -24 -15 -31967
11 -7 6 -5 -26797
-21 14 -16 13 -25929
4 -20 6 -21 -25425
17 -22 20 -22 -28299
18 2 19 2 -29563
-19 -14 -18 -15 -27071
18 0 19 0 -28671
10 20 7 23 -26733
3 5 3 2 -27201
-4 -16 -5 -17 -26633
13 -1 16 3 -29037
17 10 18 10 -25073
-1 14 1 14 -27605
12 20 13 17 -27477
22 2 21 0 -25243
-7 -12 -5 -15 -28883
-19 -11 -19 -13 -27367
21 9 21 8 -24809
13 -1 11 1 -25409
13 9 12 9 -24247
-14 -5 -19 -21 -33731
-10 -14 -12 -14 -26975
0 -23 3 -22 -26601
15 14 18 14 -23505
22 -12 24 -17 -25405
-24 20 -20 -2 -32881
23 -23 21 -21 -26863
-22 -8 -20 -10 -27883
6 9 8 6 -27443
-19 13 -19 15 -24245
0 -1 -1 -3 -29603
-12 23 -13 21 -23697
-5 -4 -3 -5 -29971
-17 18 -18 17 -25637
-17 -20 -20 -22 -29415
23 7 20 8 -30989
5 -13 5 -11 -26337
18 -17 20 -17 -27925
13 14 -12 0 -40573
18 23 23 19 -27017
-19 -7 -23 -8 -30271
4 21 2 21 -23161
-22 8 -23 4 -25127
-10 7 -13 8 -26815
-14 5 -15 5 -25133
7 0 10 3 -23845
-16 4 -15 5 -25451
0 9 -3 10 -26731
-11 22 -8 21 -30123
10 6 10 5 -28117
8 16 8 23 -28553
4 -8 4 -5 -28369
22 -8 23 -3 -24617
-20 -19 -21 -18 -28005
18 -23 18 -22 -29179
-2 21 4 22 -24769
16 -19 17 -22 -29059
-24 -19 -24 -12 -23641
-5 5 -3 7 -25015
1 -23 -3 -21 -27985
-6 -2 -8 0 -29709
20 -1 19 -2 -28457
-2 -7 -2 -5 -30905
-7 2 -9 1 -27993
14 19 13 18 -27493
8 -13 6 -13 -28401
7 -3 5 -2 -26125
9 22 11 22 -26141
6 -3 2 -4 -25031
-14 -24 12 -24 -25359
-20 13 -24 12 -26891
-19 -5 -18 -8 -25467
16 8 17 9 -26219
-16 -3 -14 -5 -27025
-23 23 -21 21 -26095
-24 19 -22 17 -28565
-24 21 -21 20 -28047
-3 -20 -5 -24 -27325
-9 -12 -8 -15 -27769
16 -20 17 -19 -26855
8 -6 8 -3 -24623
15 21 19 22 -24873
14 -4 14 -6 -28907
21 -24 22 -21 -23477
-20 22 -18 23 -26167
13 -17 13 -16 -24969
23 -22 22 -22 -16851
-23 -23 -24 -18 -24473
15 20 17 23 -27475
-24 -9 -24 -10 -24721
3 -17 3 -19 -26147
22 17 21 9 -29673
-24 23 -12 23 -28037
16 -20 14 -20 -26879
2 -2 1 -4 -29347
-5 11 -4 11 -27849
-23 0 -24 2 -24265
11 -24 13 -21 -24895
-5 -9 -7 -9 -28197
0 14 -3 16 -26833
6 10 9 14 -28745
-11 22 17 -4 -35409
-20 10 -23 11 -25649
16 4 18 3 -24083
-22 -3 -22 -6 -21911
-9 -2 -10 -1 -27159
-21 -10 -24 -10 -28029
-15 20 1 18 -38293
23 0 21 1 -23135
-21 1 -24 -1 -23641
8 23 -24 23 -29621
17 23 22 22 -21559
-23 -5 -22 -5 -25391
1 -3 -3 -5 -29239
-22 18 -22 17 -25731
23 -6 23 -15 -22679
-23 20 -21 21 -29103
3 5 6 3 -27295
-16 9 -16 10 -24479
12 16 12 17 -27555
-21 16 -23 14 -24525
-22 23 22 18 -29771
-18 14 -13 13 -26989
5 -18 3 -17 -27243
22 -24 23 -16 -30003
6 -16 8 -17 -24939
21 19 23 21 -28573
7 -15 7 -17 -24245
-10 -9 -17 -9 -29087
6 22 10 21 -28667
14 18 13 18 -23921
-7 -6 -10 -7 -28911
-19 17 -18 16 -28103
5 12 3 12 -23895
-8 -22 -9 -23 -27255
12 -14 11 -13 -24755
-3 -14 -2 -14 -25731
-8 -14 -6 -14 -24595
21 4 23 3 -25943
-6 -7 -7 -10 -27833
-12 5 -11 6 -28583
-8 -4 -7 -3 -28947
10 -8 10 -10 -29589
2 -8 0 -6 -25343
2 -19 -1 -17 -29533
-12 19 -16 19 -29643
23 19 19 18 -25887
-6 -23 -4 -24 -23869
7 -10 8 -11 -25983
2 22 9 22 -28177
0 -20 -1 -21 -27201
10 12 10 15 -29331
-16 20 -15 23 -29737
20 -16 22 -16 -28209
22 21 21 20 -29451
-10 1 -11 0 -27471
-21 -19 -19 -19 -30179
-7 -24 -1 -23 -27183
13 -17 13 -22 -29729
6 21 7 23 -26089
-12 -6 -10 -7 -28349
2 9 0 7 -26455
23 -15 20 -18 -30597
23 2 20 2 -27927
5 -11 11 -11 -30205
22 -23 21 -20 -30509
19 22 19 23 -21593
3 -7 2 -9 -27669
-1 -14 -1 -16 -26029
22 -2 20 1 -26557
-7 3 -7 -1 -27105
-18 -4 -19 -4 -28963
-22 20 -23 18 -25473
-9 -18 -8 -24 -27023
-7 23 -3 21 -32237
-12 -14 -16 -15 -27091
-14 -6 -17 -8 -27141
9 17 1 14 -29643
-9 20 -5 20 -30373
11 13 15 14 -24263
11 -23 13 -23 -25297
23 -19 22 -17 -29997
6 -10 6 -9 -25719
7 1 5 -3 -29237
20 -1 21 -1 -26919
20 -24 22 -22 -21891
18 21 14 23 -22577
-22 -24 -18 -22 -22927
5 12 6 11 -24367
16 -7 14 -5 -28671
18 -5 18 -1 -28241
17 -13 18 -13 -24923
2 23 13 23 -29847
-11 3 -11 1 -23017
-9 5 -9 9 -26379
-12 0 -13 -4 -27049
21 19 17 19 -24241
-10 22 -1 22 -32839
-20 5 -19 4 -25271
-20 1 -23 1 -22933
-6 -8 -4 -7 -27289
12 11 15 10 -24821
-17 1 -14 1 -25449
-22 -9 -24 -12 -30929
20 -17 20 -18 -28991
1 -11 2 -11 -26473
-9 -15 -11 -16 -29013
-1 -9 -1 -8 -27959
11 23 9 21 -29069
15 -18 18 -19 -28537
0 -5 -1 -2 -29455
-21 11 -23 13 -26613
-11 11 -10 13 -28401
4 23 5 20 -26143
-6 -15 -3 -17 -27637
-11 9 -17 7 -30179
-8 -18 -10 -16 -27781
-16 -21 -18 -20 -27041
-19 -16 -21 -16 -30017
-21 -8 -22 -11 -31115
-23 7 -24 2 -26353
-16 3 -19 4 -26457
-3 -16 -23 -7 -33683
-16 18 -14 16 -26635
22 4 21 0 -25653
-21 -3 -24 -2 -24793
-13 -20 -13 -23 -26149
-4 5 1 3 -29299
-23 20 -24 20 -19817
-22 11 -22 12 -27365
23 -16 23 -19 -28527
-18 22 -14 22 -25305
-9 13 -7 14 -28731
9 -11 11 -10 -24921
2 8 1 10 -24691
22 -11 23 -13 -20321
23 7 -1 7 -25373
10 10 8 10 -24301
-23 1 -24 -4 -25101
-8 18 -7 23 -26091
-18 2 -19 2 -24293
9 -7 4 -8 -28425
-2 20 -4 23 -30321
-10 12 -10 14 -26193
4 9 8 10 -26641
21 -4 22 -5 -23085
3 -19 2 -24 -23651
15 24 10 23 -24011
5 15 5 18 -25023
-10 10 -10 9 -25503
10 2 11 1 -23923
-23 23 -19 24 -25269
1 10 1 12 -24125
17 4 18 6 -26889
-22 -19 -24 -19 -17079
-7 -9 -8 -5 -31555
-23 -10 -22 -10 -26787
6 -20 8 -19 -25407
-4 -7 -5 -5 -30267
10 -16 9 -16 -23505
15 -10 16 -11 -26565
-22 16 -24 17 -27627
4 -14 4 -13 -26251
2 19 3 18 -24221
-18 -2 -19 -4 -25329
19 -10 18 -9 -24999
-2 5 1 6 -27037
2 19 3 21 -24673
3 15 7 14 -27743
10 11 12 13 -27651
-12 0 -15 -1 -28921
14 5 14 1 -26121
11 -21 10 -19 -26359
13 4 16 6 -25481
2 -18 4 -14 -28513
-3 8 -1 6 -27835
-17 -13 -18 -14 -29119
1 23 -21 23 -29203
9 -6 10 -9 -29885
-18 3 -18 2 -23597
12 -19 13 -19 -25593
10 18 7 18 -27693
-13 -8 -13 -11 -27749
-23 10 -21 11 -26901
-12 -5 -10 -5 -25761
8 8 5 9 -24907
21 -19 22 -21 -29963
-24 2 -24 4 -24905
12 -3 12 -2 -25119
-5 19 -6 18 -25025
11 -22 16 -24 -25407
-3 -13 0 -11 -26893
-3 0 -2 -2 -28503
10 22 13 21 -25027
-1 10 3 11 -27699
-4 -22 -7 -20 -27829
-20 10 -16 10 -24479
17 -12 17 -15 -27421
-7 7 -9 4 -27877
4 -24 -4 -23 -29057
-6 -2 -7 -3 -30569
18 -10 20 -9 -27649
-1 6 -4 6 -27727
-9 13 -10 14 -26637
-6 -24 -5 -22 -22559
-19 -11 -20 -10 -28669
-6 21 2 22 -26247
22 14 21 12 -28671
-7 -19 -7 -16 -26189
17 5 14 7 -23233
17 19 17 20 -27217
-7 14 -13 11 -34093
22 12 23 10 -27013
-12 -10 -12 -13 -27905
-23 12 -24 17 -26245
-9 -8 -8 -8 -28245
5 20 9 22 -28403
-6 17 -6 18 -24437
12 -2 16 -3 -24641
16 -8 22 -8 -27993
5 22 4 23 -22321
18 10 18 8 -26813
-13 -22 -17 -23 -27941
5 -4 8 -4 -26627
23 20 23 23 -21095
-22 -24 5 -24 -25795
-6 11 -8 12 -24913
-14 -9 -12 -5 -29031
9 22 23 23 -23949
-24 2 -23 -2 -26477
1 -12 3 -14 -28097
23 17 21 15 -29579
-8 18 -16 14 -33995
18 -22 22 -24 -25703
-9 23 -8 23 -25241
21 7 20 8 -29047
-16 -11 -19 -11 -27173
23 -10 -2 -9 -27945
21 -24 16 -24 -27469
-8 20 -9 21 -30997
-7 -6 -9 -5 -28899
-4 -23 0 -22 -28217
-13 -20 -12 -23 -27883
15 -22 15 -23 -29627
10 6 9 6 -22813
24 12 24 1 -26731
-3 16 -4 16 -26393
-4 -12 -6 -13 -27829
4 -10 2 -9 -24931
21 -10 21 -6 -24939
-20 -1 -19 -2 -27489
-13 2 -14 3 -25767
14 -11 15 -9 -30485
-17 13 -18 12 -24531
19 -6 21 -4 -26997
20 10 23 13 -27585
22 16 23 18 -27299
-11 -19 -9 -17 -29349
-1 -11 -2 -10 -24829
-24 -23 -22 -24 -18857
14 12 9 14 -26887
11 -16 12 -14 -25659
-11 22 -9 23 -21741
0 -14 4 -13 -27215
-13 -20 -14 -20 -24891
-24 -3 -22 -11 -23867
14 -11 13 -14 -26675
20 -15 21 -13 -29269
-24 -15 -23 -19 -23065
2 -12 1 -9 -27889
-10 23 -13 23 -23609
14 -24 14 -23 -23955
-23 23 -24 21 -21369
-24 7 -19 7 -23041
-7 -24 -9 -23 -22533
9 8 9 5 -29353
-12 21 -14 21 -28839
-3 -24 18 -23 -29703
-3 21 -8 22 -34541
0 14 1 15 -24209
-14 19 -14 23 -28495
-23 -20 -23 -19 -25995
-13 -16 -11 -16 -27123
5 0 2 1 -28255
18 -23 16 -23 -27547
2 -24 5 -22 -23679
0 18 -2 22 -28399
11 -19 5 0 -35317
-8 11 -8 12 -25209
-7 15 -7 17 -24883
-7 11 -5 11 -26751
15 -6 16 -6 -24733
-16 1 -17 -3 -27181
23 -24 -2 -23 -28665
8 3 9 1 -24249
16 -21 14 -24 -27525
20 9 23 10 -23749
23 -11 20 -12 -29289
-21 21 -22 22 -28853
5 19 3 19 -26733
-23 8 -23 12 -26947
21 -12 23 -11 -27299
-4 8 -3 10 -26315
-14 -15 -16 -14 -25499
19 4 10 2 -29019
-16 -16 -16 -15 -25499
21 -5 19 -3 -27557
21 -15 21 -16 -25393
3 -23 9 -23 -25223
20 20 23 16 -24867
7 -20 6 -23 -22481
-8 7 -7 9 -27651
-16 -23 -23 -23 -27741
14 1 9 1 -25933
-17 -9 -19 -8 -30407
4 -7 22 -14 -29431
14 11 -24 -19 -33959
-9 -21 -8 -21 -25909
17 23 18 20 -25785
-21 23 -24 19 -29273
4 -22 6 -24 -22007
22 12 23 11 -25913
-13 -24 -14 -24 -22235
-15 15 -14 20 -27953
-18 20 -17 23 -28395
-6 -8 -6 -13 -27829
15 14 15 16 -28801
-14 13 -12 12 -27223
21 21 22 12 -30763
-8 -23 -11 -24 -23273
-15 -20 -16 -17 -25833
-5 -9 0 -9 -28567
-7 11 0 -1 -39681
