23 11 -22 9 -33260
0 23 -4 19 -23974
-24 5 -21 9 -24632
-23 17 21 -20 -36274
-2 -19 -2 -18 -26220
-3 -21 3 -23 -31602
-24 -20 -23 -19 -20908
13 23 10 21 -30034
-6 21 22 22 -27170
-11 6 -7 6 -26306
-2 18 1 18 -27916
7 4 0 7 -28140
6 -8 2 -10 -27438
14 -9 14 -8 -29542
18 -2 18 1 -25802
-22 18 -23 14 -25450
11 14 11 11 -29844
-13 15 -11 15 -27198
14 -16 15 -17 -27512
11 -4 10 -4 -24290
-24 9 -23 12 -26198
-22 -2 -24 -5 -23946
12 -4 14 -4 -25842
-9 12 -8 12 -26344
0 21 -2 23 -25910
-21 -19 -19 -15 -29502
-24 -23 23 -23 -29010
22 -18 20 -17 -30160
-9 2 -12 2 -27950
7 4 8 3 -25168
-20 4 -24 8 -26356
-8 -5 -8 -4 -24218
22 -24 -2 3 -34484
22 7 21 7 -29338
11 -24 9 -24 -22228
9 -21 12 -22 -26640
-22 -10 -23 -15 -31264
-12 18 18 6 -38972
19 14 18 16 -27226
-22 -18 -24 -24 -23900
17 -7 17 -8 -26902
9 -8 13 -8 -26038
-11 22 23 23 -27022
-20 -24 -23 -21 -24250
-7 -14 -8 -16 -25688
-19 22 -16 21 -22690
-12 -21 -9 -22 -26096
23 4 22 8 -24810
21 15 22 15 -23380
-14 -24 -19 -23 -25584
6 -20 9 -23 -25652
20 -20 -10 -1 -40246
23 5 22 3 -20600
-1 -2 2 -3 -27594
-2 12 -6 10 -29798
6 -2 8 0 -27472
8 8 9 12 -28068
-4 -23 -6 -23 -27142
16 -7 17 -6 -25964
17 -11 12 -10 -26792
-16 -5 -22 -5 -31330
23 13 20 15 -25566
21 -4 23 -2 -24522
-11 1 -7 0 -28936
8 17 11 15 -28020
1 13 0 15 -24090
-24 -22 1 -24 -27662
-16 -24 -14 -22 -23448
20 8 18 8 -26126
-11 -23 -11 -24 -19020
-23 4 -23 1 -27978
22 -18 19 -20 -28706
-5 4 -7 4 -25300
-21 -22 -21 -24 -16798
-5 -6 -2 -7 -29486
-12 -3 -15 -3 -28260
1 -20 23 -24 -32580
-16 9 -17 6 -25132
-20 -11 -24 -15 -31742
11 -7 6 -5 -26246
-21 14 -16 13 -26092
4 -20 6 -21 -25898
17 -22 20 -22 -29232
18 2 19 2 -29502
-19 -14 -18 -15 -27158
18 0 19 0 -28566
10 20 7 23 -26270
3 5 3 2 -26614
-4 -16 -5 -17 -26588
13 -1 16 3 -28658
17 10 18 10 -25092
-1 14 1 14 -27812
12 20 13 17 -27694
22 2 21 0 -25944
-7 -12 -5 -15 -28626
-19 -11 -19 -13 -27722
21 9 21 8 -24906
13 -1 11 1 -24316
13 9 12 9 -24670
-14 -5 -19 -21 -34686
-10 -14 -12 -14 -26876
0 -23 3 -22 -27370
15 14 18 14 -24034
22 -12 24 -17 -26124
-24 20 -20 -2 -30686
23 -23 21 -21 -26436
-22 -8 -20 -10 -28448
6 9 8 6 -27832
-19 13 -19 15 -23820
0 -1 -1 -3 -29036
-12 23 -13 21 -23598
-5 -4 -3 -5 -31186
-17 18 -18 17 -25450
-17 -20 -20 -22 -29038
23 7 20 8 -31636
5 -13 5 -11 -25226
18 -17 20 -17 -28298
20 -6 -3 -7 -34608
18 23 23 19 -26102
-19 -7 -23 -8 -30328
4 21 2 21 -23808
-22 8 -23 4 -25162
-10 7 -13 8 -26594
-14 5 -15 5 -24874
7 0 10 3 -23506
-16 4 -15 5 -25752
0 9 -3 10 -27090
-11 22 -8 21 -27556
10 6 10 5 -27562
8 16 8 23 -28920
4 -8 4 -5 -26716
22 -8 23 -3 -24986
-20 -19 -21 -18 -28164
18 -23 18 -22 -28830
-2 21 4 22 -25402
16 -19 17 -22 -28646
-24 -19 -24 -12 -24504
-5 5 -3 7 -24764
1 -23 -3 -21 -28668
-6 -2 -8 0 -29926
20 -1 19 -2 -28558
-2 -7 -2 -5 -30576
-7 2 -9 1 -27924
14 19 13 18 -26330
8 -13 6 -13 -28728
7 -3 5 -2 -25708
9 22 11 22 -25218
6 -3 2 -4 -26566
-14 -24 12 -24 -27216
-20 13 -24 12 -26786
-19 -5 -18 -8 -26290
16 8 17 9 -25864
-16 -3 -14 -5 -27976
-23 23 -21 21 -25006
-24 19 -22 17 -27578
-24 21 -21 20 -26916
-3 -20 -5 -24 -26612
-9 -12 -8 -15 -28040
16 -20 17 -19 -27618
8 -6 8 -3 -23524
15 21 19 22 -23568
14 -4 14 -6 -27952
21 -24 22 -21 -23218
-20 22 -18 23 -25420
13 -17 13 -16 -24560
23 -22 22 -22 -16906
-23 -23 -24 -18 -25418
15 20 17 23 -26872
-24 -9 -24 -10 -25362
3 -17 3 -19 -25676
22 17 21 9 -29950
-24 23 -12 23 -28140
16 -20 14 -20 -27696
2 -2 1 -4 -28458
-5 11 -4 11 -28022
-23 0 -24 2 -24330
11 -24 13 -21 -25134
-5 -9 -7 -9 -29298
0 14 -3 16 -27862
6 10 9 14 -28840
5 15 -15 10 -35458
-20 10 -23 11 -25522
16 4 18 3 -24504
-22 -3 -22 -6 -22090
-9 -2 -10 -1 -28682
-21 -10 -24 -10 -28294
23 -24 -11 11 -36860
23 0 21 1 -24028
-21 1 -24 -1 -23604
8 23 -24 23 -30590
17 23 22 22 -21318
-23 -5 -22 -5 -24962
1 -3 -3 -5 -27620
-22 18 -22 17 -25358
23 -6 23 -15 -23670
-23 20 -21 21 -28894
3 5 6 3 -27224
-16 9 -16 10 -23594
12 16 12 17 -27858
-21 16 -23 14 -24352
-22 23 22 18 -30622
-18 14 -13 13 -27864
5 -18 3 -17 -27416
22 -24 23 -16 -29460
6 -16 8 -17 -25492
21 19 23 21 -28242
7 -15 7 -17 -24014
-10 -9 -17 -9 -28834
6 22 10 21 -28288
14 18 13 18 -24326
-7 -6 -10 -7 -28582
-19 17 -18 16 -27382
5 12 3 12 -24122
-8 -22 -9 -23 -26928
12 -14 11 -13 -25390
-3 -14 -2 -14 -25756
-8 -14 -6 -14 -24350
21 4 23 3 -27300
-6 -7 -7 -10 -28070
-12 5 -11 6 -27098
-8 -4 -7 -3 -28296
10 -8 10 -10 -28534
2 -8 0 -6 -25404
2 -19 -1 -17 -29874
-12 19 -16 19 -29038
23 19 19 18 -26190
-6 -23 -4 -24 -24862
7 -10 8 -11 -25544
2 22 9 22 -28622
0 -20 -1 -21 -27338
10 12 10 15 -30064
-16 20 -15 23 -29634
20 -16 22 -16 -28862
22 21 21 20 -28962
-10 1 -11 0 -26340
-21 -19 -19 -19 -29926
-7 -24 -1 -23 -27392
13 -17 13 -22 -29518
6 21 7 23 -25642
-12 -6 -10 -7 -29400
2 9 0 7 -26640
23 -15 20 -18 -30104
23 2 20 2 -28694
5 -11 11 -11 -30918
22 -23 21 -20 -30566
19 22 19 23 -21502
3 -7 2 -9 -26092
-1 -14 -1 -16 -25596
22 -2 20 1 -26804
-7 3 -7 -1 -26292
-18 -4 -19 -4 -29610
-22 20 -23 18 -24946
-9 -18 -8 -24 -27588
-7 23 -3 21 -25318
-12 -14 -16 -15 -27094
-14 -6 -17 -8 -27134
9 17 1 14 -30856
-9 20 -5 20 -24906
11 13 15 14 -25004
11 -23 13 -23 -26302
23 -19 22 -17 -29852
6 -10 6 -9 -25708
7 1 5 -3 -28658
20 -1 21 -1 -27456
20 -24 22 -22 -22546
18 21 14 23 -22310
-22 -24 -18 -22 -23212
5 12 6 11 -24740
16 -7 14 -5 -28832
18 -5 18 -1 -28774
17 -13 18 -13 -25364
2 23 13 23 -29650
-11 3 -11 1 -21886
-9 5 -9 9 -25372
-12 0 -13 -4 -26428
21 19 17 19 -23850
-10 22 -1 22 -26556
-20 5 -19 4 -25298
-20 1 -23 1 -23542
-6 -8 -4 -7 -26842
12 11 15 10 -24974
-17 1 -14 1 -26116
-22 -9 -24 -12 -30866
20 -17 20 -18 -29184
1 -11 2 -11 -27652
-9 -15 -11 -16 -28488
-1 -9 -1 -8 -26678
11 23 9 21 -28538
15 -18 18 -19 -29888
0 -5 -1 -2 -29078
-21 11 -23 13 -26068
-11 11 -10 13 -26452
4 23 5 20 -25826
-6 -15 -3 -17 -27266
-11 9 -17 7 -29546
-8 -18 -10 -16 -27706
-16 -21 -18 -20 -27484
-19 -16 -21 -16 -29602
-21 -8 -22 -11 -31228
-23 7 -24 2 -26420
-16 3 -19 4 -26702
-3 -16 -23 -7 -34782
-16 18 -14 16 -26598
22 4 21 0 -25668
-21 -3 -24 -2 -24448
-13 -20 -13 -23 -26640
-4 5 1 3 -28012
-23 20 -24 20 -19572
-22 11 -22 12 -26902
23 -16 23 -19 -28940
-18 22 -14 22 -24918
-9 13 -7 14 -26876
9 -11 11 -10 -24996
2 8 1 10 -23928
22 -11 23 -13 -20550
23 7 -1 7 -26766
10 10 8 10 -24310
-23 1 -24 -4 -24354
-8 18 -7 23 -26420
-18 2 -19 2 -24390
9 -7 4 -8 -29400
-2 20 -4 23 -27616
-10 12 -10 14 -25976
4 9 8 10 -26484
21 -4 22 -5 -23526
3 -19 2 -24 -22988
15 24 10 23 -23270
5 15 5 18 -24982
-10 10 -10 9 -25216
10 2 11 1 -23004
-23 23 -19 24 -25050
1 10 1 12 -25042
17 4 18 6 -26518
-22 -19 -24 -19 -17016
-7 -9 -8 -5 -32184
-23 -10 -22 -10 -26936
6 -20 8 -19 -25812
-4 -7 -5 -5 -31966
10 -16 9 -16 -24244
15 -10 16 -11 -27876
-22 16 -24 17 -27936
4 -14 4 -13 -25304
2 19 3 18 -23778
-18 -2 -19 -4 -26022
19 -10 18 -9 -26262
-2 5 1 6 -27586
2 19 3 21 -24348
3 15 7 14 -27956
10 11 12 13 -27208
-12 0 -15 -1 -28922
14 5 14 1 -25576
11 -21 10 -19 -26716
13 4 16 6 -25828
2 -18 4 -14 -28046
-3 8 -1 6 -25330
-17 -13 -18 -14 -29914
1 23 -21 23 -27884
9 -6 10 -9 -27746
-18 3 -18 2 -23308
12 -19 13 -19 -27128
10 18 7 18 -27592
-13 -8 -13 -11 -28082
-23 10 -21 11 -26586
-12 -5 -10 -5 -26022
8 8 5 9 -25348
21 -19 22 -21 -30292
-24 2 -24 4 -24610
12 -3 12 -2 -24662
-5 19 -6 18 -24150
11 -22 16 -24 -26250
-3 -13 0 -11 -26450
-3 0 -2 -2 -28308
10 22 13 21 -24428
-1 10 3 11 -28396
-4 -22 -7 -20 -28630
-20 10 -16 10 -24620
17 -12 17 -15 -27496
-7 7 -9 4 -26640
4 -24 -4 -23 -30400
-6 -2 -7 -3 -29048
18 -10 20 -9 -27536
-1 6 -4 6 -27020
-9 13 -10 14 -26060
-6 -24 -5 -22 -22502
-19 -11 -20 -10 -29206
-6 21 2 22 -26228
22 14 21 12 -28466
-7 -19 -7 -16 -26164
17 5 14 7 -24792
17 19 17 20 -26588
-4 -23 18 -23 -38548
22 12 23 10 -27320
-12 -10 -12 -13 -27646
-23 12 -24 17 -25560
-9 -8 -8 -8 -28780
5 20 9 22 -28072
-6 17 -6 18 -24248
12 -2 16 -3 -24818
16 -8 22 -8 -28792
5 22 4 23 -22248
18 10 18 8 -27228
-13 -22 -17 -23 -26900
5 -4 8 -4 -26366
23 20 23 23 -19844
-22 -24 5 -24 -26472
-6 11 -8 12 -25464
-14 -9 -12 -5 -28600
9 22 23 23 -23788
-24 2 -23 -2 -26200
1 -12 3 -14 -28688
23 17 21 15 -29734
-8 18 -16 14 -32286
18 -22 22 -24 -26076
-9 23 -8 23 -22638
21 7 20 8 -29212
-16 -11 -19 -11 -27826
23 -10 -2 -9 -33400
21 -24 16 -24 -28062
-8 20 -9 21 -28258
-7 -6 -9 -5 -30058
-4 -23 0 -22 -28498
-13 -20 -12 -23 -28458
15 -22 15 -23 -29414
10 6 9 6 -22896
24 12 24 1 -26136
-3 16 -4 16 -25028
-4 -12 -6 -13 -27334
4 -10 2 -9 -26116
21 -10 21 -6 -25212
-20 -1 -19 -2 -26792
-13 2 -14 3 -26090
14 -11 15 -9 -29186
-17 13 -18 12 -25250
19 -6 21 -4 -26724
20 10 23 13 -28222
22 16 23 18 -26814
-11 -19 -9 -17 -29026
-1 -11 -2 -10 -25682
-24 -23 -22 -24 -18586
14 12 9 14 -27498
11 -16 12 -14 -24752
-11 22 -9 23 -20932
0 -14 4 -13 -27884
-13 -20 -14 -20 -24746
-24 -3 -22 -11 -24492
14 -11 13 -14 -25870
20 -15 21 -13 -29246
-24 -15 -23 -19 -23572
2 -12 1 -9 -27150
-10 23 -13 23 -22828
14 -24 14 -23 -22798
-23 23 -24 21 -21590
-24 7 -19 7 -22386
-7 -24 -9 -23 -22694
9 8 9 5 -28732
-12 21 -14 21 -28060
-3 -24 18 -23 -36828
-3 22 -1 -13 -36276
0 14 1 15 -25352
-14 19 -14 23 -28724
-23 -20 -23 -19 -26286
-13 -16 -11 -16 -26818
5 0 2 1 -29012
18 -23 16 -23 -28012
2 -24 5 -22 -24386
0 18 -2 22 -27644
22 -8 -17 1 -38784
-8 11 -8 12 -25090
-7 15 -7 17 -25280
-7 11 -5 11 -26558
15 -6 16 -6 -25858
-16 1 -17 -3 -26592
23 -24 -2 -23 -33708
8 3 9 1 -23934
16 -21 14 -24 -27408
20 9 23 10 -25240
23 -11 20 -12 -29338
-21 21 -22 22 -27572
5 19 3 19 -27744
-23 8 -23 12 -26212
21 -12 23 -11 -27618
-4 8 -3 10 -25608
-14 -15 -16 -14 -25110
19 4 10 2 -29568
-16 -16 -16 -15 -25992
21 -5 19 -3 -28574
21 -15 21 -16 -26418
3 -23 9 -23 -26718
20 20 23 16 -24786
7 -20 6 -23 -21598
-8 7 -7 9 -26414
-16 -23 -23 -23 -27932
14 1 9 1 -25858
-17 -9 -19 -8 -30468
4 -7 22 -14 -32154
14 11 -24 -19 -32886
-9 -21 -8 -21 -26138
17 23 18 20 -25370
-21 23 -24 19 -29658
4 -22 6 -24 -22136
22 12 23 11 -26132
-13 -24 -14 -24 -22086
-15 15 -14 20 -27926
-18 20 -17 23 -28506
-6 -8 -6 -13 -28004
15 14 15 16 -28278
-14 13 -12 12 -27808
21 21 22 12 -30144
-8 -23 -11 -24 -23170
-15 -20 -16 -17 -25976
-5 -9 0 -9 -27810
-22 0 12 22 -36010
