23 11 -22 9 -32555
0 23 -4 19 -25087
-24 5 -21 9 -24753
20 -11 4 -10 -37333
-2 -19 -2 -18 -26989
-3 -21 3 -23 -31245
-24 -20 -23 -19 -21673
13 23 10 21 -30565
-6 21 22 22 -27777
-11 6 -7 6 -26117
-2 18 1 18 -27291
7 4 0 7 -29009
6 -8 2 -10 -27659
14 -9 14 -8 -29777
18 -2 18 1 -25899
-22 18 -23 14 -24767
11 14 11 11 -31029
-13 15 -11 15 -26763
14 -16 15 -17 -27081
11 -4 10 -4 -24849
-24 9 -23 12 -25525
-22 -2 -24 -5 -24939
12 -4 14 -4 -26333
-9 12 -8 12 -26013
0 21 -2 23 -26159
-21 -19 -19 -15 -29499
-24 -23 23 -23 -27977
22 -18 20 -17 -30173
-9 2 -12 2 -28239
7 4 8 3 -26137
-20 4 -24 8 -26991
-8 -5 -8 -4 -24851
22 -24 -2 3 -32337
22 7 21 7 -29391
11 -24 9 -24 -20589
9 -21 12 -22 -25619
-22 -10 -23 -15 -30947
-23 4 14 -12 -37367
19 14 18 16 -27115
-22 -18 -24 -24 -24535
17 -7 17 -8 -27623
9 -8 13 -8 -27629
-11 22 23 23 -26359
-20 -24 -23 -21 -25283
-7 -14 -8 -16 -26345
-19 22 -16 21 -22995
-12 -21 -9 -22 -27131
23 4 22 8 -24285
21 15 22 15 -23871
-14 -24 -19 -23 -26681
6 -20 9 -23 -25025
5 14 13 8 -36961
23 5 22 3 -20623
-1 -2 2 -3 -28013
-2 12 -6 10 -29895
6 -2 8 0 -27831
8 8 9 12 -28247
-4 -23 -6 -23 -27981
16 -7 17 -6 -26977
17 -11 12 -10 -28321
-16 -5 -22 -5 -33109
23 13 20 15 -25135
21 -4 23 -2 -23897
-11 1 -7 0 -29651
8 17 11 15 -29149
1 13 0 15 -24675
-24 -22 1 -24 -29033
-16 -24 -14 -22 -25273
20 8 18 8 -25905
-11 -23 -11 -24 -18755
-23 4 -23 1 -30003
22 -18 19 -20 -29179
-5 4 -7 4 -25601
-21 -22 -21 -24 -16999
-5 -6 -2 -7 -28709
-12 -3 -15 -3 -29815
1 -20 23 -24 -28661
-16 9 -17 6 -24755
-20 -11 -24 -15 -32345
11 -7 6 -5 -28111
-21 14 -16 13 -25445
4 -20 6 -21 -25937
17 -22 20 -22 -28681
18 2 19 2 -29653
-19 -14 -18 -15 -27651
18 0 19 0 -29349
10 20 7 23 -26965
3 5 3 2 -26583
-4 -16 -5 -17 -26853
13 -1 16 3 -28661
17 10 18 10 -24937
-1 14 1 14 -27351
12 20 13 17 -28351
22 2 21 0 -24987
-7 -12 -5 -15 -28779
-19 -11 -19 -13 -27917
21 9 21 8 -24761
13 -1 11 1 -24863
13 9 12 9 -24775
-14 -5 -19 -21 -34699
-10 -14 -12 -14 -28197
0 -23 3 -22 -25279
15 14 18 14 -23513
22 -12 24 -17 -26223
-24 20 -20 -2 -30555
23 -23 21 -21 -26619
-22 -8 -20 -10 -30787
6 9 8 6 -29525
-19 13 -19 15 -23363
0 -1 -1 -3 -28813
-12 23 -13 21 -23705
-5 -4 -3 -5 -30123
-17 18 -18 17 -25463
-17 -20 -20 -22 -30001
23 7 20 8 -30861
5 -13 5 -11 -26455
18 -17 20 -17 -28337
-22 -5 -10 -12 -42209
18 23 23 19 -26547
-19 -7 -23 -8 -30975
4 21 2 21 -23155
-22 8 -23 4 -24933
-10 7 -13 8 -26491
-14 5 -15 5 -25431
7 0 10 3 -23553
-16 4 -15 5 -26305
0 9 -3 10 -27329
-11 22 -8 21 -28473
10 6 10 5 -26759
8 16 8 23 -28855
4 -8 4 -5 -27765
22 -8 23 -3 -24829
-20 -19 -21 -18 -29287
18 -23 18 -22 -29483
-2 21 4 22 -24357
16 -19 17 -22 -29381
-24 -19 -24 -12 -23805
-5 5 -3 7 -24261
1 -23 -3 -21 -28757
-6 -2 -8 0 -30057
20 -1 19 -2 -28011
-2 -7 -2 -5 -31093
-7 2 -9 1 -27667
14 19 13 18 -26463
8 -13 6 -13 -29821
7 -3 5 -2 -26837
9 22 11 22 -26509
6 -3 2 -4 -25965
-14 -24 12 -24 -25985
-20 13 -24 12 -26921
-19 -5 -18 -8 -27883
16 8 17 9 -26267
-16 -3 -14 -5 -30733
-23 23 -21 21 -25827
-24 19 -22 17 -26877
-24 21 -21 20 -27655
-3 -20 -5 -24 -26369
-9 -12 -8 -15 -27973
16 -20 17 -19 -27535
8 -6 8 -3 -24411
15 21 19 22 -24169
14 -4 14 -6 -28071
21 -24 22 -21 -23835
-20 22 -18 23 -25479
13 -17 13 -16 -24849
23 -22 22 -22 -17227
-23 -23 -24 -18 -26081
15 20 17 23 -27671
-24 -9 -24 -10 -26441
3 -17 3 -19 -25931
22 17 21 9 -29477
-24 23 -12 23 -28413
16 -20 14 -20 -26857
2 -2 1 -4 -28925
-5 11 -4 11 -27137
-23 0 -24 2 -24559
11 -24 13 -21 -24615
-5 -9 -7 -9 -29657
0 14 -3 16 -27533
6 10 9 14 -28195
-24 -14 2 -3 -36939
-20 10 -23 11 -25937
16 4 18 3 -24691
-22 -3 -22 -6 -24031
-9 -2 -10 -1 -29099
-21 -10 -24 -10 -29189
8 -17 -1 -7 -39729
23 0 21 1 -23725
-21 1 -24 -1 -24561
8 23 -24 23 -29247
17 23 22 22 -21637
-23 -5 -22 -5 -25601
1 -3 -3 -5 -28227
-22 18 -22 17 -24525
23 -6 23 -15 -23623
-23 20 -21 21 -28935
3 5 6 3 -28525
-16 9 -16 10 -24445
12 16 12 17 -28311
-21 16 -23 14 -25003
-22 23 22 18 -29941
-18 14 -13 13 -27125
5 -18 3 -17 -27911
22 -24 23 -16 -30339
6 -16 8 -17 -26193
21 19 23 21 -28931
7 -15 7 -17 -24285
-10 -9 -17 -9 -31301
6 22 10 21 -28711
14 18 13 18 -24141
-7 -6 -10 -7 -29269
-19 17 -18 16 -27437
5 12 3 12 -24187
-8 -22 -9 -23 -26677
12 -14 11 -13 -25835
-3 -14 -2 -14 -25859
-8 -14 -6 -14 -25741
21 4 23 3 -26211
-6 -7 -7 -10 -28961
-12 5 -11 6 -27133
-8 -4 -7 -3 -29537
10 -8 10 -10 -29005
2 -8 0 -6 -25683
2 -19 -1 -17 -30953
-12 19 -16 19 -29333
23 19 19 18 -26079
-6 -23 -4 -24 -24957
7 -10 8 -11 -27951
2 22 9 22 -29495
0 -20 -1 -21 -26745
10 12 10 15 -30371
-16 20 -15 23 -30425
20 -16 22 -16 -29311
22 21 21 20 -29827
-10 1 -11 0 -27709
-21 -19 -19 -19 -30973
-7 -24 -1 -23 -27439
13 -17 13 -22 -30029
6 21 7 23 -26147
-12 -6 -10 -7 -29881
2 9 0 7 -26367
23 -15 20 -18 -30819
23 2 20 2 -28607
5 -11 11 -11 -32583
22 -23 21 -20 -30999
19 22 19 23 -21799
3 -7 2 -9 -27323
-1 -14 -1 -16 -25999
22 -2 20 1 -26779
-7 3 -7 -1 -27533
-18 -4 -19 -4 -30157
-22 20 -23 18 -25175
-9 -18 -8 -24 -28257
-7 23 -3 21 -26043
-12 -14 -16 -15 -29193
-14 -6 -17 -8 -28785
9 17 1 14 -29693
-9 20 -5 20 -25037
11 13 15 14 -25403
11 -23 13 -23 -24833
23 -19 22 -17 -30851
6 -10 6 -9 -26251
7 1 5 -3 -28987
20 -1 21 -1 -27513
20 -24 22 -22 -22653
18 21 14 23 -22831
-22 -24 -18 -22 -23693
5 12 6 11 -27417
16 -7 14 -5 -28883
18 -5 18 -1 -28995
17 -13 18 -13 -25607
2 23 13 23 -30779
-11 3 -11 1 -23891
-9 5 -9 9 -24667
-12 0 -13 -4 -29979
21 19 17 19 -24063
-10 22 -1 22 -26451
-20 5 -19 4 -26041
-20 1 -23 1 -24417
-6 -8 -4 -7 -28111
12 11 15 10 -26357
-17 1 -14 1 -26743
-22 -9 -24 -12 -31657
20 -17 20 -18 -29891
1 -11 2 -11 -28261
-9 -15 -11 -16 -29399
-1 -9 -1 -8 -28033
11 23 9 21 -28927
15 -18 18 -19 -28975
0 -5 -1 -2 -30447
-21 11 -23 13 -25603
-11 11 -10 13 -26871
4 23 5 20 -27007
-6 -15 -3 -17 -27133
-11 9 -17 7 -30149
-8 -18 -10 -16 -27695
-16 -21 -18 -20 -28427
-19 -16 -21 -16 -31097
-21 -8 -22 -11 -32145
-23 7 -24 2 -26569
-16 3 -19 4 -27021
-3 -16 -23 -7 -37163
-16 18 -14 16 -25985
22 4 21 0 -24961
-21 -3 -24 -2 -25915
-13 -20 -13 -23 -26841
-4 5 1 3 -28231
-23 20 -24 20 -20077
-22 11 -22 12 -26279
23 -16 23 -19 -29227
-18 22 -14 22 -25689
-9 13 -7 14 -26393
9 -11 11 -10 -25453
2 8 1 10 -25015
22 -11 23 -13 -20853
23 7 -1 7 -26401
10 10 8 10 -25533
-23 1 -24 -4 -26687
-8 18 -7 23 -26911
-18 2 -19 2 -24359
9 -7 4 -8 -30045
-2 20 -4 23 -28025
-10 12 -10 14 -25899
4 9 8 10 -26411
21 -4 22 -5 -22595
3 -19 2 -24 -23061
15 24 10 23 -23911
5 15 5 18 -25477
-10 10 -10 9 -25235
10 2 11 1 -23247
-23 23 -19 24 -24705
1 10 1 12 -24545
17 4 18 6 -26881
-22 -19 -24 -19 -17379
-7 -9 -8 -5 -32031
-23 -10 -22 -10 -28325
6 -20 8 -19 -24675
-4 -7 -5 -5 -31591
10 -16 9 -16 -24145
15 -10 16 -11 -28041
-22 16 -24 17 -27407
4 -14 4 -13 -26993
2 19 3 18 -24607
-18 -2 -19 -4 -26513
19 -10 18 -9 -25767
-2 5 1 6 -27055
2 19 3 21 -24869
3 15 7 14 -28739
10 11 12 13 -27517
-12 0 -15 -1 -29677
14 5 14 1 -24847
11 -21 10 -19 -26565
13 4 16 6 -25595
2 -18 4 -14 -27723
-3 8 -1 6 -25901
-17 -13 -18 -14 -29997
1 23 -21 23 -27831
9 -6 10 -9 -29245
-18 3 -18 2 -24489
12 -19 13 -19 -26235
10 18 7 18 -27601
-13 -8 -13 -11 -28933
-23 10 -21 11 -26575
-12 -5 -10 -5 -26851
8 8 5 9 -28267
21 -19 22 -21 -30419
-24 2 -24 4 -25767
12 -3 12 -2 -24925
-5 19 -6 18 -25043
11 -22 16 -24 -24927
-3 -13 0 -11 -27429
-3 0 -2 -2 -28375
10 22 13 21 -25151
-1 10 3 11 -27353
-4 -22 -7 -20 -28975
-20 10 -16 10 -25253
17 -12 17 -15 -27561
-7 7 -9 4 -26989
4 -24 -4 -23 -29177
-6 -2 -7 -3 -30329
18 -10 20 -9 -28453
-1 6 -4 6 -27145
-9 13 -10 14 -26059
-6 -24 -5 -22 -22717
-19 -11 -20 -10 -30763
-6 21 2 22 -24799
22 14 21 12 -28341
-7 -19 -7 -16 -26439
17 5 14 7 -23531
17 19 17 20 -26351
19 -18 -14 -17 -33991
22 12 23 10 -26719
-12 -10 -12 -13 -27957
-23 12 -24 17 -24881
-9 -8 -8 -8 -29443
5 20 9 22 -28713
-6 17 -6 18 -24901
12 -2 16 -3 -25855
16 -8 22 -8 -28907
5 22 4 23 -23751
18 10 18 8 -26785
-13 -22 -17 -23 -27601
5 -4 8 -4 -27645
23 20 23 23 -20157
-22 -24 5 -24 -27669
-6 11 -8 12 -25087
-14 -9 -12 -5 -29601
9 22 23 23 -24097
-24 2 -23 -2 -27775
1 -12 3 -14 -30281
23 17 21 15 -29555
-8 18 -16 14 -32625
18 -22 22 -24 -25519
-9 23 -8 23 -23427
21 7 20 8 -29095
-16 -11 -19 -11 -29817
23 -10 -2 -9 -31677
21 -24 16 -24 -27731
-8 20 -9 21 -28815
-7 -6 -9 -5 -29093
-4 -23 0 -22 -27937
-13 -20 -12 -23 -28911
15 -22 15 -23 -29267
10 6 9 6 -24389
24 12 24 1 -25973
-3 16 -4 16 -24801
-4 -12 -6 -13 -27975
4 -10 2 -9 -27153
21 -10 21 -6 -25013
-20 -1 -19 -2 -29015
-13 2 -14 3 -27065
14 -11 15 -9 -30417
-17 13 -18 12 -24801
19 -6 21 -4 -27103
20 10 23 13 -27905
22 16 23 18 -26759
-11 -19 -9 -17 -29707
-1 -11 -2 -10 -25745
-24 -23 -22 -24 -19493
14 12 9 14 -29445
11 -16 12 -14 -25429
-11 22 -9 23 -20955
0 -14 4 -13 -27639
-13 -20 -14 -20 -26039
-24 -3 -22 -11 -26705
14 -11 13 -14 -26461
20 -15 21 -13 -29191
-24 -15 -23 -19 -23535
2 -12 1 -9 -29591
-10 23 -13 23 -23019
14 -24 14 -23 -22931
-23 23 -24 21 -21561
-24 7 -19 7 -23205
-7 -24 -9 -23 -23409
9 8 9 5 -28321
-12 21 -14 21 -28385
-3 22 -13 5 -36445
-14 1 -14 -1 -29677
0 14 1 15 -24703
-14 19 -14 23 -28979
-23 -20 -23 -19 -26725
-13 -16 -11 -16 -28285
5 0 2 1 -29613
18 -23 16 -23 -26755
2 -24 5 -22 -22893
0 18 -2 22 -28603
-22 -15 20 -5 -35397
-8 11 -8 12 -25621
-7 15 -7 17 -25819
-7 11 -5 11 -25265
15 -6 16 -6 -25625
-16 1 -17 -3 -30381
23 -24 -2 -23 -26713
8 3 9 1 -24365
16 -21 14 -24 -27249
20 9 23 10 -24985
23 -11 20 -12 -29177
-21 21 -22 22 -28219
5 19 3 19 -27711
-23 8 -23 12 -25727
21 -12 23 -11 -27523
-4 8 -3 10 -26359
-14 -15 -16 -14 -27595
19 4 10 2 -29407
-16 -16 -16 -15 -25845
21 -5 19 -3 -28233
21 -15 21 -16 -26589
3 -23 9 -23 -24277
20 20 23 16 -24619
7 -20 6 -23 -21597
-8 7 -7 9 -26625
-16 -23 -23 -23 -28837
14 1 9 1 -26181
-17 -9 -19 -8 -33257
4 -7 22 -14 -33229
-3 21 11 4 -40349
-9 -21 -8 -21 -26493
17 23 18 20 -26273
-21 23 -24 19 -29557
4 -22 6 -24 -21651
22 12 23 11 -25799
-13 -24 -14 -24 -22857
-15 15 -14 20 -27417
-18 20 -17 23 -29055
-6 -8 -6 -13 -28623
15 14 15 16 -28563
-14 13 -12 12 -27381
21 21 22 12 -29719
-8 -23 -11 -24 -22725
-15 -20 -16 -17 -26499
-5 -9 0 -9 -28653
-17 5 -7 -14 -41943
