5 -20 5 -18 -26873
10 -10 12 -12 -27807
22 10 23 19 -29933
-11 3 -12 4 -30265
6 2 5 3 -27663
-9 16 -9 14 -30293
-15 23 -8 23 -27661
-14 -11 -13 -10 -28833
2 21 6 22 -25699
-22 9 -22 11 -25047
-21 -22 -16 -24 -26639
14 -22 23 -23 -27953
-13 17 -11 18 -29349
23 -22 -4 21 -35573
2 17 5 17 -29231
0 -24 8 -24 -26497
-14 -6 -13 -7 -29269
-4 -24 -6 -23 -21027
-24 -5 -22 -6 -23193
-24 4 -24 0 -27705
-12 15 0 -4 -44655
-21 -19 -20 -20 -29113
15 19 12 20 -30761
-11 19 -11 16 -30775
-4 11 -3 10 -27981
3 23 6 21 -27293
7 -18 8 -20 -27435
16 23 8 23 -29829
-6 21 -6 20 -27787
-24 -15 23 -23 -29845
-20 -18 -19 -18 -27249
-5 13 -4 14 -28215
11 -3 10 -3 -25607
20 -22 20 -23 -26519
-23 -7 -23 -3 -25233
4 -24 4 -23 -23829
17 14 18 14 -27115
-23 -10 -22 -14 -26685
9 22 18 23 -30557
1 -16 6 -18 -31665
20 -23 19 -23 -25741
-13 -19 -14 -20 -28799
-21 -5 -16 -5 -24059
23 -10 18 -8 -29537
-20 12 16 -16 -40567
20 -10 18 -11 -30173
-23 -10 -21 -11 -24873
12 1 6 2 -30287
21 9 20 8 -28317
-3 -9 -1 -10 -28715
17 3 13 4 -28257
-8 13 -9 12 -29047
8 -15 8 -16 -28523
23 2 22 9 -28569
-3 23 -2 21 -26005
-13 -23 -11 -24 -25095
12 10 14 11 -27743
-13 -24 -10 -24 -28289
-10 -20 -8 -19 -24969
23 1 21 4 -25893
-15 10 -14 7 -30063
-1 -4 1 -4 -28299
-13 -4 -15 -4 -28063
6 -15 6 -11 -34355
-10 4 -9 5 -27761
-7 -1 -8 -3 -24293
20 19 23 21 -28155
13 -11 11 -11 -24753
-23 23 -2 20 -28955
-5 17 -1 19 -29185
21 -16 22 -17 -25637
-24 -6 -21 0 -26789
22 -6 21 -3 -23463
-15 -5 -15 -2 -27353
-15 -1 -15 -2 -27497
7 20 7 21 -29643
-11 13 -10 13 -28495
10 -2 11 0 -26489
-3 8 1 4 -31507
-5 17 -4 16 -29697
10 -24 -24 -24 -27925
7 6 7 7 -28049
-10 -1 -12 -1 -28689
22 9 22 11 -22461
6 -1 4 -4 -27181
5 -5 4 -5 -26971
-15 15 -18 16 -21835
23 18 20 19 -32615
12 0 11 1 -30397
-8 -12 -6 -11 -26075
18 -12 18 -11 -29045
-4 -1 8 -6 -37713
-2 -16 -1 -16 -26595
2 13 6 13 -27591
23 -4 23 4 -28027
15 23 -11 21 -31841
-9 16 -10 15 -30261
-10 -21 -11 -23 -23999
10 20 11 23 -27943
9 -7 9 -10 -27505
9 -1 9 0 -28559
-3 21 0 21 -29687
23 13 19 12 -27653
10 0 6 3 -30719
-8 -22 -8 -23 -19193
18 -5 17 -8 -28133
-9 0 -7 -1 -27793
-16 12 -17 11 -27181
9 16 7 15 -28879
17 21 23 20 -32667
-12 -9 -8 -8 -27747
-2 -18 -3 -14 -22183
23 -23 21 -18 -29391
-18 1 -18 -1 -28673
21 -3 10 20 -38505
5 -22 8 -22 -27257
23 -4 21 -6 -25777
-5 17 -6 16 -30307
-19 -4 -22 -5 -26999
1 18 -1 20 -28911
10 5 12 4 -30829
13 -8 17 -8 -28101
-23 -12 -21 -10 -26325
-4 -15 -5 -17 -22453
-2 -7 -5 -8 -27283
6 22 10 22 -30187
6 -8 6 -6 -30359
-24 4 -21 2 -25751
7 23 7 22 -19951
-4 9 -4 7 -28213
21 19 23 18 -32233
11 -22 11 -23 -26111
19 -22 13 -23 -26427
-18 4 -23 4 -26587
0 21 4 21 -31121
9 -17 -21 -10 -36253
18 0 16 -1 -27173
23 -19 19 -22 -29023
14 -3 15 -10 -30375
9 -21 13 -21 -26493
-15 22 -13 21 -22905
-19 19 -18 20 -29177
7 -13 6 -13 -26567
14 -12 14 -9 -29611
-19 20 -24 21 -27795
-2 21 1 23 -30845
21 22 19 21 -29763
18 18 17 17 -24941
12 13 16 14 -28099
-4 8 -1 7 -30287
23 -9 23 -6 -22765
-13 -19 -11 -19 -28179
13 3 15 5 -27691
-9 19 -8 16 -31689
16 20 15 23 -27197
20 -2 23 0 -29755
-14 -4 -16 -3 -28085
5 15 3 14 -28553
-24 -14 -23 -15 -21275
-24 2 -24 0 -26097
2 -21 0 -24 -28645
-7 9 -9 10 -30109
16 6 17 5 -28483
-2 -19 -2 -22 -24907
10 6 9 7 -30571
22 -21 22 -19 -26717
5 -22 7 -24 -25651
-21 0 -17 1 -24767
9 -9 11 -9 -26699
-24 -24 -24 -21 -30143
1 -23 0 -21 -26831
-1 21 -2 19 -30081
-21 -3 -24 1 -26447
-24 12 -21 10 -20889
-9 7 -10 7 -28637
-18 -23 -17 -20 -25659
-5 -6 -5 -5 -25281
17 -17 17 -19 -26841
13 10 15 8 -28033
21 22 -23 22 -30267
-3 -19 -5 -18 -26553
-24 -22 -23 -18 -25189
-15 -23 -16 -24 -23689
19 1 17 1 -27845
-16 12 -13 14 -30047
-24 -8 -24 -9 -19561
23 19 22 21 -32995
-20 9 -23 8 -27533
23 -15 23 -13 -25345
9 12 9 15 -30679
-12 15 -11 12 -29873
7 -23 6 -24 -24127
-15 -11 -13 -13 -29019
-18 14 -18 13 -25143
1 11 2 9 -27773
11 -2 13 -3 -26537
-3 15 0 14 -29455
-24 -2 -22 -6 -25969
11 23 20 22 -31775
-4 -2 -2 -5 -26389
-7 23 -11 20 -31447
-1 21 2 21 -33603
-10 23 2 23 -30823
4 7 4 8 -28863
7 -10 11 -10 -27707
18 -23 18 -24 -21509
7 -7 10 -8 -24771
2 0 1 1 -27373
3 -8 4 -12 -29925
23 23 22 18 -29263
20 19 19 19 -29651
11 10 9 9 -26819
8 -10 7 -15 -33115
15 -16 16 -19 -29577
0 23 -1 23 -27089
6 12 9 10 -29927
23 -13 22 -10 -26749
5 -12 3 -12 -26271
-4 17 -7 18 -27889
-11 -15 -17 -16 -27227
23 -17 20 -20 -31023
-4 -20 -8 -19 -28835
-6 19 -9 18 -32043
-16 12 -15 9 -28543
13 -24 -8 -24 -26939
-22 -4 -24 -4 -20029
-13 -5 -14 -6 -27209
11 15 9 17 -27299
14 -24 14 -21 -31235
20 -7 20 -10 -25251
2 -3 1 -1 -26929
21 7 22 5 -28477
-20 3 -20 5 -27435
-11 22 -5 23 -27569
-13 2 -16 2 -25967
-1 -23 3 -22 -27307
-22 21 -23 23 -17317
-23 -21 -22 -22 -27333
-15 19 -15 20 -26303
-8 -3 -12 -4 -30823
6 19 4 21 -29337
23 -24 20 -22 -20465
-5 -9 -4 -12 -27985
-24 18 -20 12 -25881
-23 11 -22 18 -28317
2 -13 -1 -8 -32387
22 -1 21 -3 -28819
3 -7 6 -6 -27613
-17 -22 -24 -24 -27323
-14 -14 -11 -15 -27957
-22 18 23 23 -30541
-22 -24 -18 -24 -26719
12 19 13 20 -28727
-11 9 -12 7 -29079
-21 22 -19 23 -22899
13 -7 12 -6 -25369
5 -11 9 -13 -29911
11 -17 13 -17 -26229
-6 22 -7 23 -26313
18 20 19 19 -32313
-8 -15 -5 -15 -23923
12 21 12 17 -32845
22 5 22 2 -26065
16 -15 16 -14 -25949
16 7 14 7 -26163
8 -24 12 -24 -21367
-13 -11 -14 -13 -29841
-8 -15 -11 -14 -23787
10 -17 9 -16 -26699
23 -17 22 -18 -26583
-24 -22 -21 -17 -28953
-12 13 -12 10 -27833
23 -14 -11 -9 -30851
17 23 17 20 -27637
19 0 21 -1 -26783
4 20 1 23 -28557
18 -20 19 -21 -28673
6 -2 5 -2 -27383
12 23 14 22 -28461
16 -23 16 -22 -31403
21 -13 23 -12 -23477
-7 12 -15 -8 -38605
16 1 16 5 -29107
-24 1 -24 23 -26539
-19 -18 -19 -17 -26207
14 -15 17 -15 -27627
-7 7 -1 8 -29265
6 -17 8 -16 -26597
15 13 15 12 -29751
5 -24 10 -24 -24723
-24 -16 -23 -18 -24069
21 6 23 7 -26745
2 -24 1 -22 -25549
-1 18 0 16 -27961
18 4 21 5 -30299
23 15 20 12 -27217
-22 7 -22 8 -23563
-18 -13 -17 -11 -26981
19 1 23 1 -27593
-17 3 -15 4 -26695
23 -16 23 -14 -25255
-24 -16 -20 -16 -27461
15 10 21 9 -30579
16 -24 13 -22 -27277
-22 16 -24 22 -24187
17 -1 15 0 -27549
-14 -24 -18 -22 -24807
-8 -1 -9 -10 -27701
13 -20 16 -21 -28499
-16 -24 4 -22 -30963
-24 -23 2 -24 -26923
21 3 22 -20 -30167
-10 2 -6 1 -30243
5 19 9 20 -28909
-19 -22 -21 -23 -29067
-10 11 -9 11 -30389
1 -8 5 -9 -29263
-10 23 -14 21 -29983
1 7 0 6 -27907
-13 2 -12 3 -25963
-24 -19 -23 -20 -25209
-24 -17 -22 -15 -23581
-17 9 -21 8 -27859
22 11 10 2 -38965
2 19 0 17 -32195
7 0 6 -2 -27763
21 -12 22 -15 -29525
23 16 1 14 -30139
19 -8 17 -8 -30313
23 14 23 16 -23795
-9 -16 -10 -18 -24287
-8 6 -8 8 -28971
-24 12 -21 16 -29049
-17 5 -20 6 -24877
-10 -8 -8 -11 -26721
20 13 23 11 -25285
-7 -6 -10 -6 -27349
6 6 8 4 -29185
13 -8 14 -7 -26621
-8 4 -7 4 -26531
21 20 22 22 -29257
12 6 11 5 -27719
16 23 20 22 -28009
7 -3 6 -1 -28695
-16 1 -16 4 -30993
-10 -5 -14 -5 -30355
3 -19 2 -22 -26575
21 14 18 15 -30493
-2 2 -2 -24 -30129
18 10 19 6 -26895
5 -9 4 -13 -31259
22 15 21 20 -32783
-2 -1 -5 -1 -29713
9 -8 7 -4 -30185
-17 -8 -15 -8 -22325
-3 13 -8 14 -30571
6 -16 5 -13 -32285
6 -16 5 -6 -38753
8 20 8 19 -30473
-13 16 -14 14 -29543
-23 17 -24 17 -15429
-18 -14 -21 -12 -28275
-11 24 -16 22 -27001
-24 -17 -21 -17 -25541
-1 0 -3 0 -29749
-18 -9 -15 -13 -30507
-10 -10 -10 -14 -30585
-18 22 -15 23 -22861
19 -12 21 -13 -27729
14 23 17 23 -25415
-1 -23 -4 -22 -24713
9 -21 11 -19 -26107
19 -9 22 -10 -29591
19 -4 22 -6 -23803
20 8 23 8 -27961
-9 -2 -6 -5 -26201
-22 6 -24 3 -26227
-14 12 -13 12 -29075
-1 -18 23 -24 -25305
-24 -23 -24 -24 -21399
-17 -21 -14 -20 -30879
-1 -10 2 -11 -27609
-1 5 -3 5 -29209
15 -10 18 -10 -28533
-17 2 -16 1 -26049
4 23 14 23 -31545
-1 -6 2 -8 -29267
20 5 21 5 -31025
14 -21 15 -20 -25367
6 17 8 19 -28945
-19 -17 -19 -14 -26309
-12 -19 -12 -15 -26111
-24 8 -24 10 -23035
3 13 2 12 -27461
15 -3 14 -1 -27019
16 -12 15 -10 -28687
2 -17 5 -17 -28899
23 20 20 23 -29791
2 13 1 14 -28353
-10 23 -10 21 -25625
-1 9 4 10 -26993
1 -6 1 -9 -28455
-24 -21 -24 -24 -29839
-5 -7 -6 -6 -25467
1 16 -1 14 -28477
-1 -21 -4 -23 -27613
-24 1 -22 2 -22961
-4 4 -3 5 -23133
-13 3 -13 -2 -29609
-7 9 -24 10 -33351
11 23 3 23 -30079
14 14 14 13 -30635
12 12 9 13 -27941
11 6 10 6 -28481
-9 -22 -8 -22 -24687
5 -3 3 -7 -26379
-11 -18 -10 -21 -24857
-12 -23 -9 -23 -28679
13 -19 15 -22 -30931
3 -6 2 -7 -26497
-9 20 -11 21 -28599
16 19 -14 20 -38725
-9 23 -4 21 -29937
23 -20 19 -18 -28933
-20 -6 -23 -9 -26933
21 -1 22 2 -28389
18 8 16 6 -29581
-8 8 -4 9 -26555
-6 -1 -6 3 -25051
22 23 19 22 -23901
-16 12 -13 11 -28353
-21 -3 -21 -5 -27215
20 -5 19 -5 -25273
2 -23 -5 -24 -26641
-10 10 -9 8 -30993
-20 -24 -19 -23 -26813
-4 -6 -8 -7 -26207
-17 -16 -16 -19 -28857
22 -5 21 -7 -26481
6 14 6 11 -29971
0 9 23 9 -28699
-14 -21 -15 -21 -29877
5 8 7 6 -28985
-23 3 -24 2 -23271
-23 15 -21 17 -25197
9 4 8 1 -23647
21 1 -21 16 -35449
-19 19 -18 17 -23501
-17 17 -21 15 -28005
-24 -14 -23 -7 -25281
-9 -20 -7 -22 -27403
10 -16 10 -17 -27419
-4 23 -5 21 -26923
-6 -12 -6 -11 -25831
-24 -8 -24 -19 -27399
21 -3 20 2 -29267
-10 4 -15 4 -30411
6 11 5 12 -28641
4 8 6 8 -23571
-2 -12 -3 -12 -27369
-17 7 -16 8 -27453
10 -19 11 -20 -25977
2 5 4 5 -25413
-21 22 -23 18 -28281
23 -23 18 -24 -24231
-23 2 -24 4 -23043
16 -18 19 -18 -24327
-17 22 -19 20 -27875
12 -24 15 -23 -21735
-19 23 5 24 -29573
15 -7 19 -6 -30615
11 19 12 19 -27241
23 12 23 13 -23141
1 -23 4 -24 -23637
-24 10 -23 15 -26387
15 14 16 14 -26705
-14 4 -14 5 -26813
-12 -8 -12 -7 -24383
0 10 -2 8 -26389
14 -12 13 -14 -26073
23 6 20 7 -29203
-14 16 -12 15 -29167
-18 -7 -18 -6 -25001
12 1 10 2 -30515
-23 5 -21 8 -25575
-20 19 -24 22 -24599
1 12 0 13 -29247
-13 -22 -16 -23 -30155
0 -16 1 -13 -24361
-8 7 -7 5 -31855
-5 12 -5 13 -26095
20 -17 23 -16 -27735
-20 16 -22 16 -25047
-9 -12 -8 -11 -28807
-4 -10 0 -9 -27957
21 -23 21 -20 -29725
10 22 8 23 -26089
-9 -14 -9 -15 -24895
4 8 3 10 -30211
-22 8 -20 7 -25335
23 20 23 17 -30443
7 -21 7 -24 -27601
-21 22 -22 19 -27951
9 12 7 11 -27491
11 13 13 11 -30553
-17 -20 -16 -22 -25323
-23 20 -19 20 -27859
-14 21 -15 23 -22711
-23 -8 -19 -8 -27331
3 -17 1 -15 -29505
-4 -22 -7 -23 -22657
0 -10 1 -7 -26645
