5 -20 5 -18 -27962
10 -10 12 -12 -28298
22 10 23 19 -30188
-11 3 -12 4 -31144
6 2 5 3 -27334
-9 16 -9 14 -30710
-15 23 -8 23 -27580
-14 -11 -13 -10 -30252
2 21 6 22 -25732
-22 9 -22 11 -25286
-21 -22 -16 -24 -28012
14 -22 23 -23 -27972
-13 17 -11 18 -29714
15 -12 -9 15 -43266
2 17 5 17 -29046
0 -24 8 -24 -27122
-14 -6 -13 -7 -31474
-4 -24 -6 -23 -22484
-24 -5 -22 -6 -24250
-24 4 -24 0 -28874
-1 -6 -20 -6 -37724
-21 -19 -20 -20 -30644
15 19 12 20 -29994
-11 19 -11 16 -31738
-4 11 -3 10 -28280
3 23 6 21 -27438
7 -18 8 -20 -27734
16 23 8 23 -29484
-6 21 -6 20 -28652
-24 -15 23 -23 -32532
-20 -18 -19 -18 -28722
-5 13 -4 14 -28940
11 -3 10 -3 -26284
20 -22 20 -23 -25900
-23 -7 -23 -3 -29198
4 -24 4 -23 -23756
17 14 18 14 -26418
-23 -10 -22 -14 -27964
9 22 18 23 -30134
1 -16 6 -18 -32120
20 -23 19 -23 -25990
-13 -19 -14 -20 -29430
-21 -5 -16 -5 -24984
23 -10 18 -8 -30208
-21 -13 21 -2 -39232
20 -10 18 -11 -31390
-23 -10 -21 -11 -25788
12 1 6 2 -30698
21 9 20 8 -27236
-3 -9 -1 -10 -28690
17 3 13 4 -28412
-8 13 -9 12 -29234
8 -15 8 -16 -28708
23 2 22 9 -27864
-3 23 -2 21 -26098
-13 -23 -11 -24 -26084
12 10 14 11 -27204
-13 -24 -10 -24 -29140
-10 -20 -8 -19 -26002
23 1 21 4 -25848
-15 10 -14 7 -30144
-1 -4 1 -4 -27286
-13 -4 -15 -4 -30108
6 -15 6 -11 -33580
-10 4 -9 5 -27072
-7 -1 -8 -3 -25522
20 19 23 21 -28382
13 -11 11 -11 -26340
-23 23 -2 20 -28700
-5 17 -1 19 -29238
21 -16 22 -17 -25656
-24 -6 -21 0 -30970
22 -6 21 -3 -23890
-15 -5 -15 -2 -33274
-15 -1 -15 -2 -31478
7 20 7 21 -30542
-11 13 -10 13 -28150
10 -2 11 0 -27168
-3 8 1 4 -31204
-5 17 -4 16 -29858
10 -24 -24 -24 -29506
7 6 7 7 -27256
-10 -1 -12 -1 -30584
22 9 22 11 -22560
6 -1 4 -4 -28316
5 -5 4 -5 -25592
-15 15 -18 16 -22806
23 18 20 19 -32118
12 0 11 1 -30502
-8 -12 -6 -11 -27432
18 -12 18 -11 -29962
3 -20 22 -9 -36126
-2 -16 -1 -16 -26940
2 13 6 13 -28226
23 -4 23 4 -28896
15 23 -11 21 -29824
-9 16 -10 15 -30432
-10 -21 -11 -23 -24986
10 20 11 23 -29462
9 -7 9 -10 -26838
9 -1 9 0 -28466
-3 21 0 21 -29486
23 13 19 12 -27512
10 0 6 3 -29862
-8 -22 -8 -23 -20084
18 -5 17 -8 -29626
-9 0 -7 -1 -27964
-16 12 -17 11 -27416
9 16 7 15 -28876
17 21 23 20 -31870
-12 -9 -8 -8 -29584
-2 -18 -3 -14 -23546
23 -23 21 -18 -29506
-18 1 -18 -1 -32162
21 2 -21 -6 -39340
5 -22 8 -22 -28214
23 -4 21 -6 -26146
-5 17 -6 16 -30732
-19 -4 -22 -5 -29030
1 18 -1 20 -29448
10 5 12 4 -31362
13 -8 17 -8 -28834
-23 -12 -21 -10 -27284
-4 -15 -5 -17 -23364
-2 -7 -5 -8 -28418
6 22 10 22 -30448
6 -8 6 -6 -30004
-24 4 -21 2 -26692
7 23 7 22 -20600
-4 9 -4 7 -28214
21 19 23 18 -32156
11 -22 11 -23 -26306
19 -22 13 -23 -26800
-18 4 -23 4 -27538
0 21 4 21 -31040
-21 -13 -19 5 -38504
18 0 16 -1 -27584
23 -19 19 -22 -29058
14 -3 15 -10 -31250
9 -21 13 -21 -28106
-15 22 -13 21 -24264
-19 19 -18 20 -29168
7 -13 6 -13 -27632
14 -12 14 -9 -29698
-19 20 -24 21 -27990
-2 21 1 23 -30966
21 22 19 21 -29644
18 18 17 17 -25822
12 13 16 14 -27058
-4 8 -1 7 -31184
23 -9 23 -6 -23536
-13 -19 -11 -19 -28842
13 3 15 5 -27038
-9 19 -8 16 -31830
16 20 15 23 -27318
20 -2 23 0 -28956
-14 -4 -16 -3 -30384
5 15 3 14 -28490
-24 -14 -23 -15 -21628
-24 2 -24 0 -27402
2 -21 0 -24 -28990
-7 9 -9 10 -29980
16 6 17 5 -28160
-2 -19 -2 -22 -24862
10 6 9 7 -29730
22 -21 22 -19 -26740
5 -22 7 -24 -26246
-21 0 -17 1 -25754
9 -9 11 -9 -27694
-24 -24 -24 -21 -30454
1 -23 0 -21 -27712
-1 21 -2 19 -30682
-21 -3 -24 1 -27576
-24 12 -21 10 -21028
-9 7 -10 7 -29422
-18 -23 -17 -20 -25604
-5 -6 -5 -5 -24892
17 -17 17 -19 -28050
13 10 15 8 -28200
21 22 -23 22 -29174
-3 -19 -5 -18 -28762
-24 -22 -23 -18 -26234
-15 -23 -16 -24 -23468
19 1 17 1 -28648
-16 12 -13 14 -30518
-24 -8 -24 -9 -21560
23 19 22 21 -32992
-20 9 -23 8 -27818
23 -15 23 -13 -25962
9 12 9 15 -30514
-12 15 -11 12 -30082
7 -23 6 -24 -24846
-15 -11 -13 -13 -30346
-18 14 -18 13 -25060
1 11 2 9 -28604
11 -2 13 -3 -26546
-3 15 0 14 -29702
-24 -2 -22 -6 -28972
11 23 20 22 -30998
-4 -2 -2 -5 -26098
-7 23 -11 20 -31480
-1 21 2 21 -33554
-10 23 2 23 -30324
4 7 4 8 -28526
7 -10 11 -10 -28732
18 -23 18 -24 -21406
7 -7 10 -8 -24728
2 0 1 1 -26430
3 -8 4 -12 -28178
23 23 22 18 -30102
20 19 19 19 -28942
11 10 9 9 -27282
8 -10 7 -15 -33120
15 -16 16 -19 -30302
0 23 -1 23 -28132
6 12 9 10 -30126
23 -13 22 -10 -27014
5 -12 3 -12 -27284
-4 17 -7 18 -28974
-11 -15 -17 -16 -29366
23 -17 20 -20 -31490
-4 -20 -8 -19 -30434
-6 19 -9 18 -31358
-16 12 -15 9 -28740
13 -24 -8 -24 -28052
-22 -4 -24 -4 -20544
-13 -5 -14 -6 -28956
11 15 9 17 -27694
14 -24 14 -21 -31454
20 -7 20 -10 -25576
2 -3 1 -1 -26288
21 7 22 5 -28040
-20 3 -20 5 -28644
-11 22 -5 23 -27734
-13 2 -16 2 -27068
-1 -23 3 -22 -27584
-22 21 -23 23 -17258
-23 -21 -22 -22 -27616
-15 19 -15 20 -27462
-8 -3 -12 -4 -32424
6 19 4 21 -29674
23 -24 20 -22 -20770
-5 -9 -4 -12 -28036
-24 18 -20 12 -27486
-23 11 -22 18 -29696
2 -13 -1 -8 -31756
22 -1 21 -3 -28568
3 -7 6 -6 -28236
-17 -22 -24 -24 -28110
-14 -14 -11 -15 -29158
-22 18 23 23 -29888
-22 -24 -18 -24 -28068
12 19 13 20 -29580
-11 9 -12 7 -28564
-21 22 -19 23 -23128
13 -7 12 -6 -25314
5 -11 9 -13 -29758
11 -17 13 -17 -27682
-6 22 -7 23 -26990
18 20 19 19 -32160
-8 -15 -5 -15 -25512
12 21 12 17 -32960
22 5 22 2 -25608
16 -15 16 -14 -26632
16 7 14 7 -25754
8 -24 12 -24 -22984
-13 -11 -14 -13 -31262
-8 -15 -11 -14 -25448
10 -17 9 -16 -27322
23 -17 22 -18 -27050
-24 -22 -21 -17 -28978
-12 13 -12 10 -27886
23 -14 -11 -9 -32182
17 23 17 20 -28236
19 0 21 -1 -26918
4 20 1 23 -28862
18 -20 19 -21 -28484
6 -2 5 -2 -26608
12 23 14 22 -27336
16 -23 16 -22 -30990
21 -13 23 -12 -24134
3 -19 -23 -17 -35804
16 1 16 5 -28406
-24 1 -24 23 -27968
-19 -18 -19 -17 -26282
14 -15 17 -15 -28164
-7 7 -1 8 -30370
6 -17 8 -16 -28656
15 13 15 12 -29862
5 -24 10 -24 -26034
-24 -16 -23 -18 -24696
21 6 23 7 -25804
2 -24 1 -22 -26476
-1 18 0 16 -28766
18 4 21 5 -29232
23 15 20 12 -27304
-22 7 -22 8 -24066
-18 -13 -17 -11 -28390
19 1 23 1 -27442
-17 3 -15 4 -27736
23 -16 23 -14 -26068
-24 -16 -20 -16 -28396
15 10 21 9 -29990
16 -24 13 -22 -27492
-22 16 -24 22 -25270
17 -1 15 0 -27162
-14 -24 -18 -22 -26092
-8 -1 -9 -10 -29728
13 -20 16 -21 -28492
-16 -24 4 -22 -32474
-24 -23 2 -24 -31162
21 3 22 -20 -31318
-10 2 -6 1 -30858
5 19 9 20 -28762
-19 -22 -21 -23 -29634
-10 11 -9 11 -30934
1 -8 5 -9 -28202
-10 23 -14 21 -30588
1 7 0 6 -28748
-13 2 -12 3 -26592
-24 -19 -23 -20 -25474
-24 -17 -22 -15 -23736
-17 9 -21 8 -27594
-10 15 4 -19 -44240
2 19 0 17 -32666
7 0 6 -2 -28388
21 -12 22 -15 -29630
23 16 1 14 -29276
19 -8 17 -8 -30698
23 14 23 16 -24778
-9 -16 -10 -18 -25350
-8 6 -8 8 -28604
-24 12 -21 16 -28586
-17 5 -20 6 -25332
-10 -8 -8 -11 -27934
20 13 23 11 -25594
-7 -6 -10 -6 -28972
6 6 8 4 -28334
13 -8 14 -7 -28706
-8 4 -7 4 -27536
21 20 22 22 -29404
12 6 11 5 -26968
16 23 20 22 -28032
7 -3 6 -1 -27604
-16 1 -16 4 -31696
-10 -5 -14 -5 -32364
3 -19 2 -22 -27634
21 14 18 15 -29690
-2 2 -2 -24 -31528
18 10 19 6 -26298
5 -9 4 -13 -30764
22 15 21 20 -33224
-2 -1 -5 -1 -29524
9 -8 7 -4 -29524
-17 -8 -15 -8 -24358
-3 13 -8 14 -30682
6 -16 5 -13 -30886
-16 1 -16 -8 -39832
8 20 8 19 -31076
-13 16 -14 14 -30104
-23 17 -24 17 -16110
-18 -14 -21 -12 -28778
-11 24 -16 22 -27530
-24 -17 -21 -17 -26386
-1 0 -3 0 -30190
-18 -9 -15 -13 -31718
-10 -10 -10 -14 -32170
-18 22 -15 23 -22906
19 -12 21 -13 -27512
14 23 17 23 -25318
-1 -23 -4 -22 -26518
9 -21 11 -19 -27962
19 -9 22 -10 -29558
19 -4 22 -6 -24202
20 8 23 8 -28312
-9 -2 -6 -5 -27138
-22 6 -24 3 -27182
-14 12 -13 12 -28998
-1 -18 23 -24 -26602
-24 -23 -24 -24 -21554
-17 -21 -14 -20 -31564
-1 -10 2 -11 -27928
-1 5 -3 5 -29828
15 -10 18 -10 -29482
-17 2 -16 1 -26534
4 23 14 23 -31624
-1 -6 2 -8 -27896
20 5 21 5 -30694
14 -21 15 -20 -26662
6 17 8 19 -29510
-19 -17 -19 -14 -26894
-12 -19 -12 -15 -26636
-24 8 -24 10 -23186
3 13 2 12 -28064
15 -3 14 -1 -26096
16 -12 15 -10 -29064
2 -17 5 -17 -29992
23 20 20 23 -29452
2 13 1 14 -28476
-10 23 -10 21 -26656
-1 9 4 10 -27766
1 -6 1 -9 -28704
-24 -21 -24 -24 -30294
-5 -7 -6 -6 -25664
1 16 -1 14 -29204
-1 -21 -4 -23 -28216
-24 1 -22 2 -25064
-4 4 -3 5 -23776
-13 3 -13 -2 -31514
-7 9 -24 10 -33102
11 23 3 23 -30216
14 14 14 13 -30702
12 12 9 13 -27948
11 6 10 6 -28692
-9 -22 -8 -22 -26444
5 -3 3 -7 -27750
-11 -18 -10 -21 -25466
-12 -23 -9 -23 -29448
13 -19 15 -22 -31156
3 -6 2 -7 -27048
-9 20 -11 21 -28208
-10 -18 -5 21 -38346
-9 23 -4 21 -30694
23 -20 19 -18 -29470
-20 -6 -23 -9 -27960
21 -1 22 2 -28006
18 8 16 6 -28072
-8 8 -4 9 -28094
-6 -1 -6 3 -25862
22 23 19 22 -23510
-16 12 -13 11 -29210
-21 -3 -21 -5 -31524
20 -5 19 -5 -25600
2 -23 -5 -24 -27992
-10 10 -9 8 -31326
-20 -24 -19 -23 -27240
-4 -6 -8 -7 -28214
-17 -16 -16 -19 -29434
22 -5 21 -7 -27312
6 14 6 11 -30602
0 9 23 9 -28112
-14 -21 -15 -21 -30800
5 8 7 6 -28752
-23 3 -24 2 -24944
-23 15 -21 17 -25652
9 4 8 1 -24006
21 1 -21 16 -35754
-19 19 -18 17 -24420
-17 17 -21 15 -28074
-24 -14 -23 -7 -27024
-9 -20 -7 -22 -28506
10 -16 10 -17 -27750
-4 23 -5 21 -27348
-6 -12 -6 -11 -26720
-24 -8 -24 -19 -28484
21 -3 20 2 -30054
-10 4 -15 4 -32046
6 11 5 12 -28606
4 8 6 8 -22916
-2 -12 -3 -12 -28700
-17 7 -16 8 -28026
10 -19 11 -20 -26312
2 5 4 5 -25724
-21 22 -23 18 -28872
23 -23 18 -24 -24614
-23 2 -24 4 -23976
16 -18 19 -18 -24824
-17 22 -19 20 -27746
12 -24 15 -23 -22990
-19 23 5 24 -28680
15 -7 19 -6 -31276
11 19 12 19 -26772
23 12 23 13 -23628
1 -23 4 -24 -24336
-24 10 -23 15 -27152
15 14 16 14 -25576
-14 4 -14 5 -26688
-12 -8 -12 -7 -25536
0 10 -2 8 -27266
14 -12 13 -14 -27758
23 6 20 7 -29274
-14 16 -12 15 -28858
-18 -7 -18 -6 -28826
12 1 10 2 -31154
-23 5 -21 8 -26672
-20 19 -24 22 -25862
1 12 0 13 -29262
-13 -22 -16 -23 -30220
0 -16 1 -13 -24812
-8 7 -7 5 -32908
-5 12 -5 13 -26784
20 -17 23 -16 -28144
-20 16 -22 16 -25532
-9 -12 -8 -11 -29936
-4 -10 0 -9 -29512
21 -23 21 -20 -30206
10 22 8 23 -25118
-9 -14 -9 -15 -25262
4 8 3 10 -30024
-22 8 -20 7 -26486
23 20 23 17 -31408
7 -21 7 -24 -27338
-21 22 -22 19 -28244
9 12 7 11 -26826
11 13 13 11 -29868
-17 -20 -16 -22 -26592
-23 20 -19 20 -28426
-14 21 -15 23 -24100
-23 -8 -19 -8 -28242
3 -17 1 -15 -29872
-4 -22 -7 -23 -23880
0 -10 1 -7 -27412
