119 0
15 0
114 0
119 0
136 0
14 0
16 0
-17 0
-4 0
206 0
199 0
63 0
102 0
111 0
92 0
11 0
2 0
-107 0
-36 0
55 0
127 0
-16 0
-8 0
-82 0
-39 0
110 0
53 0
12 0
-14 0
-86 0
26 0
33 0
-33 0
-50 0
21 0
18 0
8 0
-24 0
-55 0
-52 0
-41 0
-25 0
30 0
47 0
48 0
12 0
21 0
-18 0
-72 0
-61 0
-74 0
47 0
56 0
82 0
-32 0
97 0
50 0
-23 0
-34 0
0 0
42 0
3 0
4 0
-43 0
-60 0
16 0
20 0
-44 0
-23 0
68 0
62 0
-39 0
-59 0
34 0
38 0
-64 0
-21 0
44 0
96 0
88 0
5 0
10 0
62 0
-22 0
8 0
-35 0
-14 0
-38 0
137 0
-8 0
-85 0
33 0
178 0
150 0
73 0
78 0
33 0
68 0
183 0
282 0
287 0
134 0
66 0
-26 0
56 0
61 0
292 0
159 0
30 0
-75 0
24 0
13 0
-10 0
88 0
120 0
87 0
74 0
106 0
185 0
191 0
103 0
-17 0
-38 0
-97 0
-94 0
-11 0
29 0
176 0
137 0
-1 0
-115 0
2 0
29 0
-15 0
-190 0
-228 0
-304 0
-239 0
-134 0
-105 0
-29 0
18 0
-56 0
-108 0
22 0
-2 0
14 0
74 0
3 0
-31 0
-87 0
-70 0
-67 0
-27 0
34 0
142 0
111 0
59 0
-4 0
-49 0
-32 0
-21 0
-14 0
9 0
29 0
84 0
158 0
150 0
140 0
48 0
-38 0
-149 0
-144 0
-82 0
-130 0
-158 0
-109 0
73 0
51 0
47 0
18 0
33 0
113 0
48 0
-12 0
51 0
-34 0
-1 0
23 0
-60 0
-24 0
-16 0
-7 0
-6 0
-75 0
-33 0
-19 0
30 0
-50 0
19 0
-11 0
82 0
115 0
13 0
-107 0
-209 0
-77 0
171 0
47 0
-175 0
-109 0
-35 0
26 0
46 0
-4 0
31 0
98 0
224 0
191 0
118 0
7 0
22 0
23 0
37 0
6 0
-8 0
77 0
51 0
18 0
44 0
-16 0
-47 0
-46 0
-37 0
-67 0
-56 0
-123 0
-90 0
55 0
18 0
-9 0
76 0
65 0
-17 0
-36 0
-42 0
-12 0
71 0
62 0
-28 0
-34 0
13 0
91 0
90 0
-47 0
-1 0
78 0
21 0
32 0
27 0
72 0
111 0
131 0
245 0
231 0
139 0
32 0
-162 0
-61 0
-117 0
-187 0
-187 0
-443 0
110 0
148 0
350 0
297 0
205 0
53 0
-10 0
-60 0
-16 0
5 0
-27 0
-25 0
101 0
33 0
-4 0
41 0
48 0
-74 0
-30 0
-9 0
-35 0
-62 0
-219 0
-187 0
-4 0
23 0
77 0
36 0
23 0
49 0
5 0
29 0
59 0
-8 0
-90 0
-139 0
-20 0
-9 0
36 0
74 0
64 0
14 0
-62 0
-22 0
11 0
38 0
13 0
36 0
3 0
-30 0
-129 0
-52 0
-14 0
-47 0
-29 0
-17 0
0 0
-6 0
25 0
80 0
80 0
-91 0
-172 0
-109 0
6 0
-4 0
-25 0
14 0
-54 0
-141 0
-157 0
-75 0
-73 0
-104 0
59 0
29 0
-31 0
-5 0
28 0
-68 0
10 0
90 0
14 0
37 0
94 0
-61 0
-171 0
-86 0
-93 0
-98 0
-74 0
-44 0
-7 0
53 0
32 0
18 0
51 0
-17 0
32 0
-34 0
-25 0
31 0
-31 0
-9 0
-2 0
13 0
52 0
50 0
20 0
86 0
9 0
-15 0
32 0
32 0
13 0
9 0
12 0
-80 0
-75 0
5 0
9 0
-24 0
16 0
94 0
22 0
-16 0
83 0
-24 0
-171 0
-170 0
3 0
136 0
70 0
-60 0
506 0
574 0
133 0
-44 0
40 0
40 0
-65 0
-134 0
-19 0
-20 0
4 0
-13 0
-72 0
15 0
197 0
178 0
167 0
103 0
99 0
22 0
51 0
-59 0
-89 0
-49 0
56 0
-45 0
-77 0
-46 0
54 0
-45 0
-8 0
-40 0
7 0
-87 0
2 0
-42 0
-19 0
-53 0
32 0
-49 0
-55 0
8 0
6 0
5 0
74 0
-58 0
104 0
227 0
80 0
-50 0
-97 0
-40 0
-67 0
-106 0
-272 0
-29 0
24 0
7 0
-39 0
-132 0
-123 0
-68 0
-136 0
-151 0
-93 0
-3 0
47 0
15 0
41 0
37 0
154 0
172 0
56 0
-20 0
4 0
6 0
-69 0
-9 0
-9 0
25 0
52 0
28 0
1 0
96 0
38 0
-80 0
-98 0
51 0
130 0
-15 0
78 0
0 0
-90 0
-4 0
104 0
76 0
15 0
83 0
-33 0
-84 0
-80 0
59 0
-16 0
57 0
1 0
-68 0
48 0
-36 0
-56 0
4 0
-84 0
-26 0
-16 0
-112 0
-68 0
-28 0
0 0
-124 0
-187 0
-41 0
-19 0
-30 0
40 0
57 0
26 0
12 0
133 0
-25 0
85 0
337 0
415 0
180 0
