 -7  17   0  -5
-12 -18 -23 -22
 23  18  -3  -3
  7  -8   0 -10
-13  20  18  -4
 10 -19   9 -19
-21  10   7  13
-17   1  15   4
-17  23  24   4
  6  -1  17   8
  9  12 -18  11
  5  18   1 -16
  3  -3  -7  21
-12 -24  -8   8
-14  13  -9   3
-22   5   9  16
-10  -1 -11  -6
 -6  -8  18 -13
  4  -5  23  19
  7  24  -1  -9
 15 -24  20  18
 -1  18  19   0
 -2  12  20 -16
 -8 -13 -16   9
-11 -22  14 -20
-24  18 -20  -7
-21   2   5 -18
 12  20 -13  -3
-15  17 -19   6
 -9  -6   4 -21
-14  20  14  -4
  3   8  -2  13
-15  16  -3  19
 -7  -5   6 -12
  2  -1  -4  -1
-11  11 -13  14
-10  -3  22  -1
-19  -5   3 -19
 18  -2 -14 -12
 17  -2  -8   0
  7 -18  18 -14
 -4  24  11  -4
 -5  10  11  12
-22   1   6   2
-20   7 -24 -12
 19   6   0  -7
 11  -7   7  -4
-15 -16 -16   8
  7   8   0  14
 -1 -13   4  14
 22   1   5   0
 17  13 -15  22
  6  -9 -10  17
-18   3  -6   6
  7   2   1  -9
  9   8 -19 -11
 13 -13   3  17
 11  22  -2  19
 -4   0 -14  12
 -6 -20  -4  -9
-18 -13  18  -3
  5   0  -3   9
 -6  21   1   3
 -5  -3 -24  11
 19   7  -5   2
-18   2  19  19
 -3  10 -11   6
-19   2 -13 -19
  0  -2  -3  -4
 -5  -4 -20 -10
-13 -22  -6   1
 19  18 -20   1
 -8   8   0  22
 17  15 -17 -17
  3   3 -11  14
 -4  -6   3  -4
 -2  -9 -15  17
 -8 -13   8  -8
-14   8   0  19
-13   9  -4  -2
-17  17 -18   5
 15  10   9  19
 17 -12 -16 -10
 -4 -11  -4  12
 -5   3 -11 -16
 -1  10   6   9
 -4  11  -6  20
 -9  19   1   7
 15 -10 -10 -16
 21 -23   6 -20
 -6   2  23 -14
 -7   4   0   4
 -6 -14 -21  -3
 21  20  20  22
-10  23   3   3
  5 -16  -7  13
 16 -17  19 -17
-18 -15   5  16
 -5 -11 -14 -16
-13  -3 -16 -18
 -6  -1  24   3
 11  -8   1   6
 -2  21  14   0
 -6 -15  -3  21
-13 -16  -9  -7
-23   5  -7   2
  9  21  -3  11
 24  -7  -3   5
 24  11  20 -13
 14 -24 -14 -11
  5 -15  -5  -7
  8  17 -19  18
  7  17  23  -7
 18  23 -10  16
-20   5   7  20
 -8  15 -14   9
  6   3 -20   0
-20  11   7   9
  7 -16 -12  -9
-18  14  -4 -19
 16  21 -17  10
-23 -11   7  -7
-17 -12  10   8
  7  10  -5  17
 11  14  11 -22
-13  19  17  13
 16  -7   7   7
-13 -21  12   5
-15   6   5   0
  4  -9  -5 -17
 13  -7   6  -4
 18  11   4 -23
-20  -8  21  -2
  7   8  -2  12
 -1  22 -23 -24
-24 -17 -11  -7
  4 -18   2  12
-15 -18   2  12
  0  -3  -8  11
-10 -17   8  -4
  6  12   3 -14
 11   3  17  -1
-15   6   3 -18
  0  14  -9  23
 11  22 -16   5
  0   4   4 -19
  8 -21  -3 -22
-21  13  23   0
 17  15 -24  -2
-15  -8  -9   0
-22  14 -24  11
 23  -5  21 -24
  8  17 -21  13
  0  16 -24  20
  8 -20  18 -20
 -3  23  12  24
-23   9   8  -6
-16 -13   0  -2
 21 -16  -2  13
 15  11  -6  17
 -6  20   8   4
-13 -19 -13  18
  6  16 -19   3
  9  -4  -7  21
  8 -14   5  -5
-23  -7  22  15
  6   3  16  17
-12  -7  -7   5
  2  20 -12  -5
-11  12   3   2
-18  12   1 -24
-23   6  11  18
-11  -5   3 -15
  7   3 -15  15
 20 -16  -9  19
-17   2  -7  16
 18  -2  17 -22
  6 -24  14 -10
 17  18  15   3
 -7 -20  -2 -22
  2  -5 -10   6
  4 -12 -22  -3
  8 -10 -19 -18
 12  15   4  -8
-15  -2 -12  15
-13 -20  -4  14
 24 -15   9  -2
 -3   2  -3  15
-13  -4   8 -16
-10 -24  -8  10
 12 -16  -5  19
 -1 -11  14   3
  5   4  17   9
 -3 -12   1   3
 -2 -12  18 -12
-24  -1  10  17
  6 -15   0  -4
  0 -22  -7 -16
  4   8  14  -8
 -2   1  10  17
 10  -8   6  10
 -9  20  20  13
  9  -8  -5   5
 11  10 -12  -6
-21  17  -8  -7
  9  -7  -2 -17
 -3   0  18   7
-21  -2   1  20
  0   4 -24  -9
 12  -9   3   4
 10   8  -3  16
 -5  -8   2 -24
 -7 -22 -17   0
  6 -14   2  20
 -3  -4   7   7
-21 -15 -19  19
-18  13 -10   2
 13  20   0  23
 -5  22  11  18
 18 -13   9 -11
  0 -20  -3  13
  3  22  15  -9
 -2   2   0 -14
 19  -3   7  -4
 15   0 -11  -5
 19   1   7 -18
  3   5 -16  -8
  6  -8  17  -7
 -9 -18  10  -9
-24   3 -19   7
-14  17  14   3
 -9   2 -21  -1
 16   7   2  -7
-18 -11 -13  17
-10   5 -17  24
  5   1 -18  23
-12   2 -18  -4
 -5  -1  11 -18
  4 -12  11  -2
  7 -15   7 -12
-13  16  -1  -2
-20 -18  -5 -20
-13  22 -12  10
  1   0  -7  15
 17  -5  16 -23
 -2   1  17  -6
-22   2 -10   7
 -7  12  -4  23
 14  -8 -13   6
  6 -17 -19  -9
-14   2  16 -11
  0  21  -8 -22
 12  -2   7   7
 20   5  13  24
  2 -14 -15  -6
 -6   0  24  -2
  7   3  17   3
  9   1 -18 -16
 14  19   6 -17
  9   1  15  -3
 11  19  22  -5
  2   1 -10  -3
  1   3  12  22
-20  -7  17   3
 22  20 -11   8
  9   8 -23  -5
  8 -10 -11  15
-14   0 -18  11
  5   0   0 -10
 -2   1  16   7
 16  -1 -15   7
 -4 -24   3   1
 -8  24   6 -24
-11  11  -2  22
  7  -5  15  13
 22  19   0   6
-12   4 -23  -7
 -3  10 -17   4
 -3 -11  12  -1
  7   3 -23   5
  4 -12 -17   8
 -5   9 -21  21
 -9  22  -5  17
 -2  11  -9  15
 -8  11  -3  17
 17  -3  17  13
 21   1  21 -24
-12 -21  -3   6
-10  10  -3  14
  9  17 -24  -6
 10   6 -19 -12
-14   3 -14 -18
 -8   4 -10  -7
 23 -14   0 -17
-24   8  -7 -21
-11 -13   9 -12
-20   6   4  -3
  4  -7  24  13
-13 -18   8   6
-14 -14 -20  -9
  7 -20  15  19
  4 -14 -24 -14
 -5   4  16   0
 -5   4 -16   5
-20 -18 -24 -11
  0 -11   9 -15
 -9 -16  19  -8
 12 -11   5  -6
-15 -24  24  18
 13 -14 -15 -18
 -9   9 -22 -18
 21  -3 -10 -14
-10   6 -17   3
 -6  14  -9   7
-19 -24 -11  -8
  6  -6 -13  -5
  8   3 -11 -23
-22 -14  10  -4
 -6  10 -12  -3
 18  -1  20 -14
-18 -18  10 -16
-12  11  -2  23
 -7  13  22   2
  6  -2 -10  16
-16  20 -22  23
 16 -24   4  19
  3  12  21  -2
 12   5  -3  -5
-22   0   0  12
-23  12   9  18
 -6  15 -13  22
 10   3  -1  16
-12   6  20   8
  1 -21 -16  -4
 24   6  20  -5
  8  -1 -14  -9
 19 -10  10  -8
-19   2 -14 -12
 16  -4  -6 -15
 21  -2   6  11
  0  23  22  -9
 12  -9 -10  21
-20 -20 -24  14
 23 -13 -13   2
 19   1  -2  12
 -7  -4  -6  -9
-22 -10 -14 -15
 -4  14  -3  -7
-23  17  20 -11
-18 -17  10   5
  2  -1   6 -12
-18  23  11   9
-18  10  11  19
  1 -16  -4   1
 -2   8  -1  -6
  3   6  -1 -14
 24 -16  -6   9
 -2 -14  15  23
 14  -2  22   6
 10   2  -8  11
-11 -15  -5  15
 17 -21  21  -7
 -1  -8  18  20
-14 -22  19 -19
-14 -22 -21  -8
-16  24  -5 -21
 18   5  10 -15
  6 -21  15   9
-24  -3 -24  14
-13 -17 -14  -6
  8  -2  -5 -13
 16 -20   7  20
-14 -18 -12  12
  2  18  21 -20
-12   4  17 -16
 16 -15  15  22
 10   7  -9   8
-12 -23 -22   3
 -2  13  22 -24
-18 -12 -10  20
 -8   8  -7  18
-21   5  22  15
 13 -18  16   6
-24 -15   8   0
-18   2  15   4
 17  12  11   0
  5  -2  14   4
 12  19  18 -11
 -2  -4  17   9
 20 -24 -12  -1
 14  18   3  -4
 17  19   1   8
 13   5  17  17
 18  -3   5 -15
-17  -4  -1  23
-16   0   5 -13
  9 -23   3  -1
 19   0   2 -19
-23  -5  -1  -9
-18   5   8   9
 18  15 -11 -18
  5  24  22  18
-16  14   4  -6
 15   9 -17  -4
 -4 -23 -14 -22
 11  -1  10 -21
-10  11 -15   2
 -7  -7  14  16
-12 -11  -6   2
-19  -2   5  -8
-11 -11   9   7
 21 -18 -18  20
-18   5  17   3
  0 -13   6  -2
-23 -15   2   3
 -2   6  -4   3
  9   1   6 -10
 -6   9  -7  20
 19  -2  -6  19
  5  14   3 -24
-20 -11  13  -4
 23 -22   1  20
-21  11 -20  -8
-10  16 -10 -18
  7   8 -24  20
 22   8  -2  -9
-13 -12 -21 -11
-17  -8  22   4
 13 -21   4  22
 14  -7  -3   7
 24  -7 -12  -8
 11  -2 -19   5
-20  -7  16 -13
 18   3  -6 -20
-14  18  -5  11
 19  21 -15  14
 16 -19 -17   1
 -6  23  20  17
 13  15  10   7
  2 -15  -5  13
 11  23   0 -20
 23  -4 -18  -7
 14  18 -13   6
 11   2   0  11
 13  23  10  17
-16 -20   8  -6
-24  -6   7   1
 14  14  -9 -11
 23 -14  22  -1
  1 -23 -20  -2
-24  14   2   5
 13   3  16 -15
-10  -8 -18 -17
-15 -12  -7  -5
 14 -24 -13 -10
 21  -8  18  12
 -5  -8   4 -20
-10  23  20  -9
 19  11   2 -15
  9  -8   0 -17
-24 -11  -9 -12
  3   9  23  22
 -7 -24  13   9
-20 -16  13  -3
-14  13   9  -6
-20  -9   5   8
-18   8 -18 -20
-20 -15 -21 -14
 -9  17 -21   4
-22  16   7 -24
 -5  -2   0  15
 24  10  10  -8
  4  13   6   8
  7 -12  22   8
 18  17  -2 -16
-24  11 -13   0
 11 -19 -19 -15
 16 -19  -4 -11
  3 -11  22 -10
  8   0  -5   3
-24  -6   2   5
 12 -15 -12  10
  3  24 -14  -3
 18  -1   7 -14
  9 -12 -12  13
 -6  18   6 -24
 11  -7 -13  -6
-16  -4 -18 -11
  5  -5 -13  18
-10  20  16 -17
  9   7 -10  -9
-15   7  11 -23
  2  21   1 -17
-10  -9  18  -2
 11  23  -4  -4
-24   8   4   0
 14 -19 -17 -22
 -9  11   6 -13
 -1  -4   5  -7
 21   4  -3  -8
 -9   5   7   9
  5 -15  -3  16
-24   1 -22   3
-19  13  14  10
 -8  -8 -10 -14
 -3  19  12 -18
 19   1  16  21
  4  -3   4  24
  8  -5  17  -6
-13 -21   0 -12
 10   6  18  12
-20   1 -23  -7