  7 -10  -6   5
 -7  24  -4 -20
-18   4  21   0
 16 -11 -23 -24
-11  11  20   1
  9  -4  16  21
 15  -4  16  16
-13 -18   6   7
  9  19   5 -24
 -4  -3  -1  -1
 13  10   6   0
-20  -2  17   6
 15  -3  -4  24
 13   9  12  24
 -9 -21   7 -17
  8  10  22   1
 -9  -2 -21   4
  7 -15   5   4
-13   6  12 -14
  0  -1  -7  18
 -3  -3   3   9
  0  11  13  -6
 -8 -18  -7 -12
 10  17  21   5
 -6  16 -20  -5
  5  18   0  21
-17   1  10  18
-18   6 -23  -5
-17   0  18  18
  1  11  14  -5
 22  24 -12  -7
 24  16  23  17
 20   2  24   6
-22 -13 -20  12
-23   7  17  -5
-15  18 -16   6
 -6   2  12 -22
-12  -6 -11  -1
  9 -11   7   1
 -7 -15  15  18
 -2 -22   0  -2
-22  24  -9  19
  9  -9   9   6
 -5  11 -13 -19
 17   0   0  11
 -1   6 -23   0
  3 -20   6   0
  9  17  21  10
 10 -21   2   2
 -5 -10 -10  -7
 18  -3  -9  -6
  1 -23 -10 -20
-10 -13 -18   9
  1  17 -24 -13
  0  21  -4  13
 -4  -4  10  -3
  6 -16  11  16
 13 -14  17  -7
-21 -10 -17 -22
  0 -15  18 -16
-22  14  12   1
  7 -23   5 -23
 13   0 -22   8
  3  -9  18  19
 10 -21   0 -12
 23  -4 -23 -16
 14 -16 -22  -1
-20  -1  24  -2
 14  11  18 -19
 -1   2 -18 -10
 14  -6  -6  -6
 10 -12   5  16
-22  -6  16   0
 16 -23  -2  16
  2 -16 -18   6
 22  12   3  21
-19  -1  21 -15
  1   0  -4 -10
 -5 -22  -7  22
 13  -1 -11 -22
  0  -8   7  22
  1   3  21 -13
 15  16   2 -10
-12   4 -11   5
-12 -13  23  23
 -7 -13  -1 -21
 17  -4 -20 -13
 -9  19  -3   8
-17 -14 -16  -1
 -9  22  12  -9
 -7  -8 -15  19
 24   4   9   8
-10 -19 -11  21
 11  15   7   4
  4   2  -9 -24
 20  -8  17  22
  8 -22 -24 -21
-20   3 -22  18
 10 -14   4  21
-16   1   9  20
-23   4 -23  22
 -6  15   0 -20
  9  17   0   0
-18   8  -4 -18
 11  14   6 -19
 24   9 -22 -20
 23   9  11  20
  0  12  15  10
 11  15  21  -7
 13  -4 -23  16
-24   1 -23   7
  7  22 -12  -1
  8  -4   9   2
  0  22  24 -14
 12  17   4 -17
 20  21   3 -15
  9  16  19  13
-20  13  -8  18
  8   0 -20 -15
-20  19   6   0
-24  17  -4  -9
  6  -6 -19   4
-16  20  24  24
-12  -2  -9   0
 -4  10  21 -20
-22 -23  -3   2
 -3  22   8 -13
-17   3  15   0
 -3  19 -12  15
-11  14   0  -5
 18  12  24 -10
 -9   5  10 -13
-13  13   4 -21
  6  14   6 -19
 18   9   5   8
-11 -11  17 -16
  8 -12  15   1
  5  16  16   0
-17 -16   8  -3
  8 -16 -10  22
  5   3  -5  24
 14 -24   9   8
 15   5 -15 -19
  1   8  -2 -17
-17 -14  -6 -12
  6 -15 -13 -16
 24 -16   1 -21
 -4 -14  23  15
 13  -2 -20  16
 17   0  18 -21
  2  -6  -4  -9
 24 -22   9 -11
  6  -5  -5   5
  0 -18   4  -7
 16 -17  -7  -9
 24  -3  -3  18
  1  -4   2  -9
 14  24   7   0
  7  17 -14   2
 19  -8  15   2
-10   9 -23  11
 13   7 -12  20
-23  16 -15  24
 10  22  -5  -9
-10   2  -4 -17
  9  -9  13  14
 16  -1 -10 -16
 11 -18  15   0
 11   9  21   7
 -6  -5 -10 -17
 10 -19 -19 -11
 -5  20 -21  19
 10   5  23 -13
  4  -9 -22  23
 24  10  -6  18
 -8  13 -14  15
-14  16 -21  16
  0 -21   5  -7
  3   2  21   2
  7   2   1   8
-16  11  10   2
 -2  16  -5  22
-17  17   7  -1
 -8   9  18   0
-14  -8   2  20
-21  16  -4   5
 18  -4  -9  19
 -7   3 -12  13
 15   4  24   5
 19  -2  -6 -21
  7  -4   3  11
 21  -1 -14   6
 -3  15  11  18
-13   8   0   1
-23  21  -3 -13
  7   7 -13 -16
-24  11  -9  10
 21  -9  15 -22
 16   5  16  10
-17 -23  21   2
 -3  19  18  -7
  4 -12  14 -22
-14   5 -10  24
-11 -12   6 -20
  5 -15 -12 -21
-10   3  -9  -2
-21 -18   9  16
-13  -2  13   7
 -4  -2  21   6
 12  -9   6 -21
 -6   0  17   0
-23  23 -15  23
 -8 -20 -16   7
  7   7  -3  16
-10  22  24 -15
 10   1  -6 -11
-20  15 -15 -16
 10 -11 -24  -9
 23   7  17  14
-19   0 -24  11
 18  19   2 -17
  8   8  -1   8
 -5  18   0   4
  6   1  23  -2
 21  17  23   6
-16   8 -13  19
-21 -16  14 -12
-24   4  -4   1
-14  11  22  -3
 -1 -10   3  21
  3  -7   2 -19
-16  11  23  -5
 -7   1 -10  20
 -4   1  -7   7
 -6 -12   0 -10
-10 -20  -7  19
  4  13  18 -15
 14 -19  -9  -4
-24  -6  -6  17
-22   4   9  21
  1  -6   6  13
 -4 -18   9  -4
 22 -16   4  -6
 16  17   9  -2
 10  11  16  18
 17   9   0  -6
-11  24 -20  -5
-14 -24  -8   0
 20  -8 -22  15
 -6  12  18   0
  5 -18  11 -11
 -9 -10  19 -22
 14  11 -24 -15
-17   2  -4 -10
 -2   3 -15 -24
 10 -16  19  -4
 24 -17  12 -20
 -7   0  13  15
  0 -18  10  17
 14 -10  18   1
-14   3  13   3
 -5   5 -11  -7
 -5  18  11 -12
-24 -22   6 -15
 -8 -11 -14 -22
 -8 -11 -24 -12
 20   7  14 -17
 10  -9   9   6
-23  23  -5 -11
  3 -11  11   0
-21   4  15  20
 -8  22 -20   8
-18  -9  18   5
-15  -1  -3   1
  8   5  17  12
 12   5   4 -15
-18 -22 -23  12
-15  -6  -9  10
 -5  -8   1  -3
 -2 -18   0 -22
-24  -1 -20  -7
 20   7   9  -7
  5  13  12 -24
  1  12  12   8
-13 -17  12   6
  2   2  16   0
-18 -19 -12  14
  9  -2   5   4
-14   0 -15  -5
-22 -19   0  -3
-16  -2   9   3
-20 -16  -7  -4
 16   8  23  -2
-15   8   5   8
-14 -13  22   5
 11   1  13   9
 23  11  21  -8
-21   0  -7 -21
 17  10  -3   1
  8  21 -14   1
  6 -24  -7 -15
  0   7   4  -4
 19  14 -16  -9
-17 -15  -1 -24
-21  21   8 -18
 -9 -10   0   0
-21   9 -10   0
-14   9  21 -11
 -7  17   6 -14
 -3 -15   9  11
-16  12 -23 -14
 17  -2   8   5
 -5  -9   7  20
 -2 -15 -15  13
 19 -13 -11 -11
 13  -6  11  -1
 12  18  10   9
 -6 -14  -4  -5
 -9  15  -1  22
 18 -13  -4  17
-18   8  14 -20
 -5   2 -13 -21
 -5   8   7 -21
  0   0   7  19
-14  -4  14  14
 -9  16  -7  -1
  6 -19  -8  -6
-12  -2  20   6
 -7   3   3  -3
  4   9   9  -5
-13  12  13  12
 10  -9  -5  -7
-14   6 -23  -8
-14  -5 -14 -15
 -1 -14   9 -14
-12  15   6  12
-13  17   1   0
-10 -24 -15 -15
-11   7  11  17
  4  20  -9  16
 -4   0   6  10
 -6  16  14   4
 16  -7  -8   5
 -4   2  21  -8
 10  -1   1 -17
  4   0  12 -12
  5   9 -23 -13
  4  18  19  12
 20   4  -3 -17
 12  -4 -21  18
 13 -19 -13 -24
  1   6   1   8
 -9   6  -8 -21
-17   1   3  15
-18  21  -9  23
-22 -17 -22  -9
 12   0  -5  16
-16 -11 -11  -6
-23 -13 -20 -22
 -4  15  20  -8
  0  16 -11   6
 20   7 -18  23
 15  -2 -21 -12
 -3 -14 -20 -15
  5  -8   3   2
-22  10  19  -8
 18  -9  -9   9
 11 -18 -13  16
 15   0  -8  -3
 23  -5 -14 -17
  9   5  -9   3
 10 -13  12 -14
-19  14 -13 -11
 -3 -24  10 -19
 -4 -21   5 -19
 12  -5  -8  12
  6   5   5  -8
 -3 -23  -4  13
-19  21  -5  13
 -7 -14  23  -3
 -2  13   5  12
  9  23  15 -16
 23 -10 -22 -15
-18  -7  19   6
-12   4  10   3
  5  17  13 -15
  0 -11 -11 -10
 18  21  13 -12
 24 -21 -16  12
-19  11   9   8
-17 -22  -3 -22
  0  -1  -1  21
 -7 -16  11  22
 15 -10   9  -8
 17  -5   7  -3
  5  11 -20  14
-22  -8  -4 -21
  0  18  12 -18
 -9  -8  10   1
  4 -12 -11  -9
 -6  20  -6  10
  9 -18 -20  -1
 10  -3 -21  -9
  8  10  -8 -10
 -7  20 -21  21
 23   9 -14   2
-12   0  14  -6
 16 -15 -11  19
-12  -9  -3  19
  5  -9  15  18
-14 -14  14  11
 -2  21  -7  -4
-15   6  23  -7
-22  -4  -4  -7
-20 -12  23  -5
 24  13 -24  18
  0  11  -7   3
 -3  12  16  12
-18   8  18  -5
  0  -2 -17  -2
 -7 -12  -5   5
 -2 -22   4  -4
-21  -5 -20   6
-16   0 -16  12
-20 -21 -18  -3
  4   9 -14   4
 17  -5  17   2
 11  16 -13 -22
 -3  16  22 -23
 14  20   7   0
 22  -3  10   7
 17  -9   0  14
 20   1  16  20
  0 -23  24  11
 18 -13   6 -16
 10  17  21  -8
  6  19 -12  17
 12  -6   9  16
 -9  -5 -18   0
  1   7  -6 -18
 15  20  -4  15
-24  -7  12  -8
  1  12   0  23
  5 -21 -13 -10
-22   7  20  11
 -1   4  10  -4
 22  12  10   8
 18 -19  -5 -17
-22  22   6   3
  9  -1  18  -6
 13   0  14   9
 19  -6 -22  13
-21  20 -14  12
  4   0 -12  -7
 10 -18   0 -18
 24  -1 -17  20
-18  -1 -22 -14
 23  -7   2  19
  0  20  22 -19
 18  -9 -13   8
  6 -12   0  -3
-19   6   0   5
  7   5  18  13
 -6  -9  18  -7
  9  -8 -16  -7
  7   5 -19  -9
  4  12  -8  -4
-18  -1  14   8
-16  16  -9   8
-19  22 -18  20
 18   4  -4  12
  3 -17 -21  10
 -5  15  18 -12
 11  -3  -8 -15
-16  -6 -16   2
-13  10 -24 -20
 -2   2  23 -13
  8  17   0  -8
 12  14   9  -2
  5  15  -3  14
-23  10   5 -12
 14 -24  14   5
  0   5   8  18
-13  -8  23  -4
  1   0   3   3
 -6 -16  21   4
 12 -12   7 -13
 -1   5   1  19
-24 -14  18   9
 14  23 -24 -11
-17  -7  -8  19
 -3   0  23  18
 23 -22  -6   3
 -1  22  12  14
-19   7   4  24
  1   5  -8 -19
  1  17 -14 -17
  5 -13  19  15
-10 -17   0 -21
 13  -1   9  18
-16   4 -11   4
  1  -7   9  18
 -3   1 -24   1
-13 -17  21  -8
 -1  -4   0  21
 12  -2 -21   5
 12 -23   6  -8
 19   4 -24 -18
  1   0 -11  15
 -9   0  -9  10
  9  -6 -17  -3
 22  -4  13  -9