 -2  21   4  -2
  6   2  -1 -13
  9  13  -7   2
 -7  -6 -13 -15
-13   8  20 -10
 -9  -9   1   7
 20  16   7   1
-14  -5   0  -2
-13  18  -2  16
 -3  11  -2   4
 17  -4 -13 -11
  8  17  21 -13
  7  11 -18  -8
 21  15   2  18
 -4 -20  23 -21
  4 -10  17  15
 -3 -22  10 -13
  0  13   2 -14
 -5  -5  -3  -8
-16 -23  18   2
-20 -17  15 -20
 -7 -14  -2   1
 13  13  -2   6
-17   0  -1  -3
-18   5  21  22
 -6  -1 -12  18
 -2  -4 -16 -15
 -3  11  17  10
 21  -6   5  -4
 21 -18   0   1
 -6   2   9  -4
-22 -17 -20  22
 19  12  10   0
  2   5 -13   6
 -2  -6   3 -17
 15   5  -6  -5
 22   9 -17   3
-10 -13  -2 -10
 -1   0  -3 -10
-15   2  12   8
 11  12  -4  12
 11  11  -4  -2
-13  17 -15  20
  1 -17  -8 -24
  8  14  -4 -18
-22 -13   5  -4
 -6  -3 -18   8
-11 -14  -9  -8
  4 -14 -14 -11
 -1 -22  -2  10
 10 -18  17  -8
  7 -19   2 -22
-17   0   9   7
  8   7  18  -8
-17 -18  -2 -19
  4  10  -1  19
 12   8  -5  -7
  8   6  24  20
 14  12  -6  12
 13  -5  11   0
  5  -8   0  -2
 -4 -18  17  21
  3  23   6  12
 -8   8   1 -18
 -7   4   1  13
 20   8 -10  18
 -8 -11 -17 -20
 -8 -15  -6  -8
-20  -1   8 -13
-12  18  -8  -6
 -4   1 -17   7
  6  -6 -21 -10
-20   2 -12   0
-16 -18 -20  10
 12  17  24  13
 10   0   9   3
  9  -5   1 -13
 12  -2  14   5
-24  15   3  13
 -5  12 -21   3
 -7  22   3  -5
 -9  21   5   7
 -6  12 -18   1
 -3  -5 -14  -8
 14  -5   6 -10
  9   5  -8 -10
 -1  -5 -11  -7
 -1  -3  15  -6
 24  -2   5  -4
  3 -19   6 -13
 14   6  13  -3
 11  -9  18 -13
 -4   7   1  13
 -7   9  20   7
  9   6   4  -2
 -8   9  16  22
  7  -9  24 -14
-18   6  -7 -20
 -9  15   1   2
-15   2 -10  -8
 14 -13 -17 -13
-18  -6  -1   0
-13 -12  17 -14
 -8   2  -1   1
  9  -6 -14   0
  9  16  16 -19
 -2 -18  18  -8
 17  -2  16  13
 -3   9   4 -17
  7 -11 -16 -13
  3  -5   4 -22
 -8  24 -14 -15
 24   7 -16  12
 -8   5 -12 -24
-19   5   9 -18
 -4   2  -6  10
-14  14 -13  17
-10   9  -5   0
 21   4   7 -16
-16 -19  -9  13
 13   0   5  20
 -8 -19   7 -21
  4  -1  13  20
  0  -8  16   6
 21   8 -10   6
  5 -13 -11  -4
 13 -11 -19  -6
-12   1 -11  16
  5  -9  -4   2
-21   6 -12  22
  0   1  20  12
  3  -7  -3 -11
  7 -20  -3 -12
  5  -8  -4  -5
 18   7  -9 -19
 -5  15   9 -10
 -4  14  -6  11
 -7 -11 -14  -6
 11  -4  -2 -22
 -1   1 -15  16
 22   6  -4  -4
 -9   5  15  -5
-12  -8 -22  -1
  5   0  -1   0
 23 -17  -1  -6
 16   5 -13   2
  0   0  -2  21
  5 -17 -16  12
 15   7  -8  13
 17   6 -12  13
-19  11  22   2
  9   0   7  -7
  2  19  -2 -23
  8  21  16  -9
-20 -11 -20  -1
 12  -5  21 -12
-22 -10  19   7
 -9  -7 -14  12
  0 -11 -24  15
 -1   2   2  11
 20  15  -3  -1
-11   6 -12  13
 -4  -3  -5  24
  5  11 -15   1
  1   2  -1   6
-16  -6   2   5
-24  16  -7   7
 -5  15 -23   8
 -5 -14   2  -6
  3  16  -8  -1
 21   3 -10   4
-22  14   6 -10
  8 -10   4  -6
 16  -6  -4 -21
 14  -8  -5   8
 16  -6  -5   2
 19  -9   5 -11
-20 -15   5 -23
 18   3   3  -7
 14  10   1  16
  9  10  23  11
-12   2  18 -22
-22  10   0  13
-13  14  -8 -16
 17  10 -23  16
 -6  -7  21  -8
  0   0   2 -20
 15  -1 -16  -1
 -3 -11  -3 -24
 19 -14  -5  22
 -5 -20  12  -4
 -9  15   1   0
  0 -23   3  12
 14  -9   9  -5
 -4   3  23   1
-20  19 -19  -5
 -6   9 -18  -2
 -5 -11  19   1
 -1 -10  22  -1
  0   0   6  -6
  6   1   6   5
-18  -1  16 -18
 10  17  11   5
  0  -3  -6   7
 -7 -13  14  -4
 -6  -7   9   6
  5  -7   0  -3
-13  10   0 -20
-12  -4  -2   2
-11  11  11   2
-13  15  -5  11
-18 -15 -15  16
-24 -14   3  -4
 -3 -17   7 -24
 10   2  -4   0
-10   9  24   8
 16  -9   9  24
  8  19  14  20
  2   8  -4   3
 -4  -7   0  16
 -9 -18 -13  12
  2 -18  -4 -23
 -1 -24   4  13
-14  20   6   6
-13   6  22  -1
  2  16  19   5
 -7  21   1  24
-16 -16  22  -5
-18 -17 -15  -1
 -6 -15  20 -15
 13   4  12  10
 12  13  14   7
 14  -2   2  -8
  7   7  -8  -5
-11  -7  14   8
 14   1   3  -6
  2  10   3  -4
-20  -3 -13   3
  5   8  -1 -12
 12  -3 -15  22
 -8 -24  18 -19
-18  15  14 -19
 24  -3   1  -6
-21   0   3 -19
  4   3 -20 -18
-13   0 -17  17
 17 -15 -12   9
-23   2  19  21
 -8  15   0  15
 17   3 -14   3
  9 -18   0 -18
 -7  13 -13   0
-19  -5  17   6
-12  17   7 -13
  4 -23   2  20
-11  20   2   3
  9  18  11  12
  5   8   0  20
  0   8  16  24
-23 -13 -15 -22
  5 -19   4  11
 18   0 -11   2
-18  15  -2   8
 -2  20  -9  -2
 19  -5  12  16
 14 -11  16   9
 -2   8 -17  19
  1  10 -24  12
-14 -12   2  10
-13  -3  13   7
 19  -4   6 -11
 14  16  11   1
  3 -15   0  -3
 18   2   2 -18
 20   9  12  -2
-17  -6  15  16
  7 -19  11 -24
 10  10  19   1
 -9 -19   2 -10
 24  11  -2   7
  7  14  22   8
  5   6   6  12
  8  20 -14 -14
-18  11   2  -5
-11  -8   6  23
  2  -5 -10   5
 23   2   6  -2
-22  13   6   0
-18   7   1   2
  0  14  14  -1
  4  -3   4  14
-15  14  13 -10
-13 -16   0  16
-11 -16   0  17
 16 -17 -12  14
 15  -1 -16  -3
 -6 -19 -22 -15
-14  -8  -1   2
 13  -9  -7 -19
  2  -1  15   3
 -7  11 -19 -15
 -1 -17   1   2
 -1   3   7 -12
-17 -14 -14  -6
 10  17  15  -1
 22  21  -4   1
 17 -10   0   1
-16   8  15 -20
-22 -23 -13  23
 11  -3  23  -1
  8  -3   4   3
  6  14  -5 -17
 15  15   1  -3
 15   0   7  11
-12  16  -4  17
-10   9   8  -9
 10  -1   0   8
  8  -8   3   5
 17  14  -2   8
 -1  15 -21  -8
 20  -9  -1 -19
 12   1  24 -22
  3  -5  -6 -14
 20  13   4  11
-10 -13   8 -22
 -2   9  10   7
-18  -8 -12  14
-20 -22  -9  -8
 18 -17   3  16
  4 -10 -22  21
 -2  13 -13  16
 10  -8 -20  -4
  5  -5  -9  -8
 11 -20 -14 -15
 20 -14 -15  -9
 -2  10  -5 -17
 -5  -3  -4   8
 11   6  -3   7
 10  -9   6   1
-13   3   6  16
 -4  21  -9  24
  6 -14 -18  18
 -7 -16   5  -4
 22 -15   7   4
-12  15   9 -24
 -7  15 -12   1
 16  23  14 -20
  0   6 -13   8
  0 -23  -1   5
-12   9 -15  16
 20  21  -4 -15
 -7  -2 -10   2
 -9  -7   9  14
 23 -18   6   2
  5  -9  21  13
 -4 -20  -7 -16
  5  19 -14  -5
-16 -10 -18  -7
-11  -2  20  -7
 14  -4  18  -5
 -9  12  11 -14
 20   2 -14  14
 12   6   1  13
 20  20  14  -8
  3  17  -8  -2
 -9  10   4  -4
 19 -23 -13  -2
 -4   9 -16  -5
  9  12  -3  11
-20 -18  21  -6
  1  19 -12   2
 -4  16  15  -6
-21  -4 -10  14
-18   1  15 -10
 16  20  12  11
  6  17  -7  -4
-12  20   2   1
 -3 -10 -11  12
 15  -7   1   0
  2   5  -6  -7
 14 -13  16 -19
 -8  12   4 -11
  8   6   4 -14
-17  -7  -5  -6
 -1  -2 -10 -20
  2  15   0 -23
  5  21   3   3
-14  10 -22 -10
  3   6   0   1
  8 -24  -8   0
 18   4 -12   6
-16  12 -21   0
  4   8  21 -19
-19 -22   6 -17
 17  18  -8  18
-13 -11 -14  11
-21 -17   0   5
 -7  10  18   8
-23  11   7   1
-14   3 -14  15
  1  -5  -7  -6
 -6  12   9   6
  4 -10 -22  -4
  0  -6  -7  -1
-22 -18   7  -6
  5  -1  22  -8
 13  12  14 -22
  6  -2  14  22
-10   5  14 -14
 13  -7 -22  22
 -3   5 -20   2
 10  -6 -11  12
 -9 -14   8 -21
 -1  15 -20 -13
-17   7 -14  18
 10 -17   2  -3
 18 -18  19  20
 -9 -13  -2 -16
 -9  -4  11   2
  8 -23   9  22
 19 -11   6   8
-11  12 -12   9
  7   7  20   3
 -7 -12  -1  12
 -9   4  -9   0
 14  -6  15  -2
  5  11  14  18
-16   3  -8   5
 16  -9  18   2
 15 -24  -5  10
-10  12  -3  11
 19  -6 -18   2
 -7  24  13  16
-19 -15  19   0
  4  -3 -19  -8
  0  24  -6  15
 16   6 -10  -6
 19  -7   9   3
  8   8 -18 -24
  7   6   1 -18
  4 -21   9  -3
 -4  -1 -13 -18
-15  21  15  13
 10  -3  -7 -24
-18 -12 -16  24
 -2 -23   0   9
-12   4   6   7
  6  20  -5  21
-20  -1  18   4
 18  -4 -12   0
 -3  14 -15   6
 24 -18   0  11
  2  21  -1 -14
  0 -15 -19   9
  5  -3   6   3
  2 -21  -6 -14
 13  20  -2   5
 18   7   9   2
-21   0  -8  12
-14  -7  -4 -16
 15 -23  -5   0
 -9 -14  -4 -12
 -2  -7 -16  11
 12  23 -10   8
 -1  -9  15  -4
 16  11  20  -8
  0  13  -5  13
  2  18 -15 -20
 11 -15 -17 -12
  7  -5 -12 -13
  4 -16  11  23
-16 -24  11 -13
  0   1  -2 -18
  0   6  -5   3
 -3   8  23  -4
  6 -10 -10   1
  6  10 -14   5
 11   3 -17   3
 -8 -14   0  11
-19  -5   9 -12
 14  -2  -7 -19
 -6   4   0 -10
 20 -14  21  -3
  1   4  -9   6
-20 -10 -16  18
-14  -8   2 -16
 -3  -1  11 -20
-21  10   1  -3
  2  -8  -1   1
 -1   0 -12  10
  5  -7  18  -7
 -8  -2   3  -8
 -6 -22 -15  10
  0  -5   0 -13
 -9  10  10  -5
-14  -3 -10   0
 -3  -8  16  21
 -5   6 -11 -17
 -5   4   3 -14
-13 -11  -5  -2
 12   5  -4 -20
 10   0 -24  16
 -8 -11  18 -20
 -9   5 -13 -19
 -3   0   7  12
 17  12  -5 -19
-14  18 -16   3
 20  20  -2  15
-16  -5   1 -16
-13  -3 -14 -10
  2  -3 -17  -6
  0  -1   6  19