 18 -24   7   5
  9  18 -18   2
 -4  24  12  -4
 -7 -19   9  18
 -3  -1  -5  -5
 -8  19  17 -14
-21  -8  -4  18
-21   6  -7 -19
-20  -2 -24  -1
-11  -1   8 -12
-21  -3 -23 -13
-14 -15  -9 -19
 13 -19  -3   6
 16  14   9 -23
 13   3 -11  -7
 -6  -5  12  -5
-13   8 -17  -9
 19   2  22  17
 -1 -17 -10 -15
  5 -23  14 -10
 15   0 -16 -21
 18  17 -24  21
 16  -8  -4 -22
 11  17   9   9
 21  12  22   6
 19  -2  24 -10
-19  19  -3   6
-17 -18  13   7
-14   3   0  11
  9  21  10   3
  8  11  23 -19
 -4  13  24 -20
  0 -23  -3  21
  6  12  -1  17
 11 -13   3  -4
 -7 -23  -5 -20
  0   4 -22  -7
 17 -21   9  17
-16 -11  13  23
  7  18 -17   6
-15   5 -18  -1
 10 -22  -7 -23
 14 -15  17   4
 12  -6   6  10
 12 -21  12   5
 21   0  17  20
  6  23  21 -13
 -6  23  -4  12
 -2 -20   3  -7
 -1  10 -24  20
-13   4  22  23
 -6 -11   1 -12
-16 -24  17  -5
 10   7  -6 -19
  2  23   7  -4
 14  17 -24  16
-11  24   6   0
  5  11   5   9
 23   3  15 -16
-13   9   8  -7
  8  22  -9  19
  5  -5 -12 -23
 10 -16  11   4
 20 -20  21 -10
-22 -22 -21  10
  7 -21  -1  24
 10  18 -16 -18
 16  -6   9   7
 -1  21  -4  -1
 19  20  20 -22
 -7  -5 -11  18
 13 -13  -9  10
  6 -13  22  18
 22 -19  -6 -23
  8 -19   2 -10
 10   0 -24 -19
 -4 -18  22   9
 -7  12 -17 -21
 15  10  -9  -2
-10 -16   4   1
 14   1   7  14
 18   7  -5  11
-14   5  15  -5
 16   5   2 -15
 -2  14 -23 -23
 20 -13  -5  -2
-11  15   1 -10
 17  22  -1 -17
 15  20 -10  16
 12 -24 -14 -20
 -9   0  -9  11
 -7  19 -11  -7
 -7  21 -10 -13
-21 -10  19  -8
-21   9  19  19
 -1   2  15  14
 12 -23  10 -20
-22 -16  -4  -8
 -5  22   9 -16
 19   4   3  24
-23  18  14 -15
 11  17 -16   8
 14   4   5 -10
  8 -19  19 -11
  2 -18 -10 -23
  7   4 -13  20
  6   2  10  16
-18 -12  -6  15
-16  13 -12  -3
  6 -13  11  16
-24  24   0 -20
-24 -15 -17   9
 23 -19  12  15
  6  17  18 -20
 -3 -16 -15   1
  0  13  19 -19
 -1   3  -2  -2
 -5   1   3  -4
 -2 -11  -1   9
 -9  15  -4  -3
 24 -14 -14  19
-10  23 -16 -24
-18 -13 -12   9
-22  24   1 -10
-12 -13 -20  -8
 22  21  23 -15
-19   1 -18  -4
-11  15  23 -10
-19  14 -22  12
-16 -13  14 -16
  5  24 -11 -11
 19  -5  15   6
-10   1   3 -21
 -5  20  -5  14
 18  12  22  -8
-13 -20   0 -19
  4  -1  22 -20
 12   4  -8  14
 15   9  20   6
 11  12 -16  -1
 -8  11 -18 -13
 11  13  14  23
 -9  -9 -20  21
  4 -11  15   1
 -2 -24  13   7
  5 -19 -23  11
 13 -14 -20  16
 24  -7   4  15
 17  -9 -23 -24
-16   8  19  -4
 -1  -8  22  -2
  4  13  13   7
 17   6  17  23
-24 -22  -7   1
 -7  -8   4 -18
 13  -4 -15   9
 -9  23  20  12
 12 -18  -6  14
 12   9 -20 -17
 17  10 -10 -11
  5 -12  10  11
 -7 -14 -10 -19
 14 -19 -11 -19
  6 -15   0  -9
  9  14  -5  14
  0  -6  20  -9
  8  11 -23   9
  2  13  13  -8
 -3 -10 -21  18
-15 -12 -10  20
 19  23 -16  18
-16   3   8 -20
-22   9  -1 -20
 -3  17   7  17
  0  -3 -21   6
 24  21  14  22
 18 -17  21   3
  3 -20  20  -5
-21 -22  19  23
-17   4 -15 -16
 -8 -11  -1  -2
 -1   5   6 -19
 -8 -23 -23 -15
-15  -6  -3 -13
 -7  -9 -16 -10
-13  -8 -13  22
  5   5 -23  -1
-17 -12   6 -20
-15   0 -14 -10
  0 -10 -10  23
-19 -13  -1  13
  0  11 -11  20
-23 -17  -5  12
  8   1 -11 -21
-15 -14 -19 -24
 17 -20  -8  -4
-18 -14  -7 -17
  3   1  10 -22
-17  -6 -14 -24
-10  17  -1   4
-22  10 -14 -17
  2 -20  22 -21
-24  -3   4   7
-15  24 -19   4
 10  17 -19   5
  1  -6   5  23
-14 -12  14  13
  8  -5   2 -22
  4 -17  23   4
 16  24  -8  15
 -8 -19  16 -16
 -9 -24  21 -15
 12  -6  -2 -24
-22   7 -11   7
-17  -3   4  19
-11 -11 -17  24
 19  -1  23   7
 12  -3   8  17
-16 -18 -24  18
 -6  24   2   8
 -2 -12 -11  -8
 12  24   8  17
-24  22  15  18
 -4  14  -6 -15
 -5  17  -8 -15
-20  -2  19  -9
 20  -6  -4  23
-15  -5   5  -3
-13  19  -3  23
-10 -10 -24  17
 23 -11  -9  -6
  9 -12  -6  17
 17  21 -23 -15
-19  -9   2   2
-17  -4  15  -5
 -5  -2  10   6
 16  22 -11  10
-19 -19   3 -19
  5   7   5 -17
  3  12 -15   1
-21  23  18   7
-17   7   4 -12
  5  11   1 -10
-22  24   3  -2
-17 -24   7  -2
  0  21 -14  12
 -6 -21   4  -6
-14  -6   8  24
  6  -8  -6 -23
 10  -5  -3  -9
  2  21 -17  18
  5  -7  12  15
 -7  -9 -21  -4
 18  17  24  14
-22 -17  20  24
  8  -3  17  11
 18  15 -16  13
 22 -24  -2 -20
  6 -12 -13  21
-24  -9  16   2
-21 -15   3   7
-23   0  -9 -11
 -5   0  11  -2
-15   2   1  20
-21  -6  21   1
 12 -22   1  10
 20 -14  -4 -12
 20  21   5  11
 22   3  19   8
 -2  10  -9  -1
-23  18 -11 -19
-15  10   8  16
 -4  16 -19  -9
 -9 -23  16  -9
 -8  10 -23  19
 21  -3  -3  -9
 -8   1  15  18
-15  -5  19   6
-15  23 -21   3
 -1   3  18  19
 19  -9 -23 -10
-13  -9  12  23
-15  22  -9 -17
 -5   2 -20  16
 -8  17  -3 -13
-16  -8 -17  20
-12 -22 -17  11
  8 -12   5 -22
 11  18  -2  22
 -9 -20   7 -15
 24  21 -21   4
  6 -22 -22 -10
 -1  15 -15  17
  6 -11  21 -11
 17 -11 -24 -23
-10  11  19 -24
-10 -11  15  11
 19  12  -3 -15
  1  16 -15  -9
 -8   6 -15  20
-17 -11 -16  21
-11  -3  17   3
 -6 -17 -19  12
 15 -24   8  -7
 -7   1 -19  -4
-16  -9   6 -13
-24  13 -18 -21
 -5 -21 -11 -24
-20  16   4 -19
-13  22  12  -5
 -4  16 -15 -22
 -9  15  -5  -9
-13  15   7 -21
  7 -15  19 -24
 -7   7   7   2
 -9  -4   0   9
-10 -24  11  -8
 19 -12  13  22
-23  13  -4  23
 -4  13 -16  15
 16  -7 -15  19
 10  18   5  21
  5  20  12 -16
  8  18   5  -8
  9  22  18  -1
-24  -8   0 -22
 -8  -3  14  11
-22  17  13   9
 -3 -18  13  -1
 13   8 -20   7
 -4   2  23   9
 16 -22   2  20
-21 -13 -17 -17
  1 -19   1 -10
  1  16 -10   3
  2  -9 -21   5
 12  -8   5  22
-15 -17  19  -4
 13  -2  14 -16
 11 -13  -6   8
-21 -11   0   9
 -9  -3 -10  17
 16  23  20  19
 -1  -9  -9 -22
 -2  18   9 -23
-11  12   2   5
 -1 -15 -14  17
-11  24 -23  -1
 17 -20  -4  15
 -1   8  12   8
  5  15 -18  -3
-10   1   4   0
-24   5   6 -16
-20  10  14  18
 19  16 -10  14
 14  -7   4  -9
  1 -20 -14   9
 -1  16 -13 -22
  1  -7  -5  17
 -3  21 -11   9
-12   2  -4  20
 21  -7   1 -17
 22  -3  -4   5
 16  21 -15 -16
 19 -15  -9   1
  7 -18 -16 -19
 21 -22  10 -14
  0  -6  23   9
 23  -2  21  19
 24 -22   4  11
 22  20  23  16
 17  19 -22  -2
 17 -18 -24   5
 10 -24 -23  16
 18   7   3 -22
-15 -19  23   2
-15  10   0  15
  6  24  10  23
 14   9 -12  12
 19   4  13  21
 15 -18   2  24
  4  10   1   4
-19  -9  18   6
-18 -19  -9   8
-15 -21   7   3
 -3  23 -16  -5
  8  -6 -20   6
 20   0   9   3
  2  -2  -8 -17
 -9 -15  12  16
 -7  -8   6  -6
  5  11  15  19
 10  10  22 -22
 24   5 -17  -3
  2  21 -11  -5
 17   0   0  21
  6  -3 -12 -13
-23  24  -9  11
 17  -6  18  19
 12 -14  -9   8
 15   5   1 -20
 12  11  -6  -5
-24  -1   7  14
-21  -7  18  -6
-16  11  24 -21
 22  -8  11  23
 23   0   6  16
-16 -24  -7   9
 11  -3  -5 -10
 -8  -9  19 -15
 22   5  11  -4
 -5   1   7  21
-11  -8  19  13
 15   5 -12  11
-12  17   4  17
  5  11   6   9
-16   9  19   8
 22   3  -7   5
  9   4  19  -2
 -6  23  22  24
 10   5  15  -7
  1  -9 -20   0
  2   8  20  18
 19  -1 -11  -5
  5 -18 -24 -15
 23  21 -20   7
 -4 -17  11  14
 18  21  17 -22
-23  21  15  21
 23   6  10  -5
 19  10   8  -9
 18  23  -4  12
  1 -19 -10  -2
-20 -19  -6  -8
 18 -11  14  14
 14   4  -9 -23
-24   8   0 -19
  6   6  -3   7
-16   8  22  12
-22  -8   7 -19
 -1 -11   3  -6
-20  12 -13  20
-20   7 -12 -22
-18  12  -6   5
  6  -2  -6  15
 -2 -24 -14 -16
 21   5  24  10
-16 -16  24   2
-16 -17  20  -5
 -4 -13  14 -15
 23 -16  16  -1
 -8 -14  10  20
  9 -24  15 -23
 14 -14  12  -2
 24 -11 -22   1
-14  -8 -19   2
 -5  16   9 -23
 -8   8  12  11
 -1   2  22 -15
-22 -18  20 -11
-11  -4  -9  11
 18   8   6   4
 19  -8 -16 -24
 -1  -9 -15  17
 -7   3  18  18
 16   1  14  10
 24 -16  21  16
  2 -16  -1   2
 24  21  -1 -21
 17  21  15   2
  5 -15   7 -21
 -7 -16   2  16
-10 -23  22  -4
 13  16  -4  24
  9 -20   1 -22
  8 -11  22  19
-22  16  12 -11
-16 -16 -17 -12
-11  16 -11 -14
 22 -15   0 -13
  8   3  18  -5
 16  13   9  19
 -2   4  -1   4
-22  -9 -10  19
-17 -20   4   2
-20 -12  14  16
-17 -17  -3   6
  5 -18  -8 -22
 12   4  14 -15
-15  -4  20  11
 16   9  -7   3
 19  10  19  24
 22 -14  14 -17
-19  -8   6 -19
 -4  -8  23 -13
 -7 -16 -14  -4
 23  10 -20   4
-16   6 -15 -16
-16  -7 -10   8
  2  -2 -21 -20
-12   5  10  -7
 24  -8  -9   8
 15  18 -15   4
  7  12 -16   5
 12  -2 -24   1
 17  -6 -22   7
-12  -9   9  -8
 -7  13  16  20
 10   2  13  -1
 11  -3  14  -1
-22  -5  24   1
 13  13  -4   5