  1   9 -19  22
-20  20   0  17
  4  19  14   1
 -4 -10  -2 -11
 18  -1 -23  -7
 18   3 -24  -2
  7 -19  16 -24
 20   2  -4   8
  6  -1   0  11
  5  10 -23  -2
-11 -12   7  14
  1 -17 -24 -22
-22 -20 -24  -1
-19 -20 -18 -22
 16 -23  -1  -3
  6 -12   0  23
  5  22 -16  -3
-23 -18  -6 -15
-11 -16   4  18
-13  -8   3  -4
 -5 -21  15   6
-22 -18  11 -13
 -1 -19 -16 -18
 -5  14   2  19
  0 -14   0  -7
 -3 -23   5  20
  7 -19   6  24
 -7   5 -15  -2
 23 -12  -2  17
 -6  21   3  -2
 -7   9 -10  -7
 -6  -7 -10 -11
-17   3  -3  -7
-18   0  -3 -17
 10  17  15 -21
 19   4  23 -13
  4   5   9   8
 -1  20  21  18
-21  23 -24 -19
 12  14   7  -4
  5   9   0 -23
 -3  11  15 -24
-11  -9  15  -6
 21 -12  24  10
  8  15  18  -6
 14   5   5 -12
 -1   8   8   5
-21 -24 -21  19
-11  23  -9   8
 18  -9 -14   5
 -2   7  20 -10
-20 -11  -5   0
-13   9  15  14
 10  17 -16   7
  9 -21  -8  15
-24  -8  24  24
  2   4  -7 -14
  8 -16  -2 -24
  3  -1   7   3
 10 -17  18   0
 12  -4  23 -24
-22 -17  13   8
  7  21 -23  13
-21 -14  -8  18
 -1 -12  14  20
 -6  -8  23 -12
 19   2   6 -24
-22 -16   0  23
 10 -18 -22  -1
 19  -1 -17  23
 -1 -18  10 -13
-24  -6   7  -9
-21 -12  14   2
-12 -22  -8  -3
 -5 -18  21  17
  9 -24   0   3
 13 -19 -17  19
 10  13   1  11
 18  13   7  -2
 20   4   8   8
  5  18 -19 -20
 -1   8  20 -17
-13  23  19 -22
  9  -6  15   9
-22  15  17   8
  7  23  15  -3
 -7  15 -22 -19
 -1  -3 -13 -14
 24  -9   2  10
 15 -10 -23   2
 10 -14   0  20
  7   2  17  18
 -4   7  18  13
-15  24 -11 -19
  6   3 -20   3
  7   0   5 -16
 -7   6 -18   0
  5  24  20  13
 23  16  15 -20
 20 -21  -4  14
 16   4 -18  14
  5  15  12  13
 -5 -14 -19   1
-22 -12  10   5
 16  19   8  19
-23  -9  -9  15
 21  -2 -21  -1
 23 -12  -6  12
 -2  24   3  19
-24  -8 -10  -2
  8  14  -3 -24
-18  -1 -16 -18
 -2  -1   0  -4
-18  19 -14  -3
-16  15 -12   6
 16 -18   6 -18
  6  20  24   2
-12  -7 -23  10
 -8 -11   3   1
 15   1 -12   6
-11  17  -1  -6
  1   6   0  -8
  2   8   6  -1
 14  24 -20   3
 13  22 -17  21
-10  -9 -18  12
  1 -23 -14 -17
 -5 -15 -20  -6
 -3   4 -23 -13
 15  -9 -15   3
 -8  24  -2 -10
 -9  20 -20  12
-17  -6 -20   0
-16 -17 -21  11
-15   4  12 -12
  7   9  18  -9
 22   4 -24 -18
  1   5  21  -1
-22 -15  -8 -20
 -8 -23   9   0
  6  -3  15  -7
-20   7 -10  20
-24  14 -19 -16
 -6  20 -23  10
 -2   6   3  -5
  7  12   8 -12
 -3  14 -19  16
  0  16  11  -2
  0  -7  20 -18
-12  20  19 -10
  7  17   0 -19
 19   4  -7   2
 -9   0  19  11
-21  15   2  13
-10   9  13   0
 16  24   4   7
 21  -2 -11 -11
-24  12 -17   8
 -6  -6  13  22
-15   4 -10  22
-18  10  21  -5
 20  -9   7  12
-10  10  20 -19
-10  22   0  -6
-11  20 -13 -14
  6  -6  11  19
 24   1  -7  11
-12 -16  21 -13
 20  24 -23  11
-19  13  -3  18
 -2   3   6  14
  0   2  -9   4
-22   6  -4  14
 10   5 -12   9
 10  14 -24  -1
 21  -7 -13   9
  4 -17  -6   9
-12   3  -1   2
-17  23  -9 -22
 22   5   5  15
 -8   0  -2 -11
  5 -20  13  -4
  2   3  17  23
 -2 -24  17 -13
 20   6   2  -7
 -5   6  14 -15
-14  24   4  11
 17 -14  21  -5
 10   0  14  -2
 16  -3   2 -11
 -5 -24 -15  14
-12  -3  20 -12
-21   2  -5  -8
 -7  -3  -2  19
-12   8  14 -14
  9 -11  13 -10
 10   9  13   5
 21   7  19  15
 13  11  17  -8
 -9  17 -10  -7
  4  -4   8 -13
 -1 -13  14  -5
 -6  18   2 -23
-13   2 -16  -3
-12  -3   3 -16
 15  -3   9   1
 12  16  24 -16
 24  -8   3 -17
 -5  13 -10   9
 -5  -2 -16   0
 12  17 -22   1
-21 -12  10   0
 19 -19 -12 -14
-11  -5 -16  14
 21  13  15   1
 15  -7  18  14
-16   6   7 -21
  4  -1  22   3
 12 -15   9   9
 22   2  13   2
-10  18  20  -9
 12  11 -13 -22
  8 -14 -17  13
  6  -3   7 -17
 -3   9  24   4
-11  20   3  -8
 11 -10 -21 -11
  3 -10   5  20
-18 -14   0   9
-17 -21  21  16
 -6 -13  19   0
-21  22  -4 -20
 15 -13   4  20
-21 -21  23  -5
-19  24  -8 -22
  5   7  24   0
-11  13   4  -9
 -1  13   7   0
 -6  11  -2   9
-22 -12  -1  -3
 -4  -8  11  17
-15   0   1  16
  1  -7  -7 -22
  9  -5  19  19
 21  -6  22  -9
 -2  -4  20  -2
 15 -17  23 -10
  8  -3  -7   6
 23  11 -24  24
 11 -19  10  -1
  3  -4   0  10
 -6  -3  -6 -20
 18  -2  -7  22
 -6   6 -11   2
 17 -22   7   7
-15  -5   7  -9
 10  11  22 -22
 -8  -8   8   2
  8  -3  -4  13
-18  10  15  -7
-10  21  24  18
 -8  11  -4  23
 -3   1   7  -8
-17  10  13  23
-16 -11  12 -22
 -4 -23  12 -18
-15  -6 -12 -16
-12 -18 -19  -8
  4 -13  -3   4
 21 -10 -20  15
-24   5 -10  23
 13 -15  14  14
 12 -16   2 -20
-22  -8  20  18
 -6  -5 -13 -17
  9 -18   8   3
-20  -6  -5  -8
 22  16 -22   7
 -8   4  -1 -10
  2   2   7 -13
-21  -4  -9 -20
 -3   0 -16  -2
 21  11 -22  18
 -6  -4  -5   4
 17 -18 -17   8
 -2  -8 -12  -7
  6  -4 -21  20
 -2   1   1  -6
-14  18  17  20
-15  10  11  -9
 -7   3 -13  22
-11 -19 -13  18
 19  12  12  -6
  2  14   9  13
-17  -8  13  -2
 -4 -14 -24   4
 12  -2  12  -6
 -2  15  15   9
-23  -3  19   5
  9  -4   3   0
  9   3 -18  -3
 -2  -3  -8 -15
  4   9  -7   7
 -7  16  23  -8
-15   1   6  11
 14  18  -7  -1
  3 -19   0   6
  0  -5  -4 -18
 13   0   7 -14
 15  -5  -3 -19
-17  -7  14  12
  0   7  16   4
  3  10  -5  21
  5  10   1   5
 -2 -15  15  17
-22 -20  20   0
 19 -18  12  14
-19  12   3  10
 -2  16   1 -13
  2 -16 -15 -12
 -8  15   4  -8
 22   1 -11   9
 -7 -24   9   5
 20   2   9  -2
 -3 -13  -5   6
-14 -14 -13  15
 13   2  20   1
 20   5 -15  -2
 12  16   3   5
 19   3  20  17
  9  18   6  15
 23  -8   6   5
-23  -2 -19  -3
-13 -14 -24 -13
 20   4   7   3
-23   7 -24  -1
-12  20 -17   8
  8   2  -5  -3
 -7   1   0  -1
 13  -9  22 -19
  5  -5   9  13
  0 -19  -2   4
 11  16  15   4
-14   0 -15 -24
 -5  17 -13   9
-22  -3  21 -12
-11  -6 -13  24
 21 -18  -6   1
-20   5 -24   0
 -1  17   7  15
 -4  -7  23  23
 21  22 -22 -19
 14  -3  13   6
  5  -5   3  -6
  5 -18  18  11
-10  21  12 -16
  8  -8  13  -1
 -2 -16  -6 -21
-14  -7 -21  23
-23   5  -6 -18
  0  19 -17  10
  6  16  20 -24
-12 -19 -13  -1
 -5   2   6  -8
-10  23  -8  13
 21  12  -2   9
 -4  20  -8   8
 -7  19  14  18
 -8  22 -21  -5
  8 -17  -2   7
 15  12 -16 -24
-11 -17 -15 -13
  6   5  15 -13
-10  -5 -15 -24
-15  23  17 -16
  5  12   8 -14
 13  17 -19  -1
 11  -8   0  15
 -1  12   1  -7
 -8 -24 -17  16
-16  22 -12  -5
  1 -12  18   2
 19 -24  -1 -22
  8   2   9 -23
  0 -10  23 -24
 -2   5 -21  15
-14 -14 -10   2
 12  -2  16   4
-11  13  14   0
  9 -12 -24  18
  9 -14 -21  -4
 -1   7  18 -22
-12  20   2  11
 20   6 -11  13
 -2 -10   9 -22
 13  15   9   1
-18  23   5 -18
 15 -21  -6 -14
-22  21  -2 -14
-14  14  15 -12
 21  14 -20  15
 -8  22 -21 -11
  6  11   2  16
  1 -10 -24  -2
 21   2  11 -17
  9   0 -13  19
 22   9 -12 -22
-19  20   6  19
 15  -6 -13 -13
-10  13  12 -15
-11   4 -18  -1
  4  13 -17   9
-10  -7  -3  12
 -6 -15   0 -13
 18   9   4  21
-11  24  -2  21
-11  -7 -16  -1
 18 -11  -4 -17
 11   1   2 -23
  0 -12  20  20
  6 -23  11  -7
-14   4 -15   7
 23 -20 -15  13
  6 -19 -15  22
  0  -2   1  10
 23  19 -17  14
-21 -18 -14  -6
-17  14   2  -6
 -2  11   1   3
  0  -1   1   0
-14   4   5  12
  6  -6  -4   1
-16  -4  -7  12
-20   8  -6  12
 10   5  -9   5
 14   3  18 -19
 15  10 -14  10
 10 -19 -19   5
 20 -10  -9   1
-18  -9  19 -13
 11 -18  -6  21
 15 -10  -5  -6
  0  15  -4  -1
  3  15   4  20
 -1   2  11 -14
 23  -1  -7  14
 11   2   7  -8
 -7  18  12   3
-10 -22  17  17
-24 -12   8  12
 -6  22  -6  -2
-10 -18 -12 -18
 -4   1  -5  13
 -2 -21   2 -16
 20  19 -14  -9
 -5 -14  23  -6
-10  10  -7 -14
-11  12 -22  23
 -2 -20  18 -16
  4   5   5 -23
 -6 -11  -3  19
 18   7  -2  -2
 10  16  10 -20
  8  -8 -22  -8
  2  24 -17 -16
-14  -3  17 -15
  1  16  11  19
-14 -17   4   3
-16  -4   8  21
 13  19  21  22
-22   4 -23   8
 13  -4  -7   9
  6  15  -9   3
 -3   4  -2  -2
-21  13  10  -8
 -4  -4  -2 -13
-13  17  -2 -10
  8 -15  -2 -16
 -5 -12 -10  23
  0 -19 -16 -15
-20   8 -16  20
 10  15  -7  12
 -5   9  13  15
 -9  -5 -16 -15
-21  -3   4  -4
 19 -19 -10  -7
 -9  15   9  13
 23   6  -7 -22
-10   4   4 -18
-10 -21   7  20
 -8   3   7 -20
 -9   6   5 -10
-23 -17   0  -6
  8   0  -9  21
 11 -12  14  24
-18 -15  -8  -5
  8   4  19 -17
 22 -23  -9 -15
-13 -18 -10   4
 16  -7  23   2
 -6 -11  18 -14
 12 -12  -7   4
 12  14   4 -18
-14 -15 -14  -7
  2   4  18  -9
-23   9  12  23
 -5   4  -3  13
 -9  -9  20  13
  7  13  -5 -23
 14  16  17 -11
  6 -17 -24  -2
 17  12 -11  -8