-10   2  11 -24
 11 -24 -15 -15
 13  -1 -15  -8
 -4  -8  -3 -22
  7   7 -23  -4
-11  14 -17   2
-23  22   2 -22
-14 -19   7  -2
-13  -5 -20  -5
  9   4 -12 -23
 -7  23 -17  -4
 -5  -6 -21 -18
 -1  14   0 -19
 24  15  10 -10
 16  10  20  14
-20  20   6  15
 -7  -6 -10  -9
 20 -12 -10  21
 10  -9  -1 -15
-16  -3 -18  -3
 11  19 -11  23
 20   7 -24   1
-15 -16  22 -21
 11 -24  -7  -1
 18  11  -9   6
 12 -21  22  -7
  7  20  -3  -6
 15 -23 -11  18
 10 -12 -17   4
  8   6 -19  -7
 -9 -10  -8 -18
-22 -16 -18   3
-20 -21   3  14
-18 -21  -8  13
  0  -2   5   8
-14   6  14 -19
-19   3   3   3
-12 -23 -18 -11
 -9 -11  19 -10
 12  13 -20 -12
 -5  -4 -14   2
  9  19 -17  18
-23  12 -15   0
 19 -10 -10 -14
 -1 -21 -19  14
-17   2  12 -20
  1  -8   6 -13
 21 -20  15  -4
 -4  -6 -11  -9
 -6 -15  17   8
-17  15 -21   6
 24  15  20   7
 -3  16  16  17
 13  24  -5   6
 20 -20  10 -24
 16  -1  23  14
 -6  -5 -19   0
  4   7  10  17
 20   3  18 -14
  9  22  -5 -19
-23 -12  22 -14
-19  -7  14   1
 -8 -22   7  18
-11   5  -7  16
-16 -16  13   8
-23 -10 -21  -7
-10   8  19  20
-20 -17  -1  22
-10  13   2  22
 -3 -17  15 -11
 -2  14  -1   6
-20 -17  -4  24
 -1 -22  18  17
  7 -15  -1 -18
-24 -15  21  21
 12   1  18  22
  7   8  -5 -13
-21  11  -2  -8
 20  20  14 -11
-10   6  -9  17
  6   2   6 -19
-15   6 -17   2
-17 -18  -4 -21
  2  -3   9 -24
 24  16  19  24
 -5  -6   0 -24
 -2 -20  14   3
 16  12   4 -13
  1 -15  16  10
 -8 -11 -12   7
-21  12 -13   1
 -1  10   8 -16
 18  11   8 -11
 18  23  -2 -24
  9   5 -11   4
 18  18 -19  13
  5 -11 -14 -22
  7 -15   7 -10
 -7   4  -4  17
-17  20  23   9
-20  -1  19  -7
 -9 -11 -19 -17
  8  -2  18 -19
 20  -4 -12   4
 -3 -14 -16   9
 16   4 -20   9
-23  -8   6 -24
 -9  12  -9  16
  2  19   4  -4
 17 -24 -16  24
 14  -5  -4   0
 -9 -11 -24   9
-15  22 -24  22
  1  -4  21 -17
  8   1  20  18
 23 -16  24 -20
-14   0  17  20
 -3   9  12   5
  0  -6  -9  17
-13  -3   7  11
 13  -7  24  -1
-13   8   4  19
 13   5  18 -22
  1   7  15  22
-24   8  -2 -16
 12  20  -2   8
-11  22  13 -23
-14  10  21   0
 20  -5 -11  17
-20   8 -11 -24
 18  -5  23 -20
-22 -19  13  16
  6 -17 -21  10
 17   2  -7 -16
-12 -11  14   1
  0 -13  19  20
 12   1  12  10
 21 -14   5   2
 -6   8 -17  -4
-15   6  -1   8
 20 -24  18  -3
-10   8   9  -8
 20  19 -19 -16
 -5  14  20  -4
 18  -8  -8 -16
  1  -2 -24   5
 16  22  19 -10
 -3  22 -15   9
 -5 -22 -14  13
 16 -18   3  -4
 20 -24 -23   3
 24  18  15   6
  8  14   6  -5
  0 -14  24 -12
 20   2 -22  22
 16  16  20 -20
 11   8  -6 -18
-17 -24  20  -6
 22 -15  -5 -22
 14  -5  14   1
 12   2 -11   9
 15  15  21 -10
-12  18  12  17
-13  18 -23   0
  4   1 -21   9
 -4 -18  11  -5
 21  23   0  -2
-10  13  -5   5
-22 -23   1 -11
 -5  16   3  -3
 16  17  22  20
 -6  16  23  -1
 -1  21  13  17
 -8  15  -8  21
 -1  -4   5  14
  3   1  -7 -20
-15  -6 -17 -20
 10   6  19  17
 20   0  13  -9
 22   8  -6  24
 21 -16 -12   8
 -5  24   7  11
  6 -12  -2  20
  5 -16  24 -12
 -5  19  -6  -2
 11  -3  -1  -3
 -5   5 -15   6
 -4 -20  12  -3
-24   3   7  12
 10 -23 -14 -18
 23   7  -3   1
 -6  17  24  -8
  0   7 -11 -20
-15 -11  10 -11
  1  -1  -6 -15
 -8 -21   7  23
 18  15  10   3
-13   6  19  12
 20   5  22  13
 -8 -17  -7  23
 18 -12  17  14
 -6 -21  14  -1
  3 -22  -5 -22
-22  -4  15  10
-22  15   8 -10
 20   9 -17  19
 23  23 -11  13
 19 -19   8  -7
-20 -23 -15  17
 24 -16  24  11
-14  -8 -21 -23
 -8  -3  10   0
-19  16 -19 -20
 -7 -17 -10 -16
 -9  -4   9   0
 17 -13  -5 -24
 -8 -11  -8   2
 18  -1 -14  -8
-19  19   2  14
 12  10   9   3
 -6   8 -15 -21
  1 -18 -20 -15
-20  -2 -19   3
 21  -4  16  17
-18 -21 -12  -1
-15  20  -5  22
  0 -16   1  16
 22 -13  -5 -14
-12  -1  -1  17
  1  -6  17 -18
 -8   5 -18  18
  5  17  11  -2
 12  -3  23 -11
  9 -22 -15 -15
 -4  20 -11   6
-16 -20 -24  -7
-15 -20  11   2
-18  -9   1 -12
-12 -15 -14   8
-15  -8 -11 -11
 16  -9   8 -11
-21   5  24   8
-10  11  20   4
-24   0   7  11
-19   0   6  10
 14  -8  13 -14
-12 -14 -18  -5
-19  10 -18  16
-14 -13  -6 -11
-10   8 -13   2
 22   9  23 -15
-24   2  -2   6
 17 -18  -9   5
-11  -5 -24  16
  1 -20   5  16
  9   7 -18  22
 17 -23 -10  15
 -3   1  -5  23
 10   8 -22 -22
-17   9  -2 -20
 22 -17 -17 -16
  2  -7 -23 -12
  0 -19 -12  15
-22   3  23  24
-15  18  21  16
 11  -1  -7 -18
 20  -9  18 -13
 -4   2 -23  -5
  7 -11   7 -16
 23  -2  -6   2
  3  21   9 -16
-10  -9  12 -12
 20  -8   9  23
-22 -20   8   1
 -9  16 -21  23
-24  17  -4 -19
 -5  20 -20  15
-13   3 -19   4
  0   1  16  17
-15  -2 -13   7
  7  15  -4  -4
 -4 -15 -13  11
  9 -22   3  -9
 22 -13  -8 -13
  3  10   3  11
 22  12  -5 -11
 11  -3  19 -16
 11 -16 -11 -20
-21   0  20   9
 -3 -24  10  21
-21   7  -5  19
 12  19  12  -6
-16  -3  -1 -12
 10  -4  20  -2
-23 -18   4  18
  4  -4   3  -7
-12 -24   1  -8
  1 -12  10  -6
 13  -1   9  16
-20   1   1  -4
  9 -24 -16  -3
 23 -19 -15 -14
  5 -13  -1  15
  7  -5  21 -22
-22  -4  15   4
-20  17  12  -3
-14 -19 -24  -2
-11  13  23  21
-20   7  19 -17
-21  20  -7  19
 -2  15  -4 -14
-20  -7 -22   4
-10  10 -17  -2
  9  24 -11  14
 -4  14  -2  -4
 -1   5 -18 -20
-22 -22   6   0
-22  -7  22 -15
 13   1   5  -7
 -5 -16   8  -7
 15   4  -9   1
  0 -21   1  18
-23 -20  13  -1
  1   6  -1 -11
  6 -21 -10  11
-11 -23 -18  -5
-14 -23  -9  18
 15  -2  -1  -4
 -6  11  14 -20
-16  -7 -11 -19
 10  -8   4  16
-10   5  20  -3
-15  16 -11   4
-22 -14   8  -4
 13  23  13   8
-21 -14   1 -13
 16  11   0   5
-17  12 -15  -1
 24  11  17 -21
-17 -22  -8  19
-24   9  13  -7
  9  20 -16 -13
 17 -22   3 -17
 15 -16   0 -19
-21  17 -14   7
 12  22  13   8
 12 -12 -12 -20
-23  -9   6  -1
 24  12  17  -8
  1  -8  -1  -4
 -2  18 -13 -24
 -6 -21 -20   5
 -8 -19 -14 -16
-10  -3 -23   3
  2 -10 -21 -22
 -7   8  -2  -3
 18  10 -14  15
 18  -2  -8  19
 17   5 -11  -8
  1 -16  -1  -7
  2 -22   1   8
  7  -1 -13  24
 -5   1  18   0
 11 -12  -3  -6
 -7  -3   4  -6
 -9  12 -20 -10
 11  11  10  -4
 -4  -3 -18  24
 11 -22  16  -8
-23   1  17  14
 -2  24 -18 -24
  3  10  10  24
 -5  10  -8 -13
 13  10  17  18
-23  -4  16 -17
-12  10  -8  21
 19   5   6 -10
  5  18 -23  20
-23   4  24   1
  6 -20  23  10
-14   2  19  -1
-12  22 -11  -1
-23  -6  15   9
-17  18  -3  14
 -7  18  23   9
 -9 -11  -3  21
 -1   6  19 -24
 20   7 -20  21
 -9 -22 -20  19
  9  23   6  15
-10  17 -21 -15
 13   1 -10  -4
 16   1 -10 -24
 20 -11  -3 -16
  2  -3  -5  20
-13 -14 -15  24
-23  -8  24  22
 -7 -13  -5 -14
 24  -2   1  16
-19 -13   5 -20
-15   0 -13   5
-16  16 -19   1
 -9 -14 -18  12
 15 -13 -20   7
 18  -5  -3 -24
 14  17 -12  -7
  2  -5   1  10
-18  -2 -11 -20
 16  -5  24 -12
  0   2 -17   3
-24 -16  17  -4
-13   7  -4 -23
-21   8  22  22
  6  -1   1 -16
 22  -6   8  16
 -4  14  -3   0
 -3 -22   6  24
-24  11 -20  11
 -1  -8   0   9
-24  19  24  -4
 20   9   7   7
 -8  20  23  20
 -5 -11  11 -16
 -2  14  18  -5
 14  22   3  -2
-21   4  13 -10
 -2 -19  -4 -19
-13 -24 -17  18
-16 -17  -9  -3
-15   5 -11  17
 -3  -4  -8  10
-17 -16  18  22
 22 -24 -18 -17
 18 -13  18 -12
  7  24 -10 -16
  5   0   3 -19
 -9  13   9  -4
-18   5  -7   4
 -1   5  21  22
 24 -18   8  24
-21   6  23  10
-21   9 -20  -7
-19  15  23  16
  8 -11 -13   0
 17   4 -14  -5
  4 -22  -5   7
 23  21   8 -11
 -2   6   0 -15
  8  24 -18  20
 14   4   3 -15
-16   8  -2  -4
-24  -4   0 -17
 13 -12   4   6
-21  -2  15   3
-11   2 -21 -10
 22  -1  13 -11
 -5 -15  -3 -22
 -9   0  -6  23
 22  21  24  15
  5  15 -18   3
  4  20   2   4
-24  24 -20  -5
 24   1  -9 -20
 14   5   4  -4
 15 -21  10 -22
 23 -13   4 -24
  1   9  23 -22
 12  15 -16 -17
 20  13  10  17
 19 -20 -16   0
-16  11  14 -24
  8  11 -10 -15
 14 -18  20 -15
 10  24  -2 -21
-23 -16  13  -6
 -4 -12  18  -5
-10  10  -9  -4
-12 -14  21 -21
 15  -3  -2   4
 -7 -12  12 -10
 21   1 -14  -7
 11   1   7  15
-15  -3  15 -19
  5  23   6  -3
-14  20   3   9
-24  -3   0  22
 11  15  15 -16
  7  23  -8  -6
 20  -6 -19   2
 16 -21  16  -1
-14 -12  -2   4
-19  11   9  17
 23  14 -17   5
-14   4 -12  -6
 -6  -5  19 -21
 -3 -15 -13   1
 -4 -22   0   3
 12  17  -7 -11
-19  -5  17  21
  4  -1   2 -16
 15   5  18   4
 10  12 -22  19
  0 -10  -2  -8
  0 -19   6   0
-20   4  -6  20
 17   4  -5  19
 -3  20  17 -13
  8   7  23  -9
 -3   2  -3   9
-11   9  -3 -15
 15  23  13   4
 -5   0 -24   0