-11  15 -24 -21
 23  10   1   9
 14  -3 -24   7
-23   2 -13  -1
-24   3 -20  18
-14 -20 -14 -14
  6 -23   5 -14
 16  -3   1  -7
 -4   4   9  -2
  5 -18  18  22
 -2 -19   6   2
 -2 -10 -21 -12
 -5 -14 -17  -1
 -8  19 -14 -19
 -8  19 -16 -24
 16  20 -17  14
  1 -10  -1 -22
  2  24  -9  16
 13  13   4 -24
 -7  -7 -16  -5
 -5  15  -9   1
  3  13 -14 -11
 24   5   1 -11
 -7 -15   0  22
-20   1  20 -18
 11  15 -23   0
 24   2 -11 -13
  4   5  14 -12
  1 -21   7  -1
 19   4 -18   0
-23  -2 -19  11
  7   9 -13  -3
-24   2   5  10
  1 -18  -6  -4
 15 -20  -3  14
 10   5  -6  -9
 21  17  14 -14
-16 -12 -13  -2
  0  16   2   0
 16   7 -22  -9
  6  -2 -21  -5
 19   9   9  12
-23  12  20  19
  0 -10  16 -16
-11  19  23   6
  6  -3  14 -15
 18 -13  24   7
-22  14  21  13
 20  -1  20  -6
 24  18   3   9
-10  -1  -8   9
-21 -14 -17  16
-18  -9 -24 -15
-23  20  -8 -10
 15  -9 -22  17
 -8   0   5  21
-18   9  11 -12
  5 -21  -8  16
-12  17  10   3
 16   7   9  16
  3 -13  10   8
 18  23 -10  22
-17 -11  20  21
  7  14  16 -18
 -1  21 -11  -2
-24   5  14  -8
-12   1  -2   7
 19  19 -15 -21
 -5 -22 -13  23
 20  -4  -4 -16
-15   3  -1  -5
 24  10   4 -13
-12  -9  -6   6
 11  20  -7  10
 17 -22  18  -7
 -9   1  17 -14
 12  18  22  17
  2 -14 -14  21
 10 -20 -24   1
 24  17  -5  12
 -2 -16   8  -8
  6 -24  12   9
 17  21  18   5
-24 -16   7  20
 -3   3  24  -7
 -2 -16  -6   6
-12  23  -5  16
 18   1  12  14
 -8  -1   5 -24
 -3  16   3  24
  8  17  15  15
  1  24 -22 -15
 14  19  -6  21
  8 -22   8  13
-20  23  -5  24
 -1  17   1 -14
 12   8  -2 -22
  0  14  14 -22
  1  -4  16   9
-12 -17  18 -20
 -9  -2 -22  16
-19 -14  16   7
 10  10  -9 -16
 24   0 -13  -8
 20 -13   6   4
-11  10 -18 -12
 23  13  14 -10
-11  -6  10  16
  8 -16  -8  12
  6  19  -6  -1
 18   5  23  -4
-13 -22  23 -16
 -6   1  12  19
-23  17  21   7
  9 -15  13 -12
  2 -18  12  12
  7  -2 -14 -16
-23 -17  24  23
  6 -19   9  22
  8 -12  11  17
  1  16  21   1
 -5  16 -15 -12
-10   4  15 -21
  3   4 -17  -9
 10 -11   4 -19
  7 -12  -4   3
 24   2  14   0
 18 -20 -24 -14
  8  -4  -8  10
 -1 -14  20   2
  3   1  18   3
 12   5   3  -5
 24  -5 -17  10
-20  14  -1  -4
 15  14 -11   8
-15   3 -14 -23
 -5 -13   0  21
 -9 -14  -2 -15
-20  -2  15  -4
-20  -7 -17  10
 -7 -23  -2   3
 -3  17  -3 -13
  4  -7   5   7
-20   1 -11 -22
-17   8 -20  18
 -9  20  -1 -21
 -9 -15  11  23
  7 -22  16 -24
 20   2  10 -16
  3  -5 -17  -3
 11 -14 -17   7
 -6  -1 -12  17
 -1   6 -17  20
 -9 -15  15 -12
 15 -24  22 -21
-15 -15  -1  15
 21  10 -13  -1
 20   5  -6 -24
-23 -14  11  -8
 14   7 -10  23
 21   3  22   1
  5 -21 -18 -11
-16  11 -10  11
 23  22  19   5
-13  14 -10 -17
-14  -1  -5  17
-19  -1 -10  20
 23   7  13 -18
-23 -17  -4  20
 21  -2   6   0
 20   3 -14  -9
 -7  24  18  15
 13  -7  -7   7
 11   0  12  23
 -7   4  15  -4
  2 -24  12 -11
 -3  21  -9 -10
 -8   2  13   7
 22  -3   7  11
-21  16  19 -17
 22  17   6  16
  8 -17  19 -23
  2   1 -11  23
 20 -20  18   0
-14  19 -22  20
-21   4  20   4
  0  -7  11   3
  6  14  -4  -6
 -1  18  -9  -7
-10  -2  20   8
 -7  18 -12  23
  7  20  22 -11
-21 -23   9 -12
-16  15  -8 -14
  0   5  -2   4
-10  11  13  20
  3  14   8 -19
-13  -8   0   8
-19  21 -14 -18
 15   7 -14  24
  8   4  -6  15
 21   9 -12 -19
 -3  -3   6  21
 -6  17  13  13
-24 -21 -15  -9
 -2 -14  18  -5
-12 -13   8  23
-18  -5   3 -12
-16 -10  23 -18
 10  10  15  -5
 16  24 -22   5
 15  15  20  -9
 -3  18  -1 -10
 18  13  11  16
-20   3   0  23
-19 -24   3  12
 -5 -13  10  14
-24 -19  15  22
 16  -8 -17  19
  6  -4  14   1
-19 -11  -9 -21
-24 -13  12   3
-21  14  -5  24
-15   0  -7   4
 20 -20  -6  11
 -6 -15 -19 -19
 21  15  20  24
 -9 -11 -16  19
 22 -13  22 -23
 -2 -23  22  -3
  2  14   7 -15
-15 -10  15  24
  9 -16  11  -7
-11  -9  18  -3
 -2  17  -4 -22
-20   3  -9  15
-18 -10 -17 -14
 14  14 -21   4
-19 -12 -21  -8
 24 -12  -4  18
  9  10  20  -3
 -7 -15 -13 -15
 -4 -14   9 -23
-12  -6  24   9
 21  -6  -9 -23
  0  13  22   5
 18 -18 -18  11
 21  13  -3  -4
 -1 -24 -19  17
-23 -13  -6 -11
 14   1  10   7
 -5   3  10  24
 20  -3   2 -23
 -5   6   7 -12
 -5  -3  22   3
  5  -4   2  -4
 -7 -17  11  10
 -4  -2  18   9
-11 -19 -16  -5
 10 -12 -22  -9
 -7  -3 -20   1
  9 -10  23 -22
  7 -15 -14  18
-12  -2  -1  23
-17 -24 -13 -18
 11  15  21  18
  2 -21   7 -12
-17  24  14 -15
 -6  11 -20   9
 18   0 -16  18
 22  -8 -22  20
 12  -2  10  21
 -7   5  14  -8
 13  13  -8  11
 22   1  16 -10
 19  24  -9 -11
-18  20 -20   3
-10   9   8 -22
 -2  -6   6  -4
  7 -24  11  -3
 -6 -14 -22 -24
-16  -6  20 -10
 15  16  22   4
-14 -17   6  11
-13   6 -24 -10
  0 -19  -8 -23
  9 -18   1  19
  1   1 -10  -3
  2  13 -16  -4
  4   1  -3 -12
-12  14   8  11
-13   3 -10   4
  3 -13  -6   2
 -8  -5   8   6
-22   9  24  14
-19   4  17  18
 12  23   3  -9
 -3  19 -12 -13
-15  10 -10  -8
  2  17 -20  19
  8 -12 -21  10
 -5  24 -16   3
-17   0  13 -18
  1 -19   6  -4
 11  13  20 -19
 -4   0  -9 -17
  3 -15   8 -17
-11  14   4  -6
-15  22  23  10
 13   8  -3  -8
 18  -3 -13   5
-14  -8  14  21
 11 -22  21 -16
-18   5  -5  16
-14  20 -21   8
-14 -15  -1 -14
  3  -4   1  19
-21 -19 -16   3
-11 -19   5  -8
 -4 -24  11  -9
-16  -4 -17  -1
-18  10 -13  10
 24  12  -5  22
 12  15   8   8
  1  14 -12  -4
-11 -23   4  -4
 20 -15 -10 -20
-10 -20  14 -20
  3 -23   0  24
  0   8  23 -19
-20  -6  -7  -2
 14 -12   8 -24
-23  -5  -3  18
-18   0   1   0
 -8   2   6  -2
-21  -8 -23  14
-12 -14  15   5
-20 -11   7  11
 -9   3  23 -24
 -6  -9   3   3
  5   9  12  -7
 24 -12  15 -20
-15 -16 -10  23
 13 -21 -16 -22
 -4   2  11 -22
 -1 -14  12 -24
  8  -5  18  10
  1  21  -1 -13
 20  -3  -1   6
 15  -2   3 -14
  5  17  -4  10
  8   1 -11  15
  9 -11   0  -8
 12 -14 -11  11
 -3   4 -16 -20
 11  19   2 -14
 11   0  18  20
-24  -2  21  17
  2   3 -19 -19
-10 -24 -12  17
  4  13  -1  -8
-13   0 -19  18
 11 -11  19  -4
 15  13  19  -4
-23 -23  -9  14
 13   2 -21   8
 17 -11  -9  14
 20  24 -15 -15
-18  11  -2  -2
  6  18 -11   5
 -6  -6   3   3
-20  -5 -18  20
-24   3  -8  -2
 -3 -21  23  -6
 20  18   6  22
 22   6  -2 -22
 -7  -2 -11   2
  7  20   9  23
  5  -4  14  18
 -6  -3 -21 -20
-12  -9  13 -21
 -6  21  -5   8
-13  22  -8 -20
 11  10 -12  -2
 20 -22  -7  11
 17   1  -2  -9
-21  15  -9 -20
 -3 -16   7 -22
 21  -6  -3  18
 17  -2  18 -10
-16  23  22 -14
 11  21  -4 -24
-14  19  14 -17
  0   2  14 -14
-10 -23  -5  15
 16 -13   4  17
  9  22 -19   5
 17  18   7 -20
 -4 -20  13 -17
-13   3 -10  10
 12 -22 -18 -24
-23   4 -19 -22
  3  17 -19  18
 13  15  14   0
  8  17  -1  -7
-12  19  18 -14
 -5  13  23  15
 18  15 -11 -23
 -4  22  24   2
 20 -21   9 -10
 -2  -8 -20  11
 14  -2  15  22
-19  -2  13 -20
 16  21   2  15
  1  24  15 -22
-12  18 -10  -3
 -5 -20 -15  -8
  7   7 -20 -18
 -4  21  -8  -2
-21   2   0 -14
 12   6 -22 -23
 18  16  16  17
 14   6 -21   5
 23  -8  -6  15
-19 -15  -1 -18
  7  -9 -13  24
 11   6  10   8
-14   5  -6 -15
  2 -17  -1 -24
-20  17   7  -3
  4  -2  24  21
-24   5  13  19
 16 -11   2  19
-24  -4 -10  -8
-11  23  17 -24
 24   9 -15  18
  3 -10  18 -11
 24  11  -6   8
 22   0  20  24
-23   1  16   2
 14  -7 -23  16
 20   6  12  -1
-20   7 -23 -15
-20  12  -4  17
 -9  -1   8 -23
 18  16  16  -9
 16 -21  20  -9
-17   1   5  16
  0  -2  21  -9
 21  18  -9  -4
 -7 -13  13  13
 17   0 -16  -3
 -8  12  21 -20
-20 -23 -10  13
 22   2 -14  20
  1   3 -10 -24
-13  13 -22   6
-10  18   9   5
 17   2 -14  22
  1   3  22 -18
 22  10  17  14
-15   2   4  22
 -2   4 -14  20
  8  -3 -15 -11
-11  -4   5  14
  7  -9  18  13
  9  22  10  10
  8   1  13  13
-18 -18  -1  -2
 -8   8  21 -17
 21  18  -4  23
 19 -20   8  -9
  2  17  10   3
 11  24 -21   9
  2  -5   9   6
 24  -6 -18  17
-10  -8 -22 -12
-10   2 -24  -3
 -4  -4  13  12
  8   1 -20 -19
-21  12  15 -22
 -6 -15  19  10
 12  -2  17  20
  8   1   2  -8
 24  20   3 -15
  8  17  22 -18
 12   5 -10  -1
-15 -21  -4   6
 -7  15  11  12
-14  23 -21 -22
 17   2  -6   8
 -6  15 -24  23
-14   4  24  -7
  6   8  -4  -8
  4   4  24  -4
-23  -1  12  11
 -4  -1  10   7
 14  17  18  13
-12 -22   8  22
 -4   0   1   8
 12  17   0   8
 -5  -3  14 -18
 -8  -5 -24 -21
 -9   8  -7  13
  8  -5   0 -18
-12 -22 -21   2
 -8 -17  15   4
  2 -11   5  23
  1   9  -4  18
 -8  -3  22  19
-18   6  21 -24
 24  24  -3  23