 12  19  18  -4
  4  22 -17 -12
-14  10  13 -19
 -1 -13 -16  10
 13  15  22   8
  1  20  -3  24
-23   7 -22  -8
  0 -11   4   7
  2   8 -21  -8
 22 -18   7  -1
-19 -11 -18   0
-18  -5  13 -11
  8  -5   4 -15
  7  23   9  -7
  1   5  17  -6
  4  -5  16 -17
-19 -17 -19  -9
 12  -7  14  15
 24 -11  -8 -16
-20   2  -2  19
-18  11  11  11
-24 -21  -8  -7
 20  24  -4 -15
-18  -1 -18  17
 14 -14 -11   9
-20  19  -4  21
-16   2  -7   0
  2  15   5  16
 19 -15  12  -4
  7  14  -5  -6
-15 -20  18 -18
-15 -13  -5   3
 16  13 -18  17
 19 -18 -21 -12
  8  14  -4  17
 16 -19  10  17
 23  16 -20  12
 12 -13 -12  11
-13  -5  -1  12
 23 -17  15   5
 24  -5  -3  -4
  9  22  19  -7
 -3  -7   7  19
-15  -7  -2  -6
 11 -10 -24 -11
  1 -20  13  -1
 11  24  13   7
 -1   5  15 -19
 -3   7  -6  -9
  1   5   0 -14
-20  -2  -3 -18
 12 -14 -13  10
-17 -20  18  14
-24  12 -10  -1
 17 -11   8  12
 24 -11   7   9
-23   7  24 -24
 -3   7 -12   3
 -7  12  17  19
 15 -17  -6  12
  1  -9 -14 -18
 -1  -1   8 -17
 24   5 -13 -10
 16  10 -22   1
 -7   4  -1  13
 -6  18  21   3
 12  -2   9  -9
-14 -13 -18 -20
  4   1  -5  13
-13 -14 -21   2
  8  18 -24   1
-18  24  19  -5
 12  21  10  18
 12  11  -5 -15
-24 -10  -2  21
-17 -13   7  -7
 -7  20  -3  12
  4 -21   1  -4
 22  10  21   9
  7  -7 -20  -6
-15  14 -16   0
  8 -22  -9   7
 -2 -21   8 -11
  7  16  10 -10
  5  -1 -13   1
-17 -10  -3  -2
 -1 -16   8  16
-20  -6 -15 -24
 -2 -22  13 -20
 16   0  -3 -22
 22 -23 -22   3
 17   2 -16  -9
 16 -20 -12 -19
 -7 -24  22 -13
-11  16 -11  -4
 -7  15  -3 -13
 -3 -21   3 -17
 17  19 -24  12
-13  14  -3  -8
  9 -20 -20  -3
 14  16  24  21
 21 -22 -17  22
 21 -15  17   8
 17   6  20  13
 -8   7   6  21
 14   2 -22  22
 17  20 -24 -19
-11   5  10 -15
-11   5  -5  12
  6   7  18  14
  7   0  16  12
 19  -4  -9   6
  8 -23 -10  -7
  0   4  23  21
 -6  -4 -21 -14
-15  21 -12  -7
-13  -8  23  16
-24   2  19  22
  7  -2 -21  23
 17   6 -16 -24
  2  -3 -20  18
  7   2  19   5
-21 -24  20 -15
-18 -21  17   9
  7  -2   5  -4
 21  -7  12 -20
  2  12  -5  11
 18   6  12 -17
 15  12   6  14
-13  24  20 -22
 -8  -2  -5 -20
 18   8  18 -24
-20   9  21  -6
-14 -19  -5  12
 12  22   1 -12
 16 -10  15   7
 -4  12  -3 -15
-21  23  -2  15
-11   9 -13 -16
 -6  -3  23  21
 16  -2  20   2
 10  23 -19   3
 11 -13   2   2
 23  13 -16 -15
 18 -22  21  22
 -9   6 -10  -7
-19   9  19  -7
  3   6 -11  13
-16   3  21 -22
-23  24 -19  24
 -1   4 -14  -8
 15 -13  17  20
 -9 -24 -20  18
 -4 -18  22   9
 -3  -5   7  20
  1  14  -1 -22
 -8  10  23  23
 23  -2  10  18
  4 -17   0  24
-20  15 -15 -14
 22  -6 -21   7
 10   8 -23 -12
-18 -11 -18 -17
 -8  21 -13 -20
 -5   6  17 -20
 -4  -2   6 -15
-14   2  11  -4
 23  17  10  -4
 24 -24  -2 -11
-17   4   0  16
  4 -10 -11  18
 11   2 -23  20
 23  -3 -17  19
-11 -23 -21 -24
  1  23  -3  -9
-20  -4  -3 -23
 13 -15   9 -21
-23  21 -10  10
 -2 -10   6  -9
 16  12 -10   4
-10   4 -23   2
 16 -22  24  -5
-16 -20  -5   2
 13  -5  18  19
-12 -16  16   2
  0 -20  -4 -19
-14 -22 -16 -22
 11  20  24  -7
 12 -17   2 -13
 20  24  23  -8
-19   6 -14  -6
-20   0  10 -11
-13  17  10  17
-24  -7   6  17
 24 -20 -23 -10
-21 -21 -18  20
-18   5  21 -11
-22  -1   3 -23
-18 -24  10  21
 -9  -7  15  12
 20 -11  -7  21
-22 -10 -10   6
 14 -11 -22  22
 -8 -12  23   8
 -6  19  10   0
-20 -19  -5  -8
  0  14  -4  10
 20  -3  19  -8
-20  19  22  13
-18  19  13 -10
 -4   7  -3 -22
 13  17  19  14
  4 -23   1   1
 14  17  -4  11
 12 -13  -6  14
  3   3  17  -2
-16  -3   8  -7
 22   8 -21  12
-17  21 -19  19
  3  -2   8   2
 -4   5  22  20
-13 -11  21 -12
  5  16  12 -18
 16  -6  -7  -5
-17   1 -19  -7
 -8   2  -1  -9
 11 -11 -21 -15
-24   1 -11   7
 21   9  -1   9
-11 -15  15  22
 23  -8 -20   9
-10  23  24 -24
 -2 -16   8  24
 15  21   0 -24
 11   6 -10 -16
  9  20   4  -8
 22   6 -12 -17
 14  20 -14  11
-20  22  -1   0
 12  10  17  -2
  2  17 -23  -9
  5  14  -3   4
 21 -15  14 -11
-10  12 -10   1
 23  16   0  12
 -7  11  23  10
-11   5  19 -23
-22 -18  19  20
 -8 -15  -8  21
  6 -11   1  -1
  0   9 -18   3
 11 -22  -2  12
-17 -11  23 -12
 -2   2 -22  19
 12  12 -15   5
-17  23   8  -9
 -2  11 -15   4
 13  10   7  17
-13  -5  -4  16
 11  14  24  -7
-16  17  -6   3
 -2  -6   5  -9
 -6  16 -16  -3
 -3   5   3   2
-23 -14  -6  -9
-10 -20  12 -20
 13 -15   4  19
-17  -4  18 -19
  1   5   8  -4
-14  -3  18 -24
  0  18  -2   6
 18  23   3  10
 10  17  -8 -16
-21  16 -20  12
 12  -2 -17  11
-14 -24  -8   3
-13   5 -21  14
 22 -10  -4 -18
  4   6 -17   7
 13  -6   0   2
 19  -8 -16 -20
-10 -21 -24 -15
 18  -6   9  21
 11 -15 -19 -23
-17 -19  21  -1
-21  -3  -1  -8
 14   3  11   8
  0 -14  13  13
  6   1 -22 -18
  6  23  -1  16
 23 -17  19   6
  4   3  14   5
  9 -16 -19   4
 14  15  -7   5
 22  19   4  14
-22 -19  -8  -5
  4   2 -16  -8
  3  -2  -1  23
-11  18  14  21
-14   5  -9  23
 -6  17   4  11
  8  -2  15  -7
 15  16  -5 -16
  5 -17  -4   7
 -2 -21   9 -24
  9 -23 -11 -19
  7  17  16 -11
 18  20   1  17
 20 -14   5 -20
 19  16   3  23
  4  13 -23   8
  8 -24  13  14
  9  22  -7  -5
-13  16 -10  -3
 -7  -2  -1   8
  1  21  12 -23
 -5   4   9  -9
-16  22   4  23
  9  23 -18  16
-23   6  22 -22
 16  11  23  -3
-16  17  -1 -12
 18  -4  -5  13
-21   8  10  -7
 -1  18  18  14
 -7  -8 -21 -22
 15 -20 -22  -4
  2 -21   5 -20
-14  -1 -23  19
 13 -18 -14  16
-21 -13  16   1
-11  20   5 -24
-10  21   9 -14
 -5   8   7  23
-10  18  15  -6
-13   5  20  17
-19  19  11  22
 -5  19   2  -1
 21  -9 -10  -4
 -7   7 -20 -13
 -6   3   5 -11
 24 -12 -16  22
  3 -23  -9 -24
-19  22 -23  14
-22  -5  10  15
 -6  20  -6  -9
-23  22   6 -22
 -9 -13  10  -8
-15  15  10  20
 16  -5   9 -14
 13  -8  18 -20
-15  22 -11  13
 -3   2  20 -18
 -2  10  -7  -7
 12 -15 -14 -23
  8  -3  14  11
  6 -20 -13 -23
-16  -6  15  15
  4   6 -13  -3
 24  13 -10 -11
-24 -23  -6  14
-17 -14  -7 -23
  6   1  -3 -13
-19  16   5  22
 18  -5 -18   8
-13 -18   1  16
  7  12 -13  10
-14 -24 -15   5
-11 -10  -5   0
  2 -12  17   8
 17  21 -18 -20
 11  -9  -7  23
 -3  12  -7  -6
 -9 -22  -8 -11
  0 -22  17   5
 -7 -21 -10 -20
 14 -22   3  14
 -9 -16 -10   7
 -4   7 -11  -9
 -7  -4  11 -12
  7  -4   4 -23
-23  -4   1  -4
  8  13   5 -14
 12  15 -14  18
 -1  20   9 -17
 10  -2 -19  15
-22   5 -14 -17
 21 -13 -14   3
  8 -12  13   2
 12  24  -2  -9
 -4 -10  14 -22
 24  -7 -11   9
  5  -3  17 -13
-10  -3  17   8
-15 -24 -14  11
-20  11  23  13
  4 -15 -11  -7
-14  -9 -23 -21
 -4  24  19   5
 18   1   1   3
 -3   5   5 -19
 11 -18 -20   0
  8 -20 -22  23
 -1 -19   4  -6
 23  12  -1  -6
  0   2 -11   0
 15  23  -3  -4
 13  15   1   0
 15  15  22  -3
 20 -19  11  16
-13  22  -5  18
  2   7  17  -8
 -4  -4   1   4
 13 -22 -19  -7
-14 -12  10 -23
  1 -21  -5  -8
 22   6  16  -6
 14  -6  11 -24
  9  -9  23  14
 -7   2   9 -18
 13  -7  10   5
 22   0   7  15
 24   2  13  -1
 21 -24  12  -1
-16   0  -1  21
 11  -4  18  -5
-20  18 -11  21
 17 -15  -7  17
-23  15  24  15
 -3  21  -4 -10
  1 -15 -12 -11
-18  -7 -22   2
  7   5  -4  -1
 -4 -19 -21  19
-19  12  19  15
-24 -14  -8 -15
  3  -6  -2 -18
-10 -15  23 -13
-15   7 -16 -23
 20 -17 -15 -10
  0  16 -24  -8
 19  23   5  -3
 15  17  23  15
 -2 -13 -24  -9
 14 -14 -16   7
  5  21  21  -6
  8   8  15 -19
 -3  24   9 -23
 20   5 -21 -21
  0 -18 -24  19
  9   4 -15   9
-18  21  19   9
-14  12  22 -18
  5  23   0   5
 16 -15 -14  19
 22  -3  12  -6
-13 -24  20  -4
 -4 -21 -24 -19
 -1   6   2  -4
 -6   3 -11  -3
-22  -2  -6   2
 15  11  16 -19
 19 -17   2 -16
 20  14  20 -18
-19  10   5  12
 -1   6  20  13
 20  17  18 -11
-23  -4   9 -23
 14   9  18  16
 24   8   9  13
 -5  12  13 -20
-20   2 -22  24
 -1  15 -20   5
-16  -4   2 -12
-19 -21   5 -16
 -3  11   8  24
-11  -9  14   9
-17 -16  11 -15
 -2 -11  21   0
 -5 -16 -19  16
-20   0 -20  -7
 -2  -5 -24  17
 -9  20  11  22
 19 -18  -6 -21
-20 -14  14  -3
 14  21  -4 -14
 22  -5   5  16
 22 -14 -11   6
-16  17   5   8
-10 -13 -14  18
-15  13   4   3
 16 -22  19  -7
  8  -8  22   1
-23  13 -24 -20
-15  10  18 -22
 11  21  -9 -10
 -7   6 -12   7
 16   0  -8   5
 24  14  16  22
  2   1  -6  14
 -6  16  12 -21
 14 -16 -13   6
  5   8 -16   3
-16  12 -13   4
  9 -16  17 -17
 24   7  -9  15
 23 -18   8   5
 -9  10  11 -12
 -6 -21  12 -24
 10  17  -4  24
-24  20 -22 -11
  2 -18   8   6