 21 -10 -20  21
 -8  22  24  -3
  0 -11  -9  -9
 15  -6 -24   5
  9   6 -12 -14
 -4 -13 -11 -21
 22  13 -22   3
 23  -6 -12 -23
-17  -1   0   6
 13 -13 -17 -10
  1  -7  -2  19
 24  24  14 -22
 -9  13   3  13
  3 -10  -6   6
 24 -16   1  -1
  1   5  24  -1
 24   2 -20  21
-13 -11  -1   8
 -3  15  10  17
-14   4 -10   3
-20 -13  19  20
-23  -8 -14 -11
  8 -20 -23  -6
  2  10  -6  14
 24  22   4  14
  1 -18  14   3
 13 -24 -24  -2
  6   6  20 -19
-18  24 -24 -15
 22   2  23  -4
 19 -11  20  -2
-16  11  -8  24
 15   1   9   3
 18  10   8   8
 -7   9   3  -4
-18  13  20 -20
 -1  20  20   0
-12  20   7  24
 19  10   5  12
-21   3   0   1
 21   0  23  16
 17 -21  11  14
 23   2 -13  -1
-15 -13 -14  21
 -8 -14 -18 -24
 23  13 -17  -3
 24 -19   2  16
 -2 -11  10 -14
 23  12 -16 -19
 14  15 -24   1
  7 -17  -2 -22
-15  11 -16 -16
  5 -11  -8  24
 22  -9  -4   8
  8 -14   9  23
 16  10   7  -6
  5   9  -6  19
-15  21 -13  22
 14 -11   3  -1
 17   9  23  23
 20 -16 -16 -23
 24 -14   3  18
 23 -23   9  -3
 13 -14 -14   4
 -5  11  -3 -16
 -1 -12   2 -22
-22 -15  17  20
 -6   6  -9 -18
-19   3  24  18
  8  20 -21 -12
 21   3  -5   5
 -8  -8  -1   6
 22  11  16  -7
 -1 -19   7  -7
-17  17 -24   7
  2 -16   8  -9
 14 -14   0  15
 -6  19  21  10
 22  -4   1  -7
  3   4 -12  12
-14  18 -23 -24
 14 -21 -12 -11
-23  24   8 -21
-13  22  22  -6
 -7  -6  22  22
  2   1 -13  19
  0  16  -5  22
 -1 -12   6  24
 11   9 -23 -10
 -6  11 -12  12
  2 -23 -17   0
 -6  22 -19 -18
  5  -6  18  16
-16  11  -6 -18
 17   6 -16 -19
 -5  11  13  15
-20 -12  19  16
-12  -8 -15 -14
-19 -10   0 -24
 18   2   2 -19
 14   6 -24   0
-10   3   3  12
 -6  -3  -3  23
-15  -9 -17   0
  4  -4   7   2
 18  -9 -21 -23
-24  -1 -16 -21
 -5  20 -19 -17
 18  -3   6  16
 -1 -13   2 -13
-23 -22  20  13
  4  15  21  20
-16  13 -22   1
  1  21   5  12
  9   9  -1  -8
-23 -17  -8  -2
 18  17   8  14
-24 -14  -4 -20
  2  11 -10 -19
 -2   1   3   8
-13 -10 -11 -11
-24  -9   2 -19
 23  -9 -22 -23
 21  -7   2  -1
-23 -21  22 -23
 -8  -4 -18  20
 20   1  -5  20
 23 -17  -9   8
-12  14 -16 -20
 16  18   3 -18
 -2   6 -10   6
 -7  16  -9  11
-18 -12  20  15
  7  15 -21   1
-17   4  -5  18
  6  23  17  -9
 -4 -16  12 -14
 13  10 -24 -20
-24  -7 -11  18
 23  16  11  -1
 -6   3 -19 -17
-19  -6  -6  -7
-19  23 -15  15
-22  14 -15  -5
 22   5  -1 -23
 -7  21   0 -17
  5   7   8   2
 17 -23 -18  13
 16  15   7 -23
-13   9  -5   2
-13   4   3  -3
-22 -16 -13 -14
 10  17  17   8
 11  22   4 -17
 21   0  -6   8
  9   9  -9 -17
  8  19   1 -10
 -8  24   4  20
 -5 -14 -24  -3
-19 -12  -8   4
-12   4 -15  24
-20  20  20  -8
 -8  -3   8  17
 -5  11  12   4
-14  17 -24  21
 -2  -5  -9   9
 17   4  16  -2
 13 -15  -5  21
  7  -6  -7   9
 15   2   7 -12
  0  -6   3   5
 11  11 -19   3
 14   9  18  12
  2 -18  10  19
-17  18  12 -10
 15  -6   3   1
 14  -5  19  23
 10  20  -5   4
 10  13  24 -11
 13  12 -24 -20
 16  10 -14  10
  0   3  12  14
-18   1 -22  20
 14  -6  13  11
-15  -4 -13  18
 22 -24 -14  11
 23 -23 -18  22
 -3  18 -17 -15
 16   8  -1 -11
 -3  13   5 -23
 23 -23  16 -13
 20   7  24  13
-15  -1   2  15
-18 -11  -4   1
 16 -16  21  -1
-12 -15  16 -17
-21  -8  18 -14
 13  16   5 -23
  6  15  20 -23
 19  11   9 -11
  7 -21 -10 -18
-18  18  14  13
 10  11 -23  19
-18  -2  21   6
 12  18  -3 -13
-23  -6  13  12
 -6  16  19  -1
 22  -4  22 -19
 11 -19  -7  19
  7   3  -8  -9
 13   6  24  15
-22   8  16  17
 -3  10  -3 -21
 -8   7  19   8
-15  -5  11  21
-22 -14  13 -11
 -7  17  16  16
 19 -21   2  -9
-23 -15  23 -14
 23 -22  24 -23
  8  11  -9  -6
  6  24 -20 -17
-13 -24  -7  21
 -1  -7 -23 -12
 -3 -15 -19 -16
  2   1 -13  15
  5   7   7   8
-10 -10  -6 -16
 14 -22  -5  12
-20   1   0  -6
  1   5 -12  -6
 22  -7  14 -22
 24 -20  -2  -5
 -2  -3  -3  -3
  2 -19 -15   5
 13   9  -3 -17
 20 -22  -6  -4
 23   1   7  19
  5  22  17  24
-19  12  -9  11
-11   6  23 -20
 -4   3   4 -18
-14  17  14 -10
-20  18 -22  24
-16   1 -12  16
-24 -20  24  24
 13 -20 -18 -18
-15 -20  20  18
 16 -21 -21  -9
 -7  -3 -22  -4
 -5 -18 -19   3
  2   4 -10  15
  2   5  -9  -2
-14   2  22  -7
-18 -15  15  18
 17   0  -1  -3
 -3  11  -5   9
-16  14   1 -24
-10  16  18 -13
 -4  20  -2  17
 -2  19  -5 -13
 20   9   7   4
 -6 -14 -21 -18
-18  12   9   0
  0 -10 -18 -14
  7   3 -13  12
-22  -8  24 -16
-13 -16  -3  24
  7  -7   6   1
-15   3   8  -9
-14 -16  -9  12
-21   4 -23  -4
 -2  24   5  12
 -6  20  -1  -3
 -2 -10  23 -11
  6 -21  10 -10
 -2  -8  12   1
 14  17 -13   7
  6   8  -8  -3
  0  23 -22 -23
 24  -9  15   2
-18   1 -19  -3
 -4  -7 -10 -16
 24  -5   8   7
  8  12  14  12
-11 -24  -8 -12
 22  16  10 -19
 -9   5  -2  21
 10 -11 -24 -18
 -3 -21  12  -5
-19  21 -19 -17
 21   0   0 -17
 12  20   8   9
 19  16  -2  -5
-20  -1 -17  -2
 12 -23 -23  -2
  8  -3   2  18
-10  -9   2  12
  5 -10  11  -3
-11  10  21   0
 17  -3  -5 -10
 15   0  11 -17
 -6 -15 -10 -10
 -7  18  22  -3
  3  -5  22 -15
  0  -5  10  -1
 -6  -2 -13  19
-23  10  24  -9
 16  -2 -23  -9
  6  16 -17 -22
 10 -22 -22  -7
 -7  -9   0 -20
-18  17 -17  -1
 -7 -18 -23  20
  1  14  -5 -15
-20  12  -9  -7
-16  14 -21  13
 12   7  -9   6
 16  24  12 -23
  2  19 -22  12
 15  16  -3  -1
  5  -9 -22  18
 -8 -14  11   1
-24  -2 -13  16
-11  -2  -5  -7
 -1 -12 -17  19
-13  20 -20  -1
  4  -8   9 -12
 -1  16 -11  20
 16   6   4  10
  1  17   6   1
  1  12  24  22
  2  16  10 -12
  7  22 -24 -18
  6  19  20   9
-10  12 -18   9
 23   4 -20 -21
-18   4 -19  11
-12   8  13  22
 24  12  -4  -9
 -8   2 -16 -19
 10  -8  -4   1
  8   0   6 -18
 21  -1  15   4
-16 -12   8 -12
  5  16  16 -17
 12 -14   2 -19
-20 -24  15  14
-20  24 -20  11
 -9   3 -22 -17
  4   2 -18  -5
 -7 -24  -1   5
 -6 -15 -12 -14
  9 -22  -2   2
 21  -3  15  -7
 12 -11  -8 -22
-19 -12   1 -23
 -9  24  -4  17
 10   4   5  10
-10   3  -7 -14
 -2   3 -20   5
 -9 -13  24  24
-16  24   3   6
-19  17  20  -1
  9   4  -8  24
 18  12  -4  20
  4  10 -21 -21
 24   0 -16   7
-11  23  14  -5
-17  -8  19   3
 -9  10   9   0
 -3 -12   9 -24
 18   7  22  -8
 20   4 -17  -5
-17   6 -13 -14
-23  18 -18 -12
-17   9  13  15
  9  11  21  -3
-17 -11  23 -16
 -4  15  -7  15
 22  -8  22  12
-14  -5 -11 -17
 17  11  11 -19
 24 -15 -22  -4
 -8  -7  -6  10
 12  23 -22  -4
 14   1  22 -19
 -1  24 -19   3
-18 -10  -2  21
 15   5  12   6
-15  13   3 -23
-19  16 -17  10
 -2  20 -19  14
-12 -14  -8 -18
  3  15  19  -6
  7  -5  -7  10
-16  11   8 -11
 -1  12  11 -11
-12  -6  -1  -3
-14  11   2   5
 12  -1  12  -7
 -9 -13   4   7
 11  24 -13  20
  2  19  -9  20
-15 -23 -12 -18
 18  11  -1  -3
 -2 -22  24 -17
  8  -8 -13 -24
 -7 -21   9  22
-11   2  -7   8
-18 -20  -5 -12
-20  21 -14  10
 23 -12   8  13
  7 -18   1  13
 -8  11  -2  -2
 -8  -3 -12 -19
-12   5  -2   5
 -3  -1  18   3
 17 -20  10 -19
 -7 -11 -18  16
-16 -18   5   4
-14   1 -24 -22
 11  20  15  12
-19 -20 -10 -23
 13  16  -3  -9
-22  21  -5  11
-11  -6 -20   2
-14  13  18  11
  6  11 -18  23
 20  -9   6  -2
 -6  22 -22   1
 -4 -11 -16 -15
 21  -3  -2  23
  1   8  -6   3
  2   3  14  20
-17  14  10  10
 18  -7  -1 -22
 19  -8  18 -21
 16   2 -22   8
-13  17 -13  14
 -4   0  -8  14
  2  11  -6  10
-15 -21  -4  13
 13  16  -6  -4
 23 -10 -11 -17
-24  17   5 -11
 -8 -18   8  -3
 -4  13  23 -22
 -9  18 -20 -23
 23  22 -18  -9
-19  -6  -8   1
-19   4   7 -13
-20  -6   7  -7
-16  16 -24  12
  6 -23  -8 -23
 22 -10   0  -1
-14  10  -6 -12
-10   0  14   2
-23 -17  21 -16
 14   4  18  -8
 21  13  17  -6
-14   5   2  12
  9  12 -12 -15
 -7  17  -5 -14
  8  22   1 -11
 -6  -2   7   9
  2 -23   7 -23
  4  -6  15   5
-17 -19  17   9
 21 -10 -19 -19
 20  -4 -10   5
  7  16  12  12
  5   4  -8 -22
 20 -14  -1  16
  4 -14  22 -21
 -9  19 -10  -2
-21  17  24 -11
 -8 -18  10   9
 16 -17  -3   8
 -2 -22 -20   5
-21   8  10  20
-13  -4 -24  -4
-19  15 -16 -20
-15 -19  -9 -10
  6  -8  10 -22
 10 -11 -13  13
 15  22 -22  13
-21 -17  -4 -23
 -5  24  -9 -16
 21 -23  -8 -17
 16   9   2   9
-10   5  -9 -22
 13  -6   8  16
 -3   7  23 -17
 18  -8  17  -6
 16  10   0  20
-22  -1 -11   6
-12   4 -24  14
  4 -24  -1 -13
 10  18 -10  -4
 15  -2  10   8
 13   9  13 -18
 -1  12  20   8
 -1 -14  -5  21
-18 -14 -10  -3
-10  19  -7 -22
 12 -20  -3  11
-23  22 -20 -21
-22   1   6 -14
 -8 -11   4 -18
 15  14  22  -7
 -5  -1   1  -4