 -7   8  12  23
-18 -22 -20 -24
-13  21  12  24
 -6  22  -2 -13
 10  19  13 -22
-22  -1   6  22
-22  -5 -24  20
-16 -15  10 -17
  5 -22  -1  19
  9 -21 -11   6
-24  15  -4  17
 13   5  16   4
  3   7   9  12
 13  10   1 -13
  2 -21  10   5
-24  23  16  -2
 13   6 -22  18
 -4  19   3 -19
  0  14  13   7
-12   1  11  -1
 -5  18   9   7
-14  18  -6  10
  1  14 -15  10
 -6 -16  -9  10
 13 -21  -9  -7
  4  22  -1  -4
 10  22  11  17
  8  17  -7 -17
-12  -9 -15 -10
 14   6 -11 -14
  8 -23  18  10
  9  15   3  18
 -1   3  12  14
-17   2 -20   6
-24 -20  22 -23
 -2 -24   0 -13
  7   3   0   3
 13   1  21  12
 17  17 -14  10
  6  -1   5  -9
-12  24  -4  -9
 22 -18  19   6
  1 -10   9 -16
 13  -5   5 -19
  6  -8  -9 -23
-16   4 -20 -17
 20  13   2   0
 23   2 -16  11
  2 -20  -5 -23
 -1   7  -3 -14
-18 -18  15  23
  6 -11 -18   2
 -8   6  16 -22
-10  -8 -13 -14
  7  15   1  24
 22 -22  -2  17
-18   3 -24   5
-14 -18   5 -23
 21  -8  19  -5
-16  12  24  18
  9  24  -5  16
 22  20   7 -18
 15  19 -15  17
  7  13 -19 -19
 16  18 -23 -18
  6 -15 -10  23
 14  -1  -9  18
 11 -21  12 -13
 16   9  -8  -5
-19   6  10   6
  9   2  -3  15
-19 -23  -3 -18
  9  14   5  13
 13   4 -15  -8
-17 -13  22 -18
-13  22  -1  21
-23  17  13 -14
 24   2  24  11
-12   2  -8   8
-22  21   4  10
-16  22 -16 -14
-17  16  22 -11
 -8 -16  21  16
 17  22  17  -8
  7  -6   0   3
  4   5  20  12
 11 -13 -16 -20
  9  22  11 -14
-23  15  -5   7
 -8 -17  13   8
-22   4   7 -15
 -5   1  12   4
-18 -23  -7  -6
-16   4  22  14
-24 -24  18 -11
  4 -22  -8  24
 23  14  17 -13
 -9  -6 -21   1
 10  16 -22  14
-11   5  23  12
 -7  18 -19  -9
  3 -14 -15   0
 -9  -1  10  13
 -9  24  10  18
-14  -3  10   9
  6  18 -20 -15
 18   2   9  22
 -4  24  13   2
 -3  -8   0  19
  3  -2  17  -9
 13 -15   6   9
 21  14 -23  13
  6  -7  22 -18
 22  -7  13 -18
  8  15 -23 -11
-20 -12   0  11
-19 -16  19 -15
-11   4 -18   2
-15 -12 -12  16
 20 -16   3  -7
-24 -13 -12  22
-22 -11 -13   5
-19  -2 -23  -7
 -6  -8 -13   8
 10   2  16  19
  7  -8  -4   0
 -1   6  17  14
 13  21  -4  24
-12 -15  22  15
 15   4 -20   0
  3  12  16 -13
  4 -11   9  20
-24  -3   3 -15
 20  -6   8   2
 -9  22  23   9
 14   3   8   0
-11   8  20  16
-22  12  20   8
 18 -15  -6  -5
-14   1 -24  16
  2  19  -8  -7
  2 -16 -18  24
-14  21  23 -16
 -3  -8  11  -8
-12 -15  -3   4
 17  24 -22 -12
  6 -11  -5  17
-14   5 -21  14
  2 -21  13  20
-15  15   2  17
 -7 -16  -8  20
 16   7  -1 -20
 -8  18 -23   9
 17  -1  20 -17
  4 -19  -5  -9
  9  23  13   8
 11  23 -22 -11
-13  -3 -22 -15
 -8  24  24 -22
 -7 -22 -11 -10
-17  21 -12  15
-12  15  10  22
-23  18  16  16
 16  20 -13  -7
-22   4  23   9
 -4   2 -12  -5
 13 -23  12 -19
 -5 -12 -14 -24
 -7 -18 -11 -17
 20  -6  17  -9
-11 -12 -18  -3
  7 -16  14  11
  9  -2  21  -7
-24   3 -14 -20
-23   4   1  14
-18  11  16   9
 -1 -16  24 -20
-14 -18 -18  21
 10  13   3  17
 22   9  -3  -3
 -3 -24 -23   4
 -7  11 -23  14
 15  -4  12  -9
-18 -16 -11  18
 -1  -9   1  15
 21  18  14  19
-22  12  11   6
-14 -22 -21 -18
  4 -24   9  -3
  4 -17 -15  19
-16  18  24  10
 -5   8 -16  -3
 13  -8   1   1
-17  -9  18  23
-22  16   1 -11
 22   6   6  23
-17  -9   9  -3
 16 -20   8  17
 21 -17  15   6
 -3  20  19 -12
 17  18   2  24
-18  -8 -12 -23
 -1  16  -5 -10
  0 -23   4 -17
 12   0  24  11
 -2  12 -24   9
 11 -16   8 -17
 -9  22  12  -1
 -1 -23   8 -12
  1 -18 -23  21
 -5 -12  14   9
  1 -23   1  -2
 21   6  -7  24
 15  -3   0 -20
-19  -5  -9   4
 23  -3  10  22
 17 -12  19 -21
-13  -5   9  15
 21  22  -5 -14
-14 -10 -17  14
-16   8   1  23
 -7  17  16 -24
 17  21   2  -9
-11  11  -9 -22
 -1  20 -16 -12
  3   7  24 -10
 20 -12   5  17
-20 -10  24  -7
-15  14  12  19
  9  -4  -9  21
 22 -24   0  17
 -1 -18   6  23
-11   6 -10 -18
  3  10 -22   8
 -8  10 -14  13
 -9  11   8 -21
 10  -9  13   7
 11  19  -7   2
 21  12 -18 -21
 24 -17  11  20
-15 -18 -10   0
 22   7  13   3
-13   2  22  -1
-12 -12  21  -6
 23  -1 -15  -2
  3  21 -24 -24
-18 -19  -1  -6
 -9  -6  19  -5
 -8  -1 -20 -11
 -4   7   3  23
 18   6 -22   9
-13  -5  11  17
 -8 -20  13 -18
 18   2  -2   5
  9  10  -6 -21
  5 -22 -21  -9
 -3  23  -6 -18
  6  -6 -10  -5
-14 -14  18  19
 -2   3  22   4
 14 -12  11   5
 24  17  19   7
 -3  22  -5  24
  4  19  -6  21
 -3  18  18  11
-24 -19 -24  14
-12 -12  12 -16
  6 -22   1  -3
 -8  22   4  10
 -2  12 -11   4
-15 -22  13 -17
  7 -22  10  24
  7  13   5 -16
  6  -6   6   3
 12  16 -10 -16
  8  -4  16  -7
  9 -17  12 -13
 11 -18   4  -7
 -4  20  -8   9
 13  10  -3 -12
-23 -11 -10  -3
-14  -8   4  24
  7 -14  17  -5
 14 -24   2   9
 10 -12   6  11
 11  -6   5  13
 11   2  -6 -12
  1  -7   7  -4
 -7   7  19  20
-22 -21 -11 -17
-10  14  13  -1
  3  18  24   7
  0   1 -11  15
 14  19   2  12
-16  21 -20  -9
 20 -21  -3  -3
-19  10  -3  22
 12 -16 -22  24
 13   5  10  12
 -4 -20 -17 -14
 11 -17   9 -15
  4  -7 -24  18
 13   0  13  15
-12  23  10 -18
-21   1   1 -23
-23   1  24  20
  6 -23  17  10
-24   5  -6 -17
 16  24  22 -18
 -2   3   6 -17
-15 -17  23  12
 -8  -5 -13   3
 11 -18 -19  14
-20  14   4 -19
 -1  13  10   8
-24 -16   0  10
-10  18   3   2
 15  16  -9   3
  7 -24  16   5
 15  -7   3   0
-19   5  11  -8
-17  15 -13  -9
 22   0  -3   3
 21 -16  24 -14
  2   2 -22  -3
 11  -5  -1 -14
 17 -19  -6 -14
-17  17  15 -16
 20  17 -10   1
 22  10 -19  13
 -7 -21  -6 -10
 -3   7  -6 -10
-19  24  16 -13
 22  18   8 -22
 -6 -20  10  11
 22   6 -13  -5
 10 -11  -1   9
-20   6   2 -23
-12  20 -24  14
  9  16  22 -14
-22   8 -17 -14
-18  11  -3   9
 22  -9   4   4
 -7  -6 -14   0
 -4   8   9  17
 20 -15   4   3
-20  24   5   2
 -9 -15  13  -1
 23 -22  -2 -17
 23   7  -7  22
-10 -21 -14 -12
  6  22  -3 -24
 -5   4 -22 -21
 -6 -22  19  20
 20 -24  13   5
 -2 -15   1  -9
-20 -17  -1 -10
-22   5 -12  11
 -8 -12   2 -24
 -4  -8  -5 -24
  2 -22 -12 -23
-21   2 -17  18
 14  -2   3   0
-18  -3   4 -12
 -9 -15  -2  10
-21   3  14  -6
  2  19  18  21
-20   9  19  14
 19  -9 -16  -2
 23   3 -16  12
-16 -19   4  -9
  8 -15 -20  20
 23   7 -15  18
-17   6   0 -23
 14  -1  -9 -17
  1  11   5 -19
-23 -13  -8  -2
 -9 -22 -24  -4
 20 -18  -4   7
-20 -20   8 -15
 -5  -6 -12  14
 18   3  -9  -9
 16  -2   8  16
  2  -8  -6  22
 19  21   6  16
 12  11   8  17
-24   9  19   5
 18  -4   1 -23
-10 -21 -11  -4
 13   1 -23  20
-22  16 -23   9
-18 -22  11  -6
 -7  -1   9  10
-10   6   5   9
-14   8  -8 -11
-24 -22  -7  15
 17  -6   9   7
 -5  20   3  11
  4 -12 -23 -10
 21  11   4  16
 22  -4 -15  13
  1  22  10  10
 13   9 -11  19
-16  -8  16  13
 20 -19  18   6
  0  19 -12  -4
 23   1   7  16
 -9  -2  -5  22
 24  24 -22 -17
 24 -24  15 -14
 10  11 -12  -4
 -1  -6  20 -18
  8  -1 -13  13
 14  -4   2  -1
 23  10  12 -15
  2 -21   6  20
 21  20 -21  21
 21   3  14 -13
-24   1  -2   9
 -6  11 -13  -2
 15  15  15  -1
 -8  13  10  -1
 18  -8   2  19
 -4  -9 -23   4
-17 -12  16  14
-20   6 -10  -2
 14  17   5 -17
-14   1 -24   0
 14  -4  11  22
 18  -7   5 -16
 -6 -24  -2  17
 16  -4 -11  13
 16 -20  11 -21
  3   7  -3  23
 -1  -8 -14  13
 11  23  11 -13
 18 -24  10 -13
-12  22  14  -8
-20  22  11   8
 19   0  16  10
-23 -24  -4  -4
-23  11  19  24
  2  14  -4   2
-11  -8 -13   5
 10 -12 -14  18
-15   9 -20 -21
 -7   2  24  22
 -8  -3 -19  -4
  0   4  -5   7
 -2 -21  -8  23
-14 -22  -9   0
 -1  -8  -2 -24
  3  18 -24 -14
-12 -18   0  11
-24  16  -2  15
 23 -19   2   6
-17  13   0  -7
-11   9 -11 -13
 -3 -24 -10 -14
-23   7  11  19
 -9  -8 -13 -19
-20  21  13   3
-12  23  -5  20
  0 -11  23 -18
 13  -4  18  23
 17 -18  -1  -2
  2 -19 -20 -21
-24 -21  16   5
 20  -1   0   7
  9  17  10  -6
-12  -6 -24 -14
 22   5  17   4
 22  13  20 -22
  1 -14   4   4
-19 -15  22  -1
-23  13  -8 -18
-24   2   0   0
-18  -5   4 -21
-11 -23  10 -16
-12  20  12   2
 12  -6 -22 -14
  4 -16  18  10
 20   0 -16   9
 -7 -12  16  17
-18  13  10  15
-10 -17  19 -24
 -2   0  13   8
 -3  -4  -9  10
 -4  13 -10  -6
  7 -10  10  13
  7  -7   3  14
  9   2 -23 -23
  9   1 -20   9
 11  -7   9 -24
-18  13  21  -5
 17   2  10  18
-17  -9  11   9
-15 -12  19 -14
 21  -1  -1  20
-18 -16 -21   8
 16 -22 -15 -10
-10 -19 -17  -2
 11   0  24  -3
-19   5   7 -21
 -5  15   4  17
-11  18 -15   2
 21 -14  24  -9
 12  -3  12   4
-22  16  -2   8
 20  13  19   6
-19  18   9  20
  1   5  15  -7