 -6  19 -15 -13
-14   8  16 -12
  7 -11  13 -22
  9   1  -3 -17
 10 -12 -16  16
 -8 -14   6  24
  7  21 -10   2
-20  13  -4 -11
 15   9   8  -1
 11 -19 -16  21
-15 -16  -6 -10
-13   7   8 -21
 20  -3  15   1
 11   5   3 -17
  7 -14 -20   3
 23  -3   6  -1
  4   9  18 -24
 -7 -14  -2   5
  6  24  -5 -23
 -7   3  12   8
 19  -9  -8  15
  2   4   0   6
 -8   5 -18  24
  6  13  -5  19
 20  -1 -10  -5
 17  20 -13  11
-21  10   4 -18
 -4  -7  -7 -14
-22  18   9  17
  4 -17  -9 -22
-11   1  11  12
-15   8 -12  19
 -7  15  -1   3
 21  -1 -21   9
 11 -17  22   0
 16  -4  -2 -11
 -9   0  -1   9
  7  14  12  -4
-19  24  -6  12
-13   9  17 -19
-24  23 -23  11
 -4  15 -21  16
  8 -15   5  23
  2  -9 -20   5
 -6  11  21 -21
-23   7  21 -22
 19  18 -14  -8
  0 -16 -24  12
-22  24   2 -19
  8  -8 -23 -22
 -5  23  18 -14
-21  -7  16  23
-19   7 -20  -1
  4   7  23 -16
 -9   4 -11  -2
-11  -3 -20   8
 19  16   5  -8
  2  -6   7 -18
-18  -2  11   2
  7   6 -12 -13
  8  12   7 -16
 -4 -21  13   9
 13   6  19  17
 -2 -15  -8  -7
 19  -1  10 -15
-24  16  -5 -21
  2  -1   4 -12
-12  -8  19  23
 13   4  15  -2
-14  -3  12  -9
 -6   4  -2  12
-15   7 -16  11
-21 -15 -13   5
-16 -23  22 -14
-24   2  23  -7
-14   5  -4  21
  6  19 -13 -14
-19  21 -12  18
 -7   7 -15 -18
  7  19  21 -11
-21  -9  15  13
 -9   0  17   1
-24   8 -10  -4
  4  16 -16 -24
 12   5  10   8
 21 -16  11 -22
 -8  22  -6 -24
  2  15  -1  11
 19  17 -17  14
-10  24  11 -23
 -8  11  17  -3
-11  10 -24  15
  1  24  15 -18
-18   1   8 -24
 -2  10   1  16
  2  10   2  21
  7  -1  21  11
  9  14  22 -13
 -7 -22  18  18
-23  18   3 -15
-16  -5 -17  13
 16 -12 -14 -18
 11  -5  20  19
-13  24  10   9
-14  21 -21 -18
 -9   0  22  22
-17 -24  -5 -14
  3 -18  -5  23
 21  12  -8   6
 13   8  -5  17
 15 -20   5 -20
-24  19 -17 -15
-10 -10  11   2
 10  13  13 -18
 -6  18   1  14
 21 -16   3  22
-12   1  22  -5
  3 -10 -23  -1
-23  17  15   7
-14  15  24 -20
  8   9 -15 -21
 12  19  22 -13
-13  21   9  18
-22   5 -15  -3
-16  15  11   0
  9   7  15 -21
-20  -2 -16  12
 -9  -6  -5  -1
 14 -16  18 -13
 20 -15 -16   8
-18 -15   3 -17
 -9 -18  -1  21
-20  21 -12  -3
-24   1  21 -13
 18  18   5   4
 -5 -24 -23 -10
  6  -8  -5  19
  8 -21 -12  -5
 -8   3  -4   0
-23  10 -11   5
 23  -6  13   3
  3  24  14   8
 -2   8 -24  10
  4  20  15  23
-16  -6  -7  -1
-11  18  -6   9
-20  13  17  12
-17 -24   3 -11
  1  13   8 -10
  0 -21   4  22
-16  10  13   4
 -6   3  -3 -14
-16 -19  -5 -18
-10   0  22 -20
 13  17  11 -11
 -5 -20 -23 -15
 -1  -3  -7   6
-11  24  -5 -23
 15  24 -23 -23
 -5 -24 -13  14
 21 -17 -17  21
-14   8  -8   6
-23 -19  17 -10
 -2  -6  14 -20
-18  -8  -7  -7
-18  -7  16 -15
 17  -6  -4 -15
 16 -15   8  -9
 18 -18   0 -21
-17 -23 -20  12
-12  10  21 -18
  4  -2  12 -22
 22   3  11 -21
  6   4 -13 -13
 17  16  -6  -3
  1  16  19   0
  0  -6  14  20
 11  -4  23 -14
-18   8  -5 -20
-11  21 -13 -21
-17 -13 -16   6
 16 -18   1   7
  5   1  -7  10
-17  23 -21  18
 -6   4  20  -1
 15  14  23  -9
 14  -3  -6  10
  4 -22 -15  16
-22  22  -2  -5
  9   6 -18 -18
-18  -1 -10  -7
 11  -6  -2 -23
 21  -7  13   3
 21  18 -22 -24
  3  16  20 -18
 -6  19   9   7
 20  16  -6  -3
-15  -3  24  13
-23   7 -23  15
 12  13  -5 -21
 12 -14  -3 -16
  6  10   7  16
  1  -9  24  22
-20  -3   9  13
 22 -11  15   9
-10 -13 -14   4
 11   6  14   2
 17  18  20 -22
 23 -24  17 -10
  3 -19  -6 -22
 -2  18   3  12
-17  -2   4   0
-20  18   6 -22
 -4 -19  -1   0
  1  -8  -5 -15
 22  21  -3 -17
  9   4  -3 -23
  7 -21  24  21
 -9 -14   0  24
-13   9  20  14
 10  -6  15  -7
-12 -17 -10 -13
 -4  22 -14   7
 11   5  19   8
-12   6 -19  -3
 -4  -1  17   6
  1  14 -12  11
 -9 -21  11  21
  1   8  14 -19
-17 -23   0  14
 12  -2 -16  19
 -9 -12  13  23
 10 -23  19  -1
  8  -7   2  -2
 -9 -11 -12  24
 14  16  24 -10
 12  -1   8 -12
 10  16  23 -18
  7 -23 -15   7
 -9 -16  16  11
 20  -4  -1  23
 20  -8 -21  21
 24 -20   9  23
  0  -6  -6   6
 18  -6   5 -12
  0  -1  11  -3
 -2  -9   7   6
 23  15   2   8
  7   1   5  16
  1 -15  14  16
-22  17  16  -1
 -6   4   8  -7
-20 -12   9 -10
  7 -19  17  22
 14   5  23 -15
-18  -4  10   5
 -1 -16  -2  20
 -3   8   7 -14
 22  15  12   0
-22 -19   2 -20
  7 -20 -23  -6
 -3   8 -18 -19
-19   2  22  13
 22 -13  20  -7
 22  13  -3  19
-12 -19 -22 -10
-12   8   2  21
  0  24 -12  16
-14 -14  14  20
 21  -4   1  12
 15  -2   5 -19
 10   4  20  -5
-13 -14   0   1
-17  20   2  12
 -7   1  12 -18
-16  17   1   9
 22 -12   5  -2
-15  10  11 -23
-22  23  13   8
-19   0   0  17
  2 -14 -10   7
  5  17 -22 -16
  4 -11 -23  10
-19  -4 -18  -1
 -9  -9  24  13
 -9 -23 -22  -2
 -9 -24 -23   9
-23  -5   3  22
 10  17  16   3
 12  -7  13  11
-10   3   7  -9
-19 -11 -21  -2
 16  -4  18   4
  3 -16   7  20
  4   6 -13 -24
 12  -1   7   2
  7  13  12 -22
-16 -10 -15   5
-12  -6 -16   1
 11  13  21 -10
  9 -15  -8  -5
 -8  10 -21  14
 10 -23  -4  -6
-20 -19  -7   6
 -4  22 -15  16
 24 -20  16 -13
-14  23  -4  22
-16 -20  12   6
 -9 -21  -6 -15
  5  11  22 -20
-21   9   9 -12
 24 -24  13   6
-21   9 -24  23
 -2 -12  23  -3
  0  24  -4  -1
 -5  13 -19  23
-24  -8  17  -8
  1 -20 -15   2
 19  16  17  -4
  1  23  -7  11
-12  15  23 -21
 13  17  -1  23
 15  10   0 -22
 -2 -23 -24 -22
-17  11 -18 -10
 -5   2   0 -14
 23   4  12  16
-23   6  15  22
 12  14  12   7
 11  -4  -8  -6
 13 -16 -18 -11
  9  -6   5  20
 -7 -23  -3  -5
 24  -8 -22 -13
-20 -12  -8  24
 -7  19  24  -9
 -9   9 -10  19
-24  16   3  11
-11  23 -20 -13
 -6 -14   6  18
-20   6  22   8
-11   5   0  -6
 22  22 -14  13
  3  17  -7   6
-23  15  13 -11
-16 -14  19  13
 20  -6  -1  21
  2 -10   2 -23
 -3  19   1  10
 22  -2   3 -18
 15 -16  11  -8
 -4 -16  22 -14
 17  22   2  20
 15   8 -23 -15
  7   0  10 -19
  4 -12   6  23
-18 -23  12   4
 18  19   0  -7
-24 -11 -14  16
 13   9 -23  12
 13  20 -12 -16
  8  24  14  12
-16   0 -14  11
 14  17  12  -8
-17  -4  18  19
 17  10 -19 -16
  3  17  -3   8
 22  -7   7 -20
-16   8   6  18
 19  -5   4  20
 22   2  -1  17
 17 -10   5  17
 17  -1  -4 -19
 -6  15  -7  20
  6  24 -12  23
  1 -14  13 -18
-23  19  -8  -6
-21  -2 -21   2
 -4  24   9 -12
-14  14 -24  22
-15  -3   2  -7
 -4   8  -3 -20
-24 -18 -11  12
 15  10  13 -24
  1  18   8 -22
 24 -13 -17 -16
-20  18  19  22
-20  12  12  -4
 23  22   6   4
 15 -20 -20 -24
 10   6 -14 -23
 19 -17  22 -12
-14  15  16 -17
 19  10 -21  13
-21   3   6   6
 -5  17  10  21
 20 -14 -10  12
-20  14 -15 -16
 19 -18   3 -11
 -4  23  19  10
  2  -1 -20  -2
-18 -21   0  14
 24  -2 -19  21
 -5   8  16 -22
 -1  10   8 -22
-19 -17  -9  13
 -2  -9  22 -17
 -9 -22  -5  17
 21   9  24 -16
-18  11  -4   2
 -4   3 -18  15
 -3  -9 -21   7
 19   6 -16 -10
  2  -1 -17  -7
 18 -23  -5   8
 16 -19 -15  24
 16 -23  -1  12
-17 -22 -14  -8
-10  -7 -10  -8
-22  14 -14 -17
 -9  22  21  -9
-19 -11   9 -23
 -9  20  -9   9
  0  -1  16 -15
  7 -23 -19 -14
 10   2  13  21
-19  -7  -9   8
 22 -18 -16  18
  0  11  -5  13
  5  -3 -14   2
 -8   7  11  22
  3 -19 -20   6
 -8  19  -9 -13
 21  10  22 -20
 14  -7  17  23
-18 -13   9  -2
  3  21 -14 -13
 21  -7  15   2
-10  20 -24 -23
 10   5   3  -7
-16  23 -12   7
  3   4  14  13
 -3 -21 -19   1
  0  -2 -13 -13
-14  -8  10   1
 10 -24  -8 -13
 -1 -15 -11  16
 -3  14   7 -22
-21   6   0   8
  3 -18 -23  24
-15  -8  10   5
 18  -8  12  -7
 11   1   4  13
 11  11  12  16
  0  14  -3  13
-24   0 -19  -3
-21   0   4 -16
 19   6  18   9
-12  18  16  13
 -6   1 -17 -22
 12  22 -22  15
-24  -2  13 -19
-12 -21   4   5
 -8 -19  16  -4
 18 -16   1   1
-23  15  18  -7
 13  18 -19 -24
-15 -11  -1 -14
 11 -24   2 -14
 20   8   1  11
 24   4   7  18
 -1  24 -12   7
 14   4   3 -19
 -8 -21   2  16
-19  -2 -15 -16
 24  -6   2   3
  5  21  20 -12
  9  18 -23  14
 -8 -19   3 -19
 -3   5  16  17
 -6 -19  -9  -6
-23   6  21  24
 16  15   1  10
  8   4   4 -16
 14  15  11 -13
  6 -17   3  18
-16 -20  -7  21
-15  -7   1   8
  4 -20  -8  18
 -3  15  22  -8
-17  22  -4  10
 21  15  -9  20
 -8   7 -10 -13
 10   7  16   8
 -6 -23  10  -9
-12 -15  -3  24
-14  -6  11 -22
 22   9  18   4
 10   0   5 -20
-22  -7 -10  -3
-23  24  20   0
 -3  -5  -6  -2
-10  11 -14  -7
  3 -20  -9  12
 10 -14  20   2
-16   5   2  12
-12  -8  -7 -18
 15  -8 -13 -11
 17  24   4 -19
 -8   7 -23   4
-18  -6  11  24
-16  22  15 -18