  5  12 -11  24
-11  -3  -8  -7
-23  11  20 -16
  4  24 -23  -5
 -5  -1 -14   3
 20  -4   1  24
 -6 -24  11 -18
-19  13 -20  24
 -2 -13  20  -8
 -8 -19 -10 -15
-16 -22   9  17
-14 -17   5  -8
 16  18  14  -1
-12 -24  13 -22
 -6 -13  -8  12
 17 -18 -10   3
 11  14  -6 -15
 23 -10 -23 -23
-23  23  24  -1
 -2  24 -20 -20
  5   9 -22 -24
-16  -8  24 -18
-23   5 -23  -4
-11   8  19  24
-24  17  -6 -12
 19  13  13  -8
 -9   8   5 -15
 18  -2  -4  -9
 18 -15  13   4
  0 -11 -18 -15
 11 -13  14   9
 -4  -5 -20  10
  3   6  16   2
-14 -19  19  -9
 11  18  -4  14
-15  17  11  -5
  6  11   9 -15
 -4 -23 -11 -24
  5 -10  18  14
-12 -23 -15 -24
  1 -16  18 -19
-13 -21  24  11
-22 -20  -5  -2
  4  24   7 -21
 -6  22   7  -9
 -8  16   4 -13
 -1  21  -7 -15
-20  22  -1 -12
  9   0  22 -17
-23  10  -3  10
-10  -2 -14  24
  4  -5  12  -4
 22  -3 -22  -8
-22 -16  -7   7
 22  17  21 -11
-11  -9   3  19
 -5 -24  13 -17
  7 -15  14   2
  4 -10 -24 -12
-18   8  -4 -19
  0   8   6  12
 -4   6   1 -14
 -7 -22  17  24
 -2  14 -10  21
 11  -6  -5   7
-20   2   9 -22
 19 -22  -2  -5
 -9   7  21  -7
  1  14  -9  -7
 16  17  16   4
-12 -24 -13  17
  8  21  -3  -4
 -4   5 -18  -2
 -4 -23  -1  -1
 22  -3  12  -2
  0  -5  -1   7
-12  -3  -3  19
-14  24 -23  15
 11 -20  14 -22
 -3  17   7   9
 -3  -1  13   2
  7  19   2  -5
  4  21  17 -13
 10 -24  13  23
 -9   2  -8 -24
 24 -10 -14  10
-14   9   5  -3
  9   5  -7   6
-12  23  14 -18
-12   8  -2 -21
 -9 -23  14  24
  2  21 -15   7
  0   6 -24 -23
 -8  -8  21   1
-17   6  -7   7
 15  -7 -12   9
-16   3  11 -15
-21   5   0  -8
 -4  19   2  -4
 20  21  -5 -12
 -6  10  24   2
  2 -13  10   5
  6  -2   5 -14
 -2  14 -23 -10
 14 -14  -3   6
  1  18 -12  18
  8  12   6 -14
  3  21  12  23
 11  15   0  -2
-17 -21  16   2
 13  -1   5 -12
 -8  -3 -18  21
 21  -9  -9 -15
  9  -4 -22  -1
 23 -16  18  16
 12   3  22  -3
-11  -5   9  -6
  3 -24 -19   2
 -7 -20 -21 -21
  1  -1  -4  -9
  7  11  -6  11
 19 -23  -7   5
-16  -5  17  15
-22  -4  -8 -18
 -1   8  10  13
-16  15 -11 -17
-12 -21  23   9
  2 -14   2  21
  2  -7   1 -19
 16   4  22 -22
 23 -18  21  -8
 14 -17   8  -7
  5 -10 -12 -21
 19  20 -24  -9
  3 -12  12  -7
 23   3  20 -15
 14   9   4   7
 13   6 -13 -17
  6  -1  -5 -12
 -7  -8   6  20
  1   0  11   8
 22  17  21  -1
 19 -23   2  -8
-17  -1  15   4
 -9 -20  22  10
-19   8  -4  16
 -3  21 -19   6
 19  -7  11  -2
 24  20  -9  12
 11 -10 -17  -3
 17  23   1   6
 24 -18 -15   8
 -9 -21  -5 -21
  2 -12   7  20
  5  -1   9  10
-16   0   8  -1
 -5  18  -8   5
 -5 -16 -17  24
-18   2   7 -12
  7   9  12 -11
 -3 -14 -13  -7
 12 -20 -15 -19
 20  18  -7  -8
 -5  18   6  21
  2  13  13  24
  6  17  23   5
 -6 -22 -11   0
 17   0  18  20
-15  20  21   8
 19 -19 -16 -16
-20 -14 -24  -5
-17  -2  13  -5
 18 -12   9  12
  4  21  17  15
 12  -6  16  11
 11   3 -17   4
-18  14 -17  18
 11 -19  20  -8
  2   7  12  15
  0  -7  -5  -1
 -9 -17  -5  -5
 16   8  -3  10
  5   0 -18 -15
  2   6  21 -14
 18  22 -16 -20
 17   7   6  18
 15  18 -18 -19
 22   4 -23  24
-22 -20 -18  -5
 19   5  16 -11
-15  -4  24   4
  1 -18  20   1
-10   1  24 -10
-12  -8 -21  10
  0   0 -10  -6
 23   9   4 -21
-17   8 -22 -19
 23  21  12 -20
 20 -17   8 -19
  5  15   8  19
  9  21  -4  -9
 20 -18  21  -4
 -8   7 -15 -17
-17 -15   8   4
 17  15 -13 -18
 22  12 -22 -12
  7  -2  15  20
 18   1 -17  18
 14  23 -17 -18
 -3  -5 -11 -10
-21   8 -11 -11
 -5  -2 -24 -11
-22  -2 -22 -19
  7   3 -10  -1
 14   1  16 -18
 -1  -9  -4  -8
 18  14   1   5
 -3  19  -4   5
 21 -10  23  22
 15  24 -12 -11
 15  24   3  -1
-22  24  21 -11
 14 -19 -19  19
 17   5 -14 -14
  0 -12  -6 -23
 10   9  -6   6
 16  13 -10  20
  3  16  -5   4
  4  14  19  17
 -4  -1   0 -15
-18  24  24  -4
 21 -17  21 -11
 13 -21 -12 -20
-23  16 -18 -14
-14  -1  -6 -10
 -7  -5  21 -11
 15  19  -2 -12
 21  14   4  12
 14 -19 -19   8
-15 -12 -12 -15
 -6   9 -19  15
 -3 -23  10   3
 -7  -1  -2  12
-18 -18  11   4
-18 -24  19   4
  0 -12  10  -8
 -9 -14  15 -20
  7 -23 -14 -24
 21  14   4 -24
  8 -12   7 -24
-11  12 -11   6
 -8  12  24   4
  3 -11  -6  -6
-20   9 -19 -15
 21 -21  12 -11
-20  24   2  -9
-19  -1  -4 -18
 17   3  -4 -18
  7  24 -15 -16
 -8   0   4  13
 23  15 -18  21
 -6 -15  13  -8
  4   9 -12  -5
-15 -10  10  15
  5  15  20   0
 -8 -16 -11  15
  2  21  16  19
-20  19 -20 -16
 13 -13  13   2
 17  -5   0  -9
 24   2 -23  22
  1  13 -20  -2
  0 -20   4   2
 15 -21   8  23
-21   7 -12  23
 20  19 -14  -7
 -9  20 -10 -10
-24  21  10 -11
  0   4   2  24
  8 -21 -15  10
 -3 -15 -19 -23
  1   0 -21  17
  5 -21 -12 -17
 -3  23  14 -13
 19  21   8  18
 -3  21  21  -3
-10 -18 -19  -7
  4 -14  24   3
-22  14  -2  10
-15 -11  24  -2
-21 -13  20  14
-12 -24  -6  12
 -1 -17  21   6
  4   2   0   5
 12  -9   5   6
 23   2 -11 -10
 23 -23  -4 -19
  7  21  -3  10
-20 -21  -4 -14
 13  13   3  -5
 18  19   2  -4
-15 -19 -17  15
-14   4   5  -1
 18  15  -8  15
 23 -22   1  23
-10  24  10   2
 -6  -2 -24   7
  9   0 -21 -16
 21 -13 -21 -13
-24  15   6   8
  3   0  -8   0
-14 -23  14 -14
-24  -8  21  24
-23  18   8  -1
 -8 -17  16 -24
 12 -11 -13  10
-21  -2 -14   0
-21  -5  16  12
 -3   1 -11  -9
 -4  -8 -18 -15
  9 -19  12  11
 -3 -20 -20   0
 11  -5 -19  -6
 -2  21   7 -21
 -7  16 -15   0
 18   9  -6 -22
-16   2 -17  -5
  3 -15   3  24
-22   7  23 -12
 14  14 -24   1
-15  23  10  11
 20   2  -4 -20
 -9  -2 -14  20
 23  -5 -22   9
  2 -15   1  -3
-15  24   5  24
 -6  24 -18   4
  6  19   3  16
 -4  -3  -1 -15
 11  24 -22 -11
-19 -16 -23 -16
  2   4  11  -4
-14 -18  -8  -2
 11  24  24  19
  8  -1 -19   5
  4 -20  -7 -21
 21 -16 -18 -24
 -9 -17  20   4
 24   5   7 -19
 11 -17   0   9
 20  12  -5  -6
-16  10   4  -5
-10  14  21  24
 14  22  13  10
  5  -4  13  -2
-17 -21  14  17
-20  -4  15  -4
 -7 -19   2   3
 -7 -15 -21  -8
 17  -5  23  23
 22  23  17   3
 -5  -8 -16   6
 22   9  12   8
 17   0 -18  15
-17   1  -7  11
 10   4  -8   1
  5  16 -16   1
 19   3  10   9
 -7 -13  18  13
 24  10   5  19
-21 -20  -1 -21
-15 -10 -11 -15
  5  -1  -7  -1
  1   3  -8 -13
 22  -8  13  -1
  5   2  -4 -16
 -6  19   6  22
-23  -2  24 -20
 23   1  18 -19
-24 -16  -7  -8
 23 -11 -12   0
-24   8 -10  11
  0   8 -14   4
 22 -22  -1  17
-18  16   7 -12
 19  19   8 -14
  8   7  13  -5
  8  23   4   5
  6  -4  -3   5
 -2 -23   4  18
 21  -4   5 -19
  6   3 -16   2
-12 -18  11 -10
 14  11   9  18
-17 -17   4 -15
 13 -16   1 -17
 -5  -4 -17  -3
  9 -21 -13  -1
  3 -11 -14 -18
-20 -24  24  18
  0   5 -19   4
 21 -14  17   4
 16  -8 -18 -24
-13  12 -15  19
  7 -19  18   6
  7   5   9 -22
-18   6 -21  -8
-19   2  -7  14
-24 -13  23  22
 18 -17 -12  21
 17 -13 -20  -9
 19  14  -8 -23
  1  -7 -19  -5
  0   6 -11  23
-14  14  15 -14
  1 -12  14  -7
-14   6   4   3
  7   8  15  -9
  8  -3  15  18
 24   5 -10 -23
  7  21  -4  18
 -2   5 -24   8
  4  -4  -1   4
 -4  24  20 -12
  6  22   5   5
 10   8 -23  13
 12 -19   8  12
  8   5  -6 -17
 16  -6 -10 -16
-16  12  14  -8
 21 -24  -8 -10
 11  10  16  -2
-11  24  18 -15
 24  12   0   5
  9   5   7   7
  0 -18   1 -13
-11   8 -11  24
  8  15 -17  13
-24 -24 -20  21
-15 -22  -7 -16
-20  -5   4 -16
 17   2 -21 -22
 14   1 -22   9
 -3  -2 -16 -18
 -5  18 -11  16
 17 -24   0 -14
-24 -24  12 -14
  3  13  18 -19
 16   5 -18  10
 10  13 -15 -17
-13  -5  23 -24
 -6  14  19 -14
-19  21 -14  13
  5   8 -19   1
 11   5   2   6
 -1 -24 -17 -13
 20 -11 -16 -16
 12  20 -10 -18
-18  -4  23 -20
 -6  -8  -3  -6
  0  11   5 -18
 -2 -16  18  10
-21 -13 -19  -5
 13 -16   6 -14
 10   8  -9  22
-17 -23   6 -16
-19  -4 -10  15
  1  18  18  -3
 23  -6  -2  20
 11  21  -6   0
 -2   8  23  -7
  5   1 -13  21
 16  -8  20  14
-18  12 -15  21
 10 -23 -24 -20
-21  18  23  11
 14 -13  13 -19
 13 -19  -3 -10
-16   5  20  -7
 -3 -15   2 -18
 -9 -12  17   1
  0  23  17 -20
 -4   1  19 -20
 23  18 -23 -21
-14  -2   3  17
 19 -24  -9  23
 20   0 -14  -3
 -4   1  22  -4
  6 -20   4  -7
 24  13  13   6
  2  14 -20  -5
-10  -9 -15   6
-15 -20  14  23
  7  -3  -8 -19
 -8  17  22  -9
  6 -13  20  -5
 14 -11  15 -24
 -5 -18  10 -17
-23  12 -19  24
 17  -8 -15  12
 18   4  11  -2
-20 -16   9  -7
 -9  -9 -10 -17
-21  -2   8   8
-23 -24   1  11
 -8  -7   4  -2
 15  -4 -22  19
 19   6  24   9
-15   0   9  -7
 15 -15   8 -22
  2 -19 -15  -3
-22  21  -1  17