-10  23 -17   1
 13 -19   3 -21
 18   7  -7  -7
-18  11  21 -16
-11  10 -16 -10
  4  -1  -2 -17
  7   1 -24  -1
-16  19 -22  17
 10  11  18 -11
-22 -14  22  10
-22 -22 -12   7
-21 -12  12 -22
-11  -4   2 -24
  4  18  18  21
 22  16  16   4
-10  24  12   5
 16   2  -9  20
  3   9  10  -9
  5 -24 -17  18
-21 -21  22 -13
-21 -24 -11  -5
 -2 -15 -18  -3
 -1 -12  -7   7
-11   4   5  17
 -9  16  -1  18
  5  15  -8 -11
  7 -24  18 -23
  0   6  14   2
 11  -2 -11 -21
-18 -13  20   7
 17 -23 -15  11
 14 -24  -9  10
  7 -24 -20  23
  0  15   5 -21
 -3   2  -5  -6
-21  -4   5   2
  5 -15  21  -3
-15   7   6   1
  5  23  16  18
 -5 -17 -11  -2
-16  -8  14  -2
 20  22   1  18
 23   1   5   6
-13 -17  13  12
  3 -19  -1   3
 22  15  -8  17
-15 -12 -23  14
  9   0 -19  11
-11 -23  13   5
-10  17  -2   0
 -6 -11   2  10
 -9 -23  15  19
 -8 -17   1  14
 -6  10  21  20
 21  16  -6   5
 -4  14  -3  -5
-13  21  -7 -18
 11 -13 -22   3
 -8   2  17   8
-22  18  -4   0
 -4  18  14 -15
 -1 -14  23  12
 22  20  19   1
-16  -6 -10   5
 -6  23 -11  -7
-21  22 -21 -22
-18 -21 -22 -15
 -6 -14 -19  -5
 10 -16 -22  17
 16 -11   7 -23
 14  -3 -14   0
-24 -19 -16 -13
-22 -22   6   9
  7 -10  14  12
  1  -5 -15  17
-21  19   5  -9
-16  -6   7  12
-11  12  -7  20
 21  -4  -4  24
 15 -11   5  17
-18 -18 -15 -10
-19  16  22 -18
  6  -6 -10 -23
 15   8  18  11
 -3  16  18   8
 24  10  24  21
-10   9 -23  -5
-11  -6  -3  -9
  7  21  19   1
-23  22   5  13
  6  22   4  19
-24  -5  -8  11
-15  -2   5  10
-23 -15 -21  15
  0  22 -21  -8
 14  15  13 -20
 24   3 -13  17
 -7 -19 -19  15
 21  -3   7   9
 12  -5 -23 -13
-21  20   1  13
-20  14  17   2
 -2 -21   0  15
 -5 -10 -19 -22
 16  -1 -11  -8
 22  -3   5   7
 -4   9  11  -8
 10 -23  22 -11
 11   5   4  -3
 19  14  -9 -17
-18  13   5   4
 15   6   0 -20
 -1  -5  -5 -10
 -5 -14 -13  -7
 11  -1   1   3
-13 -19   8 -16
 21   5  -9  13
  9  -5  17   8
-23  22  -7  15
 12  24 -11   0
-20   9  11  23
  2   8   5  13
 -1  19 -17 -14
 -5   1  24  10
  9  12  -3  24
 -8 -23 -13  20
  7   1  24 -15
 -5 -23  13 -18
 -4 -11   2 -24
-23   4   1  16
-16  12  20  -9
-18  17 -23 -20
-14 -24   4   0
-23  -4   1   0
 -5  17   6  -7
 10   5  18   2
-24 -13   5  18
-22  24  -5 -16
 -8  11  13  -7
 23  18   7   1
  7  11   0   4
-15  -9  15  -7
 -5  -7  -3   6
 19 -21   2   5
-22  -1  -1 -22
  2   3  12 -10
  6 -12 -23  22
  1  -4  -1 -23
 14   0  -1  22
-19  17   8 -10
-19 -18  24  19
  5  18   6  17
 23   3 -22 -24
 22 -13  20  -5
-22  15 -16  18
-15  -4  16  -3
 19  13   0   4
 16 -18  -7  22
-16  10  16 -17
  1 -23  -4  -9
 21  -6  18  17
 20  21   7   8
 -7  -6  -9   0
  5 -12 -21  15
 17  24  -4  17
 23 -20  11  11
 -3 -13  16  24
  4  23  -5   9
-16 -22 -15   6
 14   0 -24  -9
  9  14  -4 -17
 23   7  15  -6
 24  12  12  13
  9  10   7 -18
-21  -7  -8   6
  5   0  -9   8
 23  -7  16  -4
-20 -20 -16   5
 -1  -8  13   3
-22  18  -4  -2
  4   8 -22  -7
  6   4 -18 -11
 -8  23  24   9
 12  -2   0  -2
 17  17  16  13
 17   4 -14  -2
 19  17  -7 -21
-22   1   4   4
-23 -18  -4 -20
 24  10  15  -4
 -6  -2 -20  -1
  9 -17   1  -4
 12  -2   8  14
-20 -22 -17  -3
-14 -17  22  15
-12   5 -19 -10
-12 -19  11  14
-16  16  23  16
 24   1  20 -17
 -2   1  -8  19
-20 -10   3 -21
-20 -17 -15  13
-10   1  10 -22
-13 -24  -2   0
-19  23   9 -16
  5 -16  -1  13
-17  -6  -3 -21
  4  18 -24  -9
  2 -19 -10  23
 23  -1  15   7
 14  15  19 -14
  0  23  -1   5
 15   6  -1   5
 24   0 -13 -16
-12  10  24  23
  0   8  -1   6
-21   9  15  19
-18 -22  21  21
-18   2   1  24
 -3  23  14 -13
-18 -18  15  -7
 21  24 -23   4
 12   7  12  -8
 -1   4 -19 -19
 -8   3 -21  18
 -8 -22   8  17
  6  24 -14 -21
 18  -1 -20  20
 15  -8  -6  -7
 24 -13   0   8
 12 -14  -6 -10
-18 -21 -16  15
 -9   4 -15 -12
 22 -12  19 -24
  9  13   3 -19
-11  -2   5   5
  0  20   4  -9
 -4  -1  -7  21
 23  15  23  -3
-13   4 -11   0
 12   7   2 -11
-22  -7 -22  -4
-11  13 -24   6
 -5   8   4  -3
 15 -16  -4  -9
 23 -11  -3   7
-14 -20  -4  13
-15  -9 -10  12
 18   7 -15  -8
-13 -11  11  21
 18  15  11  14
  6   8 -18   3
 -4  10  -1 -10
  9  21  -2  10
 18 -12 -22   6
-17 -18 -23   0
 18  -5 -16 -24
 20  19  12   8
 -5 -13 -23  19
-12  19  -5  21
 -3 -21  -9  -3
 10   9 -24   2
 17   6 -20  -1
-17   9   3  15
 -3  18   8 -14
  7   8 -17  13
-23   1  17   3
 -7   2  21 -12
-16  17   6   0
-22  -4 -23  -1
  5   9  11  -7
 12 -17 -22  11
 15 -16  22   9
-17 -22   1   7
 -3  23  -8   1
 18  17  14  -1
 -9 -14 -12  17
  6   9  -2 -18
 -3  23 -15 -18
 -9 -20 -13  -2
 19  11  21  -9
 20 -10 -10 -19
-15  14 -19  -3
-23  -9  -2  15
-11  15 -19  22
 21  -6  11  12
 11  -7  -2 -12
  8  16  12  11
  1  17 -15  19
 11   7  -5  -5
  0  -6 -18 -13
  7   5  -5  11
-24   6  -7   1
 -4  -6  23 -11
-13 -17 -10  13
 -4  21  22 -14
 12  -1   7   9
-19 -22   7  20
  1  -7   8 -12
 -5  15 -16   2
 10   0  24  17
 16 -11  17 -23
-23   6  -3  -5
-24   2  -9 -19
 20   3  -7 -10
 20  -6  11 -17
  1  11 -21   6
 -5  21  -1   6
-16  -8  20   2
-20  23  -2 -13
 -3   5 -17 -21
  7 -18  -8  -3
  9  -5  -3 -11
-23   7  18  -7
 12  -9 -10 -16
-19 -12 -19   0
 10 -17  -1  -5
  2  -9  12 -16
 21  17   2   5
 -3  -7 -21  13
 11   1 -24  12
 21   6   1 -23
 -3   1  -5  12
  9  22  12 -19
 -1 -24  11 -17
-24 -13 -22  -3
 -4 -11  -6  -9
 13   4   7 -11
 19 -15   2 -21
-15  18   1  17
 -8   2  -4  22
  5 -14  18  16
 23  -2  -2   9
 -3   5 -23  -3
 21 -24  -2 -11
  3 -16  15  -2
  9   5  12   9
  3   1   4  20
  5  -8  -2 -14
-12 -20 -13   4
  5 -20 -10   1
 21   3  14   5
  8 -11  17  -5
 13 -23   8  -9
  2  -1  -6 -14
 16   6 -21  12
 16 -20  -8 -23
 18  20   0   3
 13  13  24  10
-15  17   2  17
-17  -9  18  -7
-21 -19  15 -10
  0   3  -9 -10
 23   5  10  -1
 -2  21  -3 -21
 20   7   5 -12
 -4 -18   7  10
 -7  -3 -18   6
-15   1  23 -15
  7 -19   3 -18
-14  -9   2  16
 14 -11 -14  22
 18 -18  -1 -18
 13  21   9 -11
  4  10 -10  -5
  0  -9 -17  21
-15  19  -8  -3
 24   9 -14   4
 -2  24 -17  -3
 -9 -18  18  -5
 13 -15  21  -1
 -2  -9 -24  -2
  4  -2  12   9
 17  19  -2  -6
-23   3   9  -8
-24  -5 -24  11
  2  -6  17  -2
 16  -3  -8  13
-19  -3 -10 -16
 13   2  21 -20
-16   6 -19  18
 -9   9 -17   0
-23   0  -8   8
  9   9   0 -18
  7   3   5 -16
  7 -14 -20  22
 11 -16 -16 -18
 -9  15   4  17
 -9 -18 -19  -9
  3   8   0  21
-20  17 -10  19
 11 -21  17  18
  0  -9   0   8
 24 -19   7   1
 18  -6  11  23
-21  22  10  14
  5 -11  10 -16
-11  16   8  -5
 14 -20 -16  14
  3 -10 -16   2
-24  19   8 -16
 -5 -14  22   3
 19  -8  20  -8
-17  23 -16   1
-23  12 -24  23
 14  15  13 -20
 16   9  12  20
 15  20 -17   6
-12 -18  -2 -13
 21 -17 -18  -7
 -1  11  -9  -8
-13 -13  23 -12
 19  10  24   8
 16   6 -24   5
  5  16  24  22
  3  15   7  -5
-17 -14  17  11
 20  14 -18  23
 -8  -1  15  10
-19  -5 -20 -15
 -5  -9  -1   1
 11 -15 -19 -12
-23  15  21   9
  3 -19  12  -5
 -7 -10 -22  22
-17  16 -16 -12
-18  12  -5  -2
  1  -9  22   8
 17   8   9 -19
 17 -12   6 -12
 19 -22   6  15
  4  -3  -4  24
 -9  -7  24   9
 -6   9  19  -4
 10 -22   3 -16
-11  23 -16   7
 11  14   7   9
  5   3 -18 -23
 14  19  -7   1
-10 -23  21  -6
 11  -6 -10 -14
 17  10   5  14
-20  18  16  11
 19  -1  10   4
  8 -20 -10  -5
  9  14  12  -5
-19 -12 -23  19
 22  -3  21  15
 13  -8  14   6
  7 -22  -2 -24
-23 -16 -18  -9
 18   6  -1  15
 -2 -15  10  12
-16 -19  -8 -19
  2 -10  15 -16
 -3   1  14 -16
-14   1  -3  12
-11  -9  -5   0
 12  24 -10  -2
-19 -10  19 -20
-17  10  15   9
-22   4  11 -12
  3  -6  24  18
 -7  15 -22 -23
-14   9  -4  21
  8  -6 -16  16
  5 -12 -24  24
 23   6  21 -13
 15 -19   2  -6
-16  15   7 -13
 -3 -11   3 -18
-17  16  20 -22
 -4  16 -18  24
  0  14 -17 -20
 -6   6 -16  13
 15 -13  -6 -14
 18  18  24 -24
-21 -13 -19  -2
  6 -16   1   0
-24 -22 -23   0
 11 -22   8  -2
  2  12 -18 -17
-23 -24   8  18
 -3   9  -6   1
  2   8  16   8
 -7  18 -23  13
-19  24 -24   0
  7 -20 -23 -15
-22 -24   8 -24
 -8 -14   8   6
 23  10  18   1
 -2  -4  23 -15
 -4 -14   7 -19
 18  -9 -24  11
-12  20 -23  14
 -6  17  -5 -11
 -2  19  22   7
-11 -11 -10  13
  9  -4  -2 -18
-13 -15  19  24
-21   2   7  -8
 22   6 -24  16
-18  19   3 -12
 -2 -16  -8  24
 -1  19 -16   6
  9   1 -18 -19
-23  14  10   0
-16  21 -12 -17
  2  17 -20  16
  1  20   5  -9
 21  14  17  24
 22  -7 -14  10