 19   7  -3  -2
-23  -3 -24  18
  8  -1 -19  24
  8   2  -1  -4
-23   3   4 -19
  3 -18   7  14
-16  24 -14  22
  1   5  -8  -2
 10   4  -5 -16
 21 -14 -12  -2
-14   1  -3  -9
  7  22  12  -3
 23   0   8 -13
-10  -7   5  -2
  2 -16  17  -3
  4  17  21  -9
  5  23  -5  -9
 -1   9   6   9
-18   1 -10 -16
 -5   5  23   3
 13  18   0   4
-19 -18   2   8
  1  16  -7   9
 16   0 -16  -5
  2  12  15  -8
 10  18  -5  19
 12  11  -8 -20
 12 -24 -19  23
  3  -8  -5  12
 19 -22  10  -9
-12  -6  -7   3
  6 -16 -24   5
  9   7 -24   8
  8 -18  11  22
 -2 -15  22  -7
 -4  -8 -24 -20
 -6  -5   5   6
-16 -23   2   4
  4   2 -21 -11
  4   2  12  10
-18  15   5  17
-13  12 -14 -16
 -1  11  23  -7
 -8  13  24  -9
 13  23 -15  18
-10 -15  24   6
 -3  -8  14 -11
 15  16  -8   3
-18  -6 -16 -16
-21 -13  -2 -13
-24  -4 -18 -18
-21  11   5 -14
 -6   6  20  23
  1 -18  -7  -9
 -2   3  -6   2
  4  22  23  23
-16 -12 -12 -20
 -4   6 -16   7
  0  -9   0   7
-14   6  16  16
  9  11  -4  17
  3  12  -5   7
  0   5 -22   9
-11  -8  -9 -21
 13  23   5  13
-21  18  23   3
 19 -14  17   2
 13 -12   5  -6
 -1   4 -23 -14
 -1   4  19  17
  3  -2   5  22
  8 -21  23   4
 21  22 -15 -19
 20   7  23 -18
 -4   5  -6  -7
 -9  24  23  19
 22   0  17 -15
 24  12  -5   8
 -4 -21   4  15
 16  -2  24   9
-14  -4  -2   5
 17  -8  14  -8
  2  16   3  13
-15  20 -18   7
 -5  -8 -12 -17
 14   9  14  -9
-16 -18 -14 -13
 24 -18 -12 -16
 -4   0   8  18
  8   5 -24 -11
 24 -20 -20 -13
-18  11 -11  23
-22 -12  14  21
-18 -19  -7   7
-11  -2 -24  21
 20   0  23  -4
 -8  20   6   9
 -6 -12  21  14
-22  -3  20  16
  6 -17  10 -23
 -7  18   0   2
  9  -9 -19 -14
 12 -21 -21  -3
  6 -16  10  15
 -1 -21 -24  -8
 17 -19  20  21
-15   7 -17  15
 -4  24  -9 -21
  5   6   5 -23
 -7 -11  22 -19
 15   3   4 -10
 -3  -3  12   9
-15   9  13  10
-12  -5 -16  -3
-10  21   1 -15
-13   5 -21  23
 20  19  -2  -8
 -2  10   2 -21
 21  -4  23 -17
-24   2   6  14
 -7 -17   5  -7
-20  10 -14   7
 16  -2 -17   7
 -4 -15 -14 -14
 21  13  24   0
 24 -22   2  24
 15  21  19 -12
 -3   9   1   5
 22  -7 -13   2
  4   9   3  -2
-15   0 -10  18
 -9  -6  12 -18
 18  13 -11 -10
 24 -23  19  -1
 12  -5  -1   2
 24   3  -9  11
 20  22   7 -21
 13   7 -16 -24
 12 -16  -1   8
 20 -20   6 -11
-23 -24 -16  -2
 10 -12  13   7
  2  23  23   8
 11 -24  23  21
  3  -4  12  10
-23 -12  -7  21
-24 -18  -2  17
 -2  -7 -16 -14
 24  14 -21  -9
  3 -23  15 -20
  2  19 -16 -13
  0  15  11  16
-20   6  -9  -9
  3  14  15  19
 -6 -23 -10  -1
 22  20   1 -12
-12 -16 -21 -19
 23  20   0   4
  2  -7  -1   6
-10  15 -14   6
 12   8 -18 -13
 22 -21  -8  23
 -8  23  17 -21
  4 -10   7 -10
 21   8  -3  24
  6  24 -17  -8
 22  11  16  20
  8  21 -15  20
 18 -19  15  -2
 10  14   0  19
-20  -9  23  14
 20  18 -10 -15
 17  -8  13  11
 -7  11  -7  -3
 15  10   4  12
 12 -18  -6   0
 24  -3   2   8
  2 -10  23  -3
-10  22 -14  -4
 19 -24 -13 -20
  3   7  17  19
 -8  18  10  -8
-19  18   9 -14
  1  23  -5 -24
  7  24 -20 -15
  8  -8 -13  18
 21  20 -20  20
-21  -3  -6   2
-18  16  19 -15
 -9  17  -7  23
  1  19 -16 -19
-16 -12  -9  14
 24  10 -22  -6
  1  23  -7  16
 16 -15  24 -10
  1  -3  23   5
  9   8  20  24
 19  -3  -8  -6
-17 -15 -13  10
 -8   5  -5   1
-15 -18 -10 -20
  9   1 -12 -14
  9 -23  22 -13
 21  24 -24 -15
  5  -1 -11   6
 17 -14 -24  -3
-11  21 -11  -3
 -6 -17 -23  -4
 11  12 -14   4
  8   5 -18 -15
  5   9  14  16
-17  14  -4   0
 -4 -11  13 -22
 -1  12  17  -9
 13 -13 -22  20
  1  -9  -6  15
  4 -16   3  17
  4  16  14  -6
  7  18  12  -7
-20  18 -22  19
-19   4 -13  15
 -2  13 -23  -6
  1 -18  -4 -14
 10 -17  14   5
-16   6  -6 -20
  3  22   9  17
 -3   1 -17  13
 -3  14  20   6
-11  12   7  18
-24 -10  -3  -4
-23 -24  -7 -20
 15  16  -8  10
-23  -2 -20   1
  5 -11 -15   7
 15  -8   7   4
 11 -20  18 -18
  6   0  -3   4
-15   2 -15 -18
-22  16  12   2
-15  22   8  -1
 -2 -21 -22  24
-24   1   6  -6
-13   6  18 -20
-18   6   8  19
 17   8  -3   5
 17   6  17 -15
 -2  23  18 -19
 -5   7   1  18
  9  13 -17  22
-19   4   3 -15
-15 -17  11  -1
 -1  15 -14 -14
-10  -2 -13   8
  0 -12 -22  13
  7 -10   3 -18
 -5  16  -1 -19
 13  -1  -1   5
 13 -20  23   8
-11  18  -2  19
 10  23 -21 -23
  1 -16   3   0
 15 -18  14  22
 -6   9 -20   9
-22  24   4   5
  7  20 -14  20
 22  14 -10   6
 11 -22  12 -11
  7   2   3 -20
 18  19 -15 -13
 19  19  -9   4
  1  19  -9   4
 17 -19   5  22
  6 -23  -7  19
 13   6  23 -19
 15  -7   4  -7
 21  13 -24  20
 10   1 -22 -23
-16  20 -19 -16
  8  -6  23 -14
-14 -22  14  -6
-17  17 -24   2
 22  24 -14  24
  9 -11   0 -12
 16  10   4  -2
 24  -5   5  -4
 -2  18  -2   0
 20 -19  10 -14
 23  13  -7  -5
 -8  -8 -16   5
-10   0  11 -23
  7  -7  -7 -23
 -1  23  -2 -21
 -7 -13 -19   6
 10   0  24   5
 23  -4  -9  -1
  2 -10 -22   0
-15  11 -10   0
  6  -7  22 -23
 -1 -11 -23  12
-14  20 -10  -3
 11  19   8 -14
-22 -13 -21  17
-10  18  -6  20
  4 -19 -17  13
  6  24  14   7
  3 -18  22 -15
  1 -17   1 -22
-21  14   5  14
 -8   9 -15 -20
 14 -21  -1  13
 24  11   0  13
 -1  11   4  -6
 16 -16 -22 -19
-21 -16   8  24
 -8  22   0   8
 11 -23 -20  11
-12 -13 -20 -17
  6   8  -4   0
  5 -20  12   1
-15  10   4  -8
 18  18   3 -13
 21 -17 -21 -18
 -3 -10  20  -2
-17   8   7 -12
  8  21  14  17
 22 -19 -19  20
 23  20  -2   1
-19 -17  -2  12
  0  14  16   6
  2   1  13 -18
  9  20  -6  22
 14  -2  -5  14
-14  22  -7  23
 -9  -3  15 -23
  0  -6 -23 -12
-22 -22   8   0
 -3 -19  21  -2
 19  14  19  23
 -7  -3  -8 -12
 -1   0 -10  23
-23 -22  22  14
-21   0  -9   0
 -3  24  22 -22
-22 -24 -22   8
-15 -24  18   9
 22   0 -21  12
-23 -19   0  12
 -8   9  -7   8
  2   6   1  15
  0 -24 -16   0
 -7   4  19  16
-16  18  -6   9
 -2  19   6  20
-17  10  20 -20
  8 -13 -22   0
 -7   1  18  18
  5   4  -6  23
-14  14  22   0
 10 -18   6 -16
 22 -17 -15 -20
 10 -14   7   0
-12   5 -13  -1
  3  21 -22  -6
 10 -12 -20   0
 -7 -20   4 -13
 16  16 -23 -14
 24  -3 -19 -21
 18   9 -13 -22
 18 -18   4  -3
  4 -15  -4 -17
 20 -24   6 -19
 -4 -13  23  20
-22   1 -20 -11
 18  22   0 -14
 24 -11  17   3
-22  24  21  15
 17  19 -14 -19
  9 -21 -18  12
 11  10  16 -10
 20  16   4  19
 10 -23  15  19
 20 -13   0 -23
 24  18  -4  16
 -6 -18   7 -22
  7 -13   2  -7
 -7   8 -13   7
 21  13  -1  24
 19  10  -8  12
 10  21   6  23
  7  21  18  16
 24  22 -19  12
 -2  14 -14  -2
-19   7  17 -19
 -9   1 -13  -3
 17 -11 -24   6
-16 -11  -2 -18
 24   2 -10  -8
 -5  -5  -8 -21
  3  -3  15  -4
  2  20   1  13
  1  24 -15 -13
 -5  -6 -12   0
 11  -8  12 -19
 23  -8 -13   7
 -8 -24  -9  20
-14  13  -1  16
 11   7  -9 -21
-17  13  12 -12
 -3  22  17   2
 18  14   7  12
 23  24  17   8
  4 -22   2  10
-19  10  -6  -8
 -2 -15 -15  16
-16  15 -15  13
  7  14  -1  16
 -7  -1  15   7
 -2  -7   2  -6
 -9  24  23  19
 18   0   9  -7
 -1 -11  -6  11
 18  18  17 -19
  2  16  10  13
 24 -14  17 -21
  6   5 -18  21
-20  -3  14   9
 11  -4   7 -24
  4 -18  -9 -19
-18 -14  22   0
 16  22   9 -14
 16 -22  16   3
 13  -9 -11   2
  0  13   2   5
  0   9   5   3
 21  -1 -17 -18
  9   1  17   0
-13  -6   9  16
 18  -5  17 -10
  6  24  12  -8
  3  19  -6  20
 11   0  12  18
-14 -23  -5  20
-14  13   5 -12
-18  24  -5  -4
  9 -14  23   3
 -5  -8  12   7
 18   8   2  15
 -5  24  20   4
-17 -23   9  10
 -3  23  17 -23
 10 -10 -14   5
 17  -8  -2  16
 -3   0 -19  -7
-10   3   9  17
 20  22  11  -8
  6  -7  -3   9
 21   0 -19   3
  1  19   0  14
  5 -12  13  -4
 10 -15  -6 -14
-18  -9  13   3
 19   7 -14   1
  9 -11 -21  -5
  3  12  24  13
 15  -9  21 -22
-16  12   6  12
 -3  -5   6  22
 18  20 -20 -21
-14 -11  -9   1
 -6  16  14 -10
 10 -18  -8   2
 -7  -8 -17 -15
  5 -19  16  15
-16  21 -15  16
  7   1  10  22
 18 -21   6  10
  6 -21  -5 -17
 -6  -5  -2 -16
-14   0 -17  13
  2   2   7  22
 16   6  18   1
 10  14 -10  23
 19  -5  -4   8
-14 -15 -19   6
 -9  -9  23  -3
-10  17 -10  21
-14  23  14  11
 24   0  21   0
 12  21 -22   7
-21   8  21   4
 15  -1   0  17
 -4 -21  17  -3
-20   1  10  15
  3  11  -6  -6
 13   4   3  11
 19 -18  -1   9
 -1 -17 -15  -9
-22  -9 -10   0
-15  11 -16  18
-11  21  21  -6
 14 -15 -10   9
 13 -20 -13  10
-10  13 -20  12
 11 -11  10 -17
-24 -24  10   3
 -6  24  -9   7
  7  -8   9 -22
  5 -12  12  11
 15  14   1 -21
 12  -4  19  18
  9 -12 -22  18
  6  19 -13  16