 24   2  -2  24
-14 -12  19   1
 17  -8 -12  -4
-18  12  11   5
 10 -19 -17   4
 -4 -15  -6  21
-22  24 -21 -22
-18   9  -1  -7
-10  21  11   6
 18  16   0   3
 16  -6 -24  -9
 -5  13   1  18
-21 -12  24  10
-13   1   5  -5
 18  24  -9   1
-15  17  -9 -18
 16   7   7 -20
 -3  -1  17  11
-19  15  -3  -2
-17  18   2  11
-17 -15 -18  23
-11  15   0 -15
 20   2 -14  -9
-12  15  19 -14
  4   9   8  13
-14  -7  17  12
  5  24   2   7
-23   2  -2  10
 14 -17 -18 -15
-14  -9  12 -12
 -3  -9  12  16
  3  -3   1  -4
 22  -7 -16 -12
 12 -20  -9  17
 -4 -17   2  -2
 12  15 -22  13
  0 -23  15  24
-21  24  22  -2
  9 -21  -4 -23
 -9 -12  12  14
-20   1  17   4
-24 -16  -3 -22
 22  10 -17   2
-24 -11  -2 -21
 21  -4 -15 -16
 -6   4 -18   9
 23   3 -20  18
-10 -16 -14  23
 -6 -21 -20  23
 11  15  14  -5
 13  18 -23  12
-24  -8 -20  -7
 -2 -12   2   0
-15  14  24   4
 19 -20  20 -18
 21 -21  24   4
-24 -11  10   6
 15  -6   1 -24
 16   4 -21  16
-16  15  -9   1
-12 -13  -5  -6
-16  12 -12 -24
 19  -3  21   8
 22   6 -23  23
 18 -13 -20  13
 -3 -23   3   8
 23  17 -16  13
-20  -6  12  22
 15 -16  24  -2
 20 -24 -23  -1
  6  -3 -20 -16
 18 -19 -19   2
 -7  -5   8 -24
 13  -1  18 -17
-15  11  17  24
-18 -15   3   4
 16   7 -10  19
-13  23  -2   1
-18  14 -10  20
-16  23  22   6
  7   5  22 -20
-19 -15   5   8
  4 -13   0  23
  1   0   3  21
 11 -10  16 -15
-14  12   6 -15
 -8 -10 -17 -13
 18  -1 -13  13
 24  16  16  -5
-11  16  -7  -6
 -3 -20  -4  14
  1  -5   8  -7
 16 -15 -19   0
 19   2  14   8
 -1 -14  15   3
  3 -14  -6 -22
  4   5   7  18
  9  21  -1  -1
 -7   6 -12 -13
 -2  -3  -1  13
-17  -8 -23  18
 16 -19  21 -16
 14   4 -18 -14
 -5   9   6 -16
  4   3   3  10
-16  -3   3  -6
 -1 -17   4  -5
 -1  16 -14 -16
-22  10  13 -11
 -3   7  -8  14
-15   9 -20 -16
-24  12 -17 -10
 -4  15  14  -1
 24  -1   6  11
-11 -21  -5  24
 22  10  -4 -11
 24   2 -14  21
  8  -5 -14   2
  8  20  19  16
-16  21  12   7
  2   7  -9  -1
  3 -20   1   7
-24  18  -5  -1
-18 -17 -11  24
-14   5 -20  -2
-20  -8 -23  -3
  6   6  21  24
-16  -7   1  24
 16  20 -20 -13
 -4   7 -19  -7
-15  -5  -5 -16
 -8 -22   2 -23
 11 -10 -22  12
 15  24 -17  19
  3  19  -5  -1
-17  11   3 -22
-22   3   1  14
-21   7 -11   6
-16 -19   7  17
-14 -24 -18   4
  3 -19 -22   4
 -9 -19 -10 -15
 -4 -22 -22  17
 -1 -23  -5  14
 19  13 -17   9
 10  22  21 -16
 14 -22   9  17
-16  13 -24 -23
  0   2 -18   3
 10  -4  21   2
 18  -7  12  23
-11  -4  21  -6
  2 -13  -5   2
 -7  22  23   0
-12  10  24  -8
-15   7  10 -17
  2   0 -12   8
 16   4   4   7
  1  13  -4 -16
  3  11 -20  -3
 22  11  14 -20
 -6 -16  12  14
 -4  -5 -10 -18
-17  22  13 -23
-21  -2  17   6
-20   6 -24  24
 21  -7 -10 -22
 24 -16  14 -24
 17  23  -8  15
  6  11  -3   4
 -5  -3   7  11
 -7  12   8  -4
 -7 -14   2 -22
 -9  -3  11 -20
 22 -13 -22 -19
 12 -21 -16 -20
-24  -5 -14  16
-17  18 -13 -22
-21   1  24   9
 11  -1  11 -15
 21  12 -12   6
-12  20   6 -13
 22 -19  21   3
 20  23  -6  16
 14 -24 -21  20
-24 -19 -23  -5
  8  16   1  22
 22   2 -14  24
 -1   9  18  19
 -2  18  19  -9
-14 -22 -11 -19
 14  17 -20 -10
-23 -12 -16  -7
 -6 -20   4   8
  7  21 -12 -20
  2  -6   2 -24
-18  -4   1   4
-18 -17  -9 -15
-21  16   0  -8
-24  14 -22  11
-18 -13  -7 -21
-21 -17 -10 -10
 13  10  20 -16
 -3   0 -18  18
 11  24  -3 -22
-22 -14  19 -19
 -5   9  22   7
 22  11  12   7
 17  -1 -20  -9
 14 -23  22 -21
 12  -7 -15   5
 -7  20 -11 -21
  8  22 -16  -1
 18   0 -14 -16
-11   2  11 -19
  3 -18 -10 -11
 -5 -13 -20  -6
 22  -6 -21 -16
  9  13 -23 -16
 -5   1 -13  17
-16  17   7  20
  0   6   4  12
 -6  10  -9 -14
  5  24 -11 -21
 11  11   3  11
 -5 -14  11  19
 -8 -17  24 -24
 12   7  -3 -14
  7 -11 -18  22
-23  11  -1 -13
 -6   7 -13 -11
-18  11   1 -17
 15   2 -14  11
 12  -5 -10   5
-11   2  12 -17
  3   4 -11  16
-21  13 -17  12
  5  20  -2   8
 22 -10  -8 -21
 18 -24   6  15
 -6  11  -5 -20
  3   6  10   2
-24   8  -3 -16
-13   5   1 -15
-17  15  -8  -9
  4  18 -16  -5
  2  -3  17   2
-13  15 -13  12
  5   2  -9 -20
 15 -23   2   0
-21 -23  24  10
 12 -16   8  13
-16 -21  10 -15
  1   5 -20  12
 13 -17  -7 -22
 14 -10 -22   0
 14 -17  -3  21
 -2 -19   1  -9
 -6  -2 -15   1
-11   0 -14  12
 17   0 -13   2
 23  22  15  10
-12 -17 -14  22
-22 -21  10   5
 11 -23  13   7
 -5  16 -13  11
  1 -10  19  20
-18  -4  -1 -10
 13  -5  16  10
  4 -16  -8 -23
 17  -2 -14  -9
 -3  10 -21 -17
 -4  -2  -1  22
  7 -11  16 -19
 -9 -20  -3  22
-16   3   1  -8
 -4   9  24   9
  8  23   4  17
 20  24  -3 -17
 13  18 -17 -23
 22  15   0   1
 -2   3   0   1
-14  18 -19  -1
 -7  20  -2  -8
 16 -12 -16  15
-22 -17 -10   8
 20   2  13   8
 18  -9  -5  23
  6  19 -21 -15
-18 -21 -23 -18
  8  -8  -6 -20
  6  -4 -19  21
-22   9  17  10
 16 -17  19  -2
  2 -14  -4 -21
 -6  -4 -10  13
  4  -7  18  15
 23  -3   2   6
  5  19 -13 -19
 -6  22  -7   4
  7  13 -16   3
-16 -10   5   4
  6  14  15  -6
 -3  11 -11  19
 16  22  16   9
 23  13  10 -15
-16  -7  12 -21
 -8   1  17 -13
-16  -1 -18   4
-19 -10 -18  -8
 -9   9  12 -22
-20 -21   3 -11
-19 -12  -3 -20
-18  16  -7  11
 12 -21 -16  -1
-13  -8 -15   2
  1 -20  12 -10
  5 -21  17  13
  8   0  19  -2
 13 -17   6   7
-23  13   5  -9
  1   4  18  14
  5  24 -19 -20
 22  18  19 -19
-24 -13 -10 -15
  0 -22 -22  14
 -1   6  22  24
-21  10   2  -3
 -9  -5  -9   9
 -1  -5 -24  -8
-23 -14   5 -16
  5 -13 -23  15
-22   0  -9  -5
 -8  -9 -19  19
-20  10  -3 -12
 14  11  -5  22
 17 -16   9  10
  6 -22 -24  -9
 23  -8 -11  17
-12 -10  -2 -24
  7  -9  17  12
-14  10   6  20
-20   5 -10 -15
-17  21 -10  11
  3   9   7  -7
 -7  -3 -21  19
 24  16  15 -23
  2 -17   1  -7
  9  -2   9   6
-19  11  -2   0
-23   4  -3  19
 -1  -7   2 -13
  2  24  15   6
-11  11  21 -22
  7 -20  18   5
-23  -3  10 -23
-20  -9 -21 -13
 -1 -12  22   9
-13 -14  -3   0
-12 -16 -18 -23
 14 -20  -4 -24
 11  14 -18   1
-15  16   1 -18
  8  23   9 -24
-18  12  -3   3
  3 -21  -3   2
 -3  12 -23   6
  9  -5  22 -10
 -4  18  -1  -3
-22 -22  24  -6
 19  -9  -3  13
-21  -9  11 -15
 17 -13  13  13
 13  -1  15  15
-18   5  -2  10
 19  -6 -19 -15
 -2  -7  -6  14
 -4   6  19  14
 10  -2 -14 -23
 15   9   9  23
-20 -17   2  -3
  8   6  16  16
  6   9   6 -11
-10   0  13  24
  1  17   4 -11
  0  24   0 -21
-17  17   8 -22
 -2  16  14 -23
 20  11   0  23
 -8  12  22  17
 24 -10 -20  17
 13  -1  18  15
 18  19 -13  10
 -9  -1   7   3
 10  10   4 -22
 -1 -10  11  11
-15  15 -10  18
 16  12   9  21
-24  -9   6   3
-22  21   4  19
-19 -14  19   2
-21 -10  -3  11
 -5  18 -14  -1
 -9  16   9   7
-10 -16 -12  -8
-22  -1   8 -23
 -2  18   9 -16
-10 -24  -2 -23
-22   6 -19 -18
-24 -11  21  16
 10 -16 -16  15
  4 -19   0  -3
 18  -1  -3 -13
 11 -14  24  19
 14 -20   0   0
  8   1  -1  -3
  9  15  11 -10
 19  17  -1 -23
  8   1  14  24
 -8 -13  12  -1
-16   4 -19 -12
  8   2 -11  24
 10 -11   2 -18
 13  11   5   8
 -7  -9  21  15
-13  -8 -22  22
  9 -10  19  -5
-15   0 -11  -3
  5  20 -19   1
-15  18 -12 -18
-16  17  13 -13
 13   3  -1   6
-12 -24  -1 -19
-11   7 -24   5
 -9  11 -17  21
 10   7 -11 -15
 -1   2 -17 -23
 -1  -3   7 -22
 -7 -22 -24  24
 -1 -12 -10 -15
 -1  12  -2   7
 17  -9 -17  21
 -3  -5 -13 -17
  1   5  -7  -5
 24  -6  17  -7
  9  24 -19   0
 10 -16  10  10
 14  24  -1   7
 24  12 -12  16
-21  17  -8  20
-13   8  23  -9
 11  -9   1  21
  3   4   9  -8
  6 -15 -18  11
  5   6  -1   4
 10  23  22  11
  5 -20  20  21
  5   1  10   6
-22   9  -8   6
  6  -7   1 -15
 -9  12  -5 -17
  0  13  -9  22
  3 -11  -7 -17
 12 -13 -16 -21
  5   2 -23 -20
 15   9 -10   5
 -9  24  -8   8
-14  14  -2  16
  8   8  24 -24
 -4  -4   7   9
-20   4  20  24
-15 -17  24 -24
 -3 -15  16   8
 -9  12  23  19
-23  -7   3   2
 11   7  -5 -11
-20 -11  15 -18
-23  -3   4   4
  2  19  12 -23
 19   4  -2  11
-24 -24  19 -14
-23 -17  10 -18
  6   9  22  24
  0  -8 -18   7
 14   0  20  17
 -1  -5 -16 -13
 -3 -15  -3  20
 12 -23  15  -6
 19  -2  -3 -17
-14 -16 -17 -16
  5 -10  -7 -14
 -1  -7  -7   1
-13 -15 -24  -6
 20  10  -2  24
-22   0  -4  22
 14   0  -8 -14
-24  16  21 -16
 -6   3  -6 -17
-16  -9  18  19
-19   2  -1   7
 21  -3  23 -11
  4  -6 -19 -18
  5  22  -1  -9
 -5 -14  11 -16
 12 -21   9  16
 12  20 -14  11
-23 -14  -2   1
-24  18 -13 -24
-20   1 -20  14
 -1  22  15 -23
 18  12  -9  -2
 23  14  -2   3