-22  15  -4 -18
 23  -2 -19  18
-15  21 -12 -17
 -3  -4 -12   3
 -8  -2   9 -18
 10 -14   6  22
-14 -23  22   1
-20  -7  -2 -15
 -3  13  16 -15
 -8 -12  18  -2
  2   1  -9  10
 22  15 -11  22
-22 -16 -12 -18
 -8   4   0 -20
-17 -18  12 -16
  0  -7 -17 -10
 17  -6   2 -14
 20  -4   5  12
 12  16 -14   1
  8  16   1 -13
 -4 -17 -24 -18
 18   5  15   8
-20 -17   1 -22
 12 -19  21  10
 18  14   7  20
 -5  -3   3  -2
 22  18 -23  -8
 18  18 -20 -20
  8  11  10   9
 16 -15   4   9
 -8   0  -8  11
 11  17   6   6
  9 -20  -5 -14
 -2  20 -15  15
 10 -14  16 -22
-11  -5   0  16
-20 -23  -1  -5
-19   6  -9  23
 17  20  -4   0
  4 -13  -8  -8
-15 -18   3 -24
  6  13   3  15
-14  -7  13 -15
-10   9  23   2
 16  18  17   4
 21 -12 -19  11
 -8  14  24 -18
 17 -14  13 -10
-14 -16  23  -6
-13   6 -10  21
  4  23   7   5
 -7  22  22  -4
 -6  13 -12   0
 22 -11   6 -23
 23  -7  -2  24
  1  -4 -17   8
 22  23   2  17
-20   0  -4  24
-13  -7   6  -8
 -3 -18   2 -11
  5  24   3  -9
-16 -22 -14  10
-20  -7   0 -16
 17   5 -20  -6
-21 -21 -13 -12
-22 -17 -17   1
 -4   2 -18   5
 -8   3  19 -24
-18   0  -3  -4
 -5  -4   9 -21
-14   7 -23  12
 18  -3 -23  19
 18 -14  22   3
 -2 -13  16   3
 18   4  -3  -2
  4   2  20  24
-15   3  12   2
 -2 -23   3   6
  1  22  22  10
 -7  17 -12 -12
 -4  -3   6  14
 11   7 -18 -16
 -9   6  19 -24
  4 -22  10 -10
-14 -23   6  10
-16 -24 -24   3
 -6  20 -17 -10
-17 -15 -10  -2
-10  -5 -23  21
 14  19 -10   8
-20 -10   9  23
-15 -19 -14  10
 -4 -22  16  -6
  5 -12  -5  -3
 12  -8 -24   3
-24  11 -23  20
-12  20  21   1
-18   0 -18 -12
 -1   0  11 -17
 -5  19  19 -18
 12  21 -16 -13
 -7  -3 -18   1
 14  -1  11  10
  0   2   8  20
-19 -10 -12   7
 16  -6  -2  20
-15  11  -9  -4
  5  -9 -20 -23
 -2   1  17  13
 -9  16  19  10
 -3  18 -12   6
  1  16 -20  23
  3  15  -1  -5
-20   6 -15  -7
 12 -18   4 -21
  9   3  14  21
-23   2   1  21
-21  -1 -18   6
  6  15  -7  14
 -7 -16  15   3
 14 -24  19  15
  1  10 -21  15
-24  -5  23  -6
-10  -9 -24  14
 -4 -24   9  23
 -7 -19  21 -24
 -8  -5   2 -11
-19  -9 -21  -3
-24 -16   0   2
  7 -22  -8  -5
 22  -8 -11  21
 -9 -12 -15 -17
  5 -20  -3  12
  1  24 -18  -8
 23   8 -18  24
  0  19   3   6
  3  13  17  21
 19  -7   3  19
 -2  19  -7 -20
  2   0   3   3
 -9  -6  13  11
-17   4  -9   7
-15  10  -4  -3
-10  22 -16  -2
 21   1  20   4
-15  -1  10  18
-19   2  -3   5
  4  11 -10 -23
 18  -9 -21  -1
 18  -8 -15  -7
-13 -21  -9  -4
 -9  24  19 -14
-23  15  17  -3
-24  19 -12  14
 21  -3  -2  14
 -1  15   7 -12
  1   0 -23   0
 10  -1  11 -11
 20  23  20  15
 21  16 -23  -3
-13 -16  22 -14
-15  20 -21  15
-15 -10  14 -10
-21 -13  -6 -11
 17  19   1 -18
-15  22  -5  -5
 24  20  -3 -19
 20  21 -22   7
 10   7   0  19
 16  18  16  24
 23  15 -23 -21
 17 -18  11 -24
 -8   9   2   6
-10   1  -9 -14
-10  -5  23   3
 21 -21 -11 -10
 -1 -19 -19  10
-20 -14   8   3
 13 -21  11  -6
 11 -20   3   3
  9 -15   7  16
  7   9  11   4
 22 -18   3 -24
 -8 -21   4 -23
 11 -10  -7  -8
  4  -9  -1 -21
 -4 -14 -18 -13
-18 -12  -4  23
 24 -13   7 -11
 13  10  24  13
 -6 -21 -14  -7
-15  -3 -19  22
  8   4 -14  19
  0 -12 -24  -2
 11  -7  18 -18
-10  -7  16  12
 23  18  -5  16
-24 -16   2  12
  9 -21   5   7
 10 -10   5  21
  3 -19 -16  -8
 12   2 -23 -17
 10   5   3 -23
 18  21  18   2
-10  14 -15   8
 16  12  -2 -19
 18  -7   6   9
-13  -2 -21   0
  4 -16  23 -10
 10  17 -23 -13
-21  -6   1  22
  3 -21 -11 -11
 -7  -6   1 -21
 14  16  12  -6
-21   4  -8  24
 -7   0  21  14
 19   8 -18  18
-21 -14 -22 -18
 -1  11   5  10
 -5   3   6 -13
 -4   0  15 -23
-17   2  10 -18
  7  10 -24  -7
-12   2 -18  23
  1  21 -14   5
  7 -15   1   1
  8  18  -6  -1
  6  -3  -1  24
 11   9   0 -19
 18  -6 -21 -22
-15 -22 -12  -9
 19  22 -14 -23
 -7 -21  -2 -20
-10  23   7 -18
 -3  -5  13 -13
 23   8  21 -20
 12  19  19  -5
  2 -10  22   4
  1 -23   1 -23
 16   4  17  10
 19  -5  -6  18
 22 -22  16 -15
-10  12 -23  -4
  0   8  -5   6
 -6 -12  -5  19
-10  -1  23 -21
-19  10  -6   5
 18  24  -1  21
 -9 -19 -16  23
  7 -17  21   6
-11  23  10  20
-14  11 -10  18
 -9 -14  -5   5
 24  10  -9  -9
 -6   8 -15 -18
  9  -5  -8  17
  8 -12  24   3
 19  23  18  22
 19   9 -14  -3
 18   9 -12  -9
-12   5  23  12
 15  22  12   6
 12  -7   0  20
 18 -16  10  -1
-10  13  -5 -17
 15   5   9   7
-23  12  11 -12
  2 -22  11 -22
 12   0   9 -15
 -4   5   4  -7
-10 -23 -18  -3
-17  -3   9  10
-21  -3 -12  15
 20 -19   3 -23
  2 -24  22  22
-20  12  -1   5
 22 -10   3 -18
  7  14 -16 -15
 -2 -12 -16 -10
-15 -21 -21 -19
 -7  10  23   7
 -8  20  19   9
-22  -2  -3  -5
-13  -2  20   8
  6  15  -3  -3
-15  13  17  -2
-21  14 -23 -17
-11   8 -11   9
-23   7 -19  -6
-14 -11 -19  -4
-12  -2 -15 -24
 19  24 -21  -5
-21   9  12  19
-20  -5 -10  24
 20 -12   7 -19
 -2   6   3   0
-19  19   9 -17
 -4  11  15  -9
 -3  14  24  -3
 13 -10   8  24
  5  -9   2   0
 24   3  -1   6
-10 -24 -16  -8
-17  16  22   0
 -1  -6   0  15
 -5 -15 -14 -22
-20  -3   2 -13
 -2   5 -17  19
 13 -16  17  23
 -1 -18  -2  -1
-22 -21 -19  19
-22   1 -24   6
 22  10  13  10
  9 -14 -10 -13
-10  -2  -3 -15
 -3  22  -7 -12
  4   5  16 -18
-19 -11  -9 -24
-16  -1   9 -13
  7  19 -14  -6
  1 -23  -9  18
-20 -15 -13   5
-19   9 -18  17
-10  -5  12 -19
 15  18  -2 -16
 16  13   7   0
 24 -14  -6  -5
 15  14 -20  -1
 23  20 -11   5
 17  -7 -21   9
  8 -14 -15 -14
 -8  13  -3  16
 -1 -20  -2 -18
  9  19  12   2
  4 -13 -22  19
 -2  16 -21  15
 17 -16  21 -14
 -8 -12   6   7
-16  13  -7  -8
 24  16  -1  13
-16  12 -14  -6
 -2  18  -7 -10
 14 -16  -9  -4
 24  -9  12 -17
 14  -7  -5  10
 -4  -5  11   8
-18  -5   5  -5
 11 -14  13 -22
-13 -12  16  11
 20  -5 -20  14
-10  -3 -11   2
 -4  -3  13  23
 17  19  -6   6
-20 -18 -11 -23
  2  -5 -11  -1
 18  -6  -2  20
-20 -15  23 -18
-23 -20   8   0
 11   2   8 -24
  4  23   2  21
 12   5  23   1
 20  24   6   9
 24   8  20  14
-16 -24  -3   7
-21 -24 -20  16
  7  20  -8  24
 23   5 -24  21
  3 -17  -9  11
  4 -11   7 -22
-20  -7  11  -5
  2 -24 -14  -6
-23  -7  -8  14
  6  17  14  11
  2 -21 -16  18
 18  18  17  23
  8 -13  22  -1
 23   0   2 -24
 -8  14  20  17
 -8  18 -22  -6
-13 -24   2  21
-14  24   1  23
  0  15  23  -2
-20 -13  -2  -7
  3 -14  -1   0
 -1  -8  15   3
 16  23  -5   3
-13 -18  20   7
-16  21  24   1
-18 -17 -15 -11
 -7 -14   8  21
 10  10  10 -20
  2   2  19   0
 21 -12  -9 -16
-22 -19  21 -24
 -9 -22  22  -7
 15   4 -22  24
 24 -20 -23 -20
-24   5 -21   2
-20  13  13  20
 10  -9 -17  -5
 -3  -9   9  -4
-18   9  23  21
 -8 -13  -3   8
-21  -2  23 -19
 18 -22  12   0
-15 -15  13   1
-17  -1  15 -12
-18 -11   1 -12
-11   0  19 -16
  6  -5 -23  24
 23 -19  22   0
  8  10  -3   8
  5  12   5  19
 -2 -17 -15 -24
-18   7 -17 -14
 23  -9   5  -4
  3   1  12   4
-21  -2 -16 -20
 -1  -3 -23   8
 16  -7  -6   0
-15  -5 -22  12
 15 -23 -18  10
-24 -23  19  19
  7   3   8  -9
 23   8   2 -10
 -4  -9   9  -5
 17 -15 -11  23
 14 -19   9  16
-21  22 -11  19
-24 -24  -1 -23
 22  17  12  -1
  8 -12   2  20
-17  -9   4   9
  0  22  23  -8
 19 -19  13  12
 24 -13  12   1
 -5   5  13  24
 15  24   3 -24
  3  24  22  18
-10   7 -24 -21
 15  23  22  -2
 15   0   8  -4
-13 -23  14 -19
 21 -13  11 -19
-16   6  10  17
  5  17  10   0
 -8  21   6  20
-12 -23 -22  17
-20 -24  15  -1
 24  -5  -8  -5
 -8  20  24  21
 -6   2  10  -5
  7 -13  -3  -7
-19 -10   3  -1
 22  -7  13  12
 -5   3  11 -18
  7   3 -17 -10
 -7 -16   8 -17
  7 -13 -13  -7
 -9   9 -10  20
-20  15 -19  -8
 19   2  24  12
-23 -16  16  13
 10 -14  14 -15
-13  -4 -14 -18
  3 -18  -1  12
  3  15  23 -22
 11  -6 -20 -23
 10  -6  -8   5
 20   5  16  -1
 -7  14  12  15
  2  14  -2  -7
 11  10  13  16
  9  -7  12  23
-13 -13  -6  23
  7 -23   1 -12
 -6 -24  -3   7
  2 -14   6  24
 13  18   9  12
-15   9  13   4
  7  -5  24   7
-13 -20  10 -12
 -3   7   9  21
-12 -16  21  18
 -9  -4  10  16
-14  -2  -1 -19
 18  -5  -7  20
 14   6 -20  13
 24  -8  -9  12
-22  -1  12  24
 -1  23  21 -22
 -3   6  20  -3
 -8 -24 -11  23
-12  -7  24  19
-23  -2 -11 -18
  7 -12  22 -23
 10  10   0 -11
-17  21  -5   8
 -1  -5  -1   0
-24  17  10  13
  6 -13 -11  14
 -3  -5  10  20
-22  -7  -1  -2
  4  16 -22  14
 -6  15 -18  16
  5  -4   2 -23
-22 -14 -18  21
-10 -22  12  11
 10 -21 -16  16
 10  16  18 -20
 -4  13  22  22
 -1  23 -13   4