  5   6  -9  14
-22  17 -16 -10
 -3 -23 -23 -21
-15  -5 -22   2
-10 -10  24  -2
 21   7   7 -18
 -9   2  21   2
  8  17  22  -5
  4   3 -23  -1
-14  -2   0   0
-17   8   4  -8
 24  12  11   4
-16 -19  18  24
 23   2  -2   4
 13 -21 -12   6
  5  14  19 -15
  8  12 -23  17
 19 -10  15  -2
 -5  10  -3 -17
-17   9 -24   6
  3  21   6  -8
-18 -17  20  -5
 19 -22   9 -10
 -2 -21   1   0
 -9  21  21  19
-21  14  -7 -10
 11  23 -18 -18
 15   7  -4  10
-22 -10 -19  15
-13  -1 -20 -17
 -9   5  10 -18
  4 -12   2 -15
  5  15   9   8
 -6 -15 -18 -16
  5 -22 -13  11
-10  -3  23  18
 11  19  20  -5
-13  -1 -20   9
 18 -22  -2 -22
-23   9  20 -10
  3  14  15   5
  2 -15 -22   0
 24  22  -1 -10
 -4  -5 -11 -14
-17  11  18 -18
 24   2  10  16
-19  15  -9  15
 17 -24   3   7
-14 -19 -22  -5
-15  17  12  23
  1   0  10  -5
 -8  -9  -8 -11
 15   6  16 -13
  5 -12 -12   1
 -4  -9   7  15
-23  20  24 -15
  9   9   0  23
 15   5  22  -1
 -8   0 -21  10
  5  -2  10   5
 21 -12  23  -1
 23 -20   2   0
-19  -6 -21   8
 20  19 -17  12
 -8  -2   0  -9
-16  17 -13 -16
 10  10   3   1
 17   9  13   0
  5  16 -21 -11
  2  17  16   7
 -4  -7  24   5
-19   3  -7 -22
 -7 -14   7 -24
-14   7 -17 -22
-16  -2  13 -15
  9 -16  14  -4
 10 -19  -5   7
 -8 -15  -5  22
-20  -9  -9  -4
  7 -24 -16  -5
 23  -8   3  -1
-21  -6  -1   9
-24  12  14 -22
-23   4  14   4
 13  15  20   4
 -2  -8  -6 -15
  5   0  -5 -21
  3 -12   5 -12
-17   6  23   4
 -4   2  -3   7
 24   4  20   7
 22  -5  -3   1
-24 -16 -17   2
-17  10   3 -12
-19  -5  -2   5
-12  20  -4 -10
 -4   6 -16  20
 -4  17   4  -1
 11   7  -1 -15
  9  12   3  -4
 -3   0  16  19
 21 -24  10  -5
-17 -15 -15  13
 18  23   2 -24
  1  -8  19  10
 15  20   0 -10
 12 -20 -10 -13
-14  -3  -7  22
 -7   7  -2  -9
 12   1 -17   9
  0   3   7  24
-15  23 -22 -12
-11  21  16   8
-12 -22  -3   2
  2   3 -12 -20
 22  19  18  -4
  1 -23 -19  -2
 14 -13 -18  24
 -7  12  22  -4
 23   4  -6  18
-11  15  -1 -23
  1 -14   2   1
-19   0   7 -14
 -5  -6 -22 -24
 -4 -15  13   8
 16 -18   0  -9
  8  16 -18 -23
 -6 -13  -2 -20
-12  23 -21  -1
 -9   8  -8  -6
  5 -24 -17   2
-10  15 -16   2
-12  -8  -2   1
 16 -17  11   0
 11   4 -19  19
 16   6  -1  11
 16  18   5  -6
 13 -22 -12  23
-14  -6 -24  -9
  8  10   7   9
-15 -15  15 -10
 -5  13  -6 -20
-14  12   8 -22
 14  24  -5  -1
 24 -22 -18  16
  5  15   3  13
 -1   6  -2  17
 10   9   2  17
-20  -4   3 -11
 21  -4 -17  -2
  4  -3 -16  20
 22   5  22 -17
-20  19  19  21
  6   7   5   3
  6  -4 -14   5
 -2 -13 -22  -9
 11  17  12  15
-16  -6 -13  20
 17  10 -19   8
 19  21  -6 -10
 19  18 -12 -22
 14  10  23 -13
  2 -11  10 -18
 15   0 -20   0
-20 -18  -7 -19
-10 -11 -23  -3
 -2   6  -3  -9
 12 -13 -16 -11
-11 -14  -3  11
-17  -3  -2  12
 -7  15  22  12
 10  23   2  11
  0   0  -3  21
-15  -9  13 -22
  0  24  21  10
 -2 -19 -11   1
-21  -2  -6 -16
 11  -2  -8  20
 -9  -8 -22   1
-22   8   3 -24
  1  -3   8 -13
  0  -5  14 -11
  3   7 -11   6
 12  -1 -22  20
 -6   9  16 -17
  1 -13 -19 -23
-14 -21   6 -15
-14  -4  -8  15
 11 -19 -15  20
-24  -6   3 -24
 21   5  -9  -4
-22   5   1   6
 -5  -4   6   0
  1   9 -12 -15
-17   8   5 -16
 21 -16 -11   6
 15 -23  -8 -23
  2   7 -21   7
 13 -15   7  17
 19 -15 -17  -6
 -9  -9  -2  23
 17  -4   9 -13
 14 -14  -7  21
  3  -7  22   8
 11  -7 -16  -2
 24 -23   2 -15
 -8 -15 -17  23
 -5   1  -1  -9
 23   4  14  -2
 14  23   7  18
 10  23 -10  24
 19  -2  15 -21
 -2 -23   5   3
-20   6 -20 -15
-14  -6   8 -18
 -5  -3   3  14
-16  22  -5   7
 10  -5  18  20
-17  23 -15 -16
 -3   0  -8  13
-19  -5  24  -8
 24 -24 -22 -22
 10 -11  19 -10
  3   3  23  13
 -3   6  -6 -12
-14 -14  -7  -7
 -8  16  13 -18
 13 -12  13 -23
-16  18  -3  19
 -6 -22  17  -9
 22  -3   4  -2
-22   0   4   2
 11  14 -22 -15
-23   6  -5  14
 -7 -13  19  -6
 -7  15  11  18
 -2   3  16   9
  3  -6  -2 -16
  1 -11  13 -17
 24   2 -23 -11
  0  -5  11  10
 16  -5 -12  -3
-23 -24 -18   7
 18  22  14  21
-17  21  22  23
 -6  -3 -24 -18
-10   1 -14  -1
-22  10  -7 -21
-12   5  22  -3
-12 -10  24  -4
 -8   5  15 -23
-16 -11  -3  -5
  6   0  23 -20
 12   7   2   5
 -5  -6  -1 -13
 -2  20  20  -6
 24   1   9   2
-19 -21  12  -5
-16  24  -2 -17
 17 -18 -15  -1
 19 -21 -11   3
  7  -1  18  11
 24  -9   0 -15
 20 -15  19 -22
-21  23  -5  22
-20  -7 -16 -24
 -9   7  24 -20
 -8 -22  18 -18
  1  -2 -16   3
-15  -5   3  21
-21  -6 -20 -21
-11 -15  21  -5
-13 -24  16 -23
 -4 -17   3  -3
  3 -12   8 -21
 24 -16 -15  22
-22 -11  17  21
-19  -6   5  12
-19   6 -19  19
  7  -7  20   6
-17  11  -4  13
 18 -11  15  -3
  4 -13  10  14
-22 -10 -13   5
-10  19 -15  23
 -4 -20  13 -12
 -3 -15   1  24
  9  11  18  23
-19  23 -13  -1
-14  10  13  20
 -3  -6 -17  18
 24 -13  -1 -16
 -2   5  17  13
-10  -3  17 -10
 18  21 -20 -16
  2 -11   7 -15
 21  21 -24  21
  6  14   4 -20
 16   9 -13 -15
  5 -17  -4 -19
 21  17  20 -22
 23  -6  21  -9
-20  16  16  -8
-14  -9  -3 -12
  0 -18  -7  19
 12   7  -1  19
  8 -11  -6  -3
 -7   8  13   5
 -8  -4  -1   0
  1 -20   4   5
 23   4  24 -22
 -7  -9  -8 -19
-18 -15  14  12
-10  13   1   5
-16  -4 -24 -15
  3  12  -6  15
 21 -13   8  18
  5 -19  -9 -16
 12   2 -12  -6
-15  22  18 -23
 -7  -7   0  24
-23 -13 -18 -19
 17  17  14  -8
-12  -7  18 -20
 18   2 -22  18
  9   0 -18 -17
-13 -13   8 -21
 12   2 -16  19
 -3 -15 -17 -13
-17 -16  10 -21
 23  18 -23  21
 -4   4  -8  16
-10  19 -21 -12
  0  15  12  13
-12  16  11  -4
 22  23  11   8
 -9  23   5  10
 14  19   7 -23
-17  17   9  14
  9  15  -1  23
-14  18 -19  10
  0  12   4  -6
-22 -13  -6   1
-14  -8 -14 -10
-12  -5  20   8
 24   7  -9  13
 -6  18 -12   6
 10 -20 -19  -2
 24  24   4 -18
 14  -5   7 -10
 18  23   0  24
 19  -7 -22   2
 17  -5  24 -18
-14 -18  17 -13
 15  19  12   1
-11  19   5 -13
 17 -22 -15 -24
-23   2 -13  -1
 13 -23  21 -18
 17 -24   3   6
-11  19 -10 -13
-14   4  -3  22
 21 -24  14  -2
-10 -11   8   1
-10  17   8 -19
  6  22 -18  13
  1 -22 -12 -21
  9   7  -1  -5
  6 -17  24  13
-15  -7   9  12
  5  19  24 -14
  6   7  21  24
-15  15 -24  -5
-19  19   6  -5
-18  -5   9 -11
 11  -7 -19   3
 -1   7  14  -1
  6  -7  18   0
  1   7  21  -8
 21 -16   0 -15
  2   8 -14  22
 -4  -2  14  -1
 15  12 -21  19
-23  13  13   1
 -6   7  13  17
 -1 -24 -22  -7
  6  -3 -19   0
  9 -18 -13  19
 19 -14   7  -9
-18 -18   5  -6
  9  14  18 -14
-21 -16   2 -16
 -6  15   6  10
 -4 -16 -21  20
 15  12  14 -11
  2  -5  23   0
 -6 -12  12  14
 -9  23 -22  -1
  7  11  -2  15
  6  18   0  21
 13 -24 -17  -1
-17 -12 -13 -10
-13   2   4  -7
  6 -10  -2  -5
-17 -21  23  22
 18  -9 -15  -3
-21 -12   0  20
  9  22 -21 -17
  8   6  17 -21
-23  15  22  10
  8 -24  -2   7
 -9 -24  24  17
-18  18  10 -12
 20 -14  24 -20
-24   9  18   1
 17  18  -1  -8
-18  13 -24   0
-17 -23  15 -22
-10  16  -6 -17
  9 -10  -4  10
  9  13   2 -14
 24 -20  15   6
 10 -10  10  24
 -9   0   2 -17
  3 -20  23  22
 22 -13  -3  -6
 -7 -20 -16   1
-13 -10 -21 -18
-22 -13  15  13
-11  18  12  -7
 23  -4  -9  19
  5 -16 -18   6
 14  11  -9  -9
 -9 -10  11  12
-12 -19  11  12
  2   2  18 -15
 11  -1   7  15
 16 -21  14   3
-11   0   3 -22
  1 -11   0  22
  8   8  -4  10
 11 -21  15 -20
-21  10 -19  -6
  3 -24  -8 -14
  8 -13   1  16
 21  24 -23   2
-14 -24 -12 -23
 -2  24  10   4
-23  12  -4  -1
  5   9  10  13
 11   8  13   3
  3  -3  21 -24
 -9   6  19  24
 -7   2   9  24
 10  -2   2   4
 18 -13  10 -18
-22  -3 -18   7
 -7  -9  21 -20
 18   7 -10 -10
  7 -15   5 -20
-21 -11 -24  18
-13  -3  12 -16
  8 -17   5  13
 -2  14  21   8
-15  11  17 -16
  6  -6  16  22
 12  11  17   3
-19  13  15  -5
 13   8  -6  14
 17  10  -1 -16
-17  13 -19 -13
 -7   3  23  -7
  1  13 -10  17
 23   3   9  19
 20 -19   7   7
  5   1  12  -3
  2  -6  24 -22
 -6  16 -18   1
-21 -18  15 -20
 17 -13 -20 -22
 18  11   2  11
 19  19  11   1
-17  16 -12  -7
 23  22  -5   9
 14 -19 -15  13
 11 -19  16   2
 -2 -13  -7  14
 15  20  23  -7
-15 -17   5  13
 19  -1  15   8
 13 -17  -8 -12
-16 -13   1  -5
 -1  22  16   8
-18  -7  15 -18
 18 -11 -16 -22
 18  22 -20  14
-18  -2  23  18
 22   2  17 -23
-20 -14  -1  -6
-13  23 -11  12
 21  13 -15 -16
  5  -7   2  21
-10  22 -15 -11
 10 -14  -1   4
 23 -14  10  -5
-11  14 -17 -22
 17  22  -3  -1
 14  -9   7  11
  8  11   3   4
 -6  -1  -1 -23
 -5  -9   5 -15
-18 -14  12  16