 14  11  10  16
 -8 -15  23   7
  5   5   4 -21
-14  20  -6   5
 -8  14  22  16
  8  -8  13 -19
-18   5  16   8
 -7   0  11  13
  8  16  -9  -7
 12 -24  18 -17
-16 -23  -6  -2
-20  -6  20  23
 -3  15  12 -19
  0  15 -24 -11
-11  14  -4 -22
-16  22   8  -9
  7  -3  -1  15
 14   7   8  22
 23  23  -4 -24
-16   5   4   1
 -9 -11  13 -19
 -5 -12   5 -15
 16   2  15  -1
-15  -1  -4  -9
-14   9   6  18
 16 -16 -19 -18
 10   3   0 -21
  7   1  21 -15
 23 -22   9   8
 -8   0  19  -8
-22  16 -10 -18
-15  15  -5  24
 -6   4 -11  12
  8  19  -5  18
-22  16   6   1
 12  -5  11 -17
  0   9   6   6
 -1   7  -4  22
 -3  19  -3   7
 -6 -13   1  -6
-15  15 -21 -24
  4  11  23   3
 -4  10   7   3
 19  21   4  13
 -7  -9   6 -22
 -7  23  17 -12
 18 -19   2  -2
-12  -5   5  -6
-18 -15 -22 -22
  4  -7  17  20
-16  -7  12  -8
-15  -1 -15  22
 -6 -16   5 -23
 17  23 -17  17
  9  11   9  -2
 -8  12 -10  -6
 -7  14  10  24
-17  -4  22   3
 -7  -7   8 -10
 11 -23 -20   5
  5  11  23   1
 22 -16  -9  10
 10 -23   7 -11
-14   3  13 -24
 -1  19 -22 -13
-19  -3  -5  21
 15  18  24 -14
-12  14   8   1
  7   3   8 -10
-20  20  -5   1
-16  15  18  14
 -4 -18   6  20
-22  -6   0  18
  5  17  18 -21
-15   8  17 -12
  5 -17  17  17
 13  22  -8 -22
 -5  15  23 -22
-17   8  -2 -17
  5  13 -12 -20
-15  -7 -15 -13
  4   3 -20   8
 -2 -21  -8 -10
 -6  23   0  23
  0 -19  10  -2
-15  14  19  14
-10 -12   0   4
 18  18 -11 -20
 20  16   6  -4
-20  -1   5 -15
-23 -24  -6  -1
  5  21   0 -14
-13   4  16  16
-21  17  13  21
 -3 -24 -21  20
-12  12 -24  -5
-13  -5 -10  -1
-22 -21   1  -7
 24  16  23   3
 -6   4 -23  23
  3  -7  22 -22
 -4 -22 -13  16
-12  10   8  -1
 15 -14 -22 -24
  1   2 -16  -6
 21 -24  -7  10
-10  16  16  -8
 -3   9  -8 -21
 -9  24  -5 -24
 19 -24  -1 -22
-16 -20  -8  23
 12 -10  20 -21
 -7  18 -12  14
-24  17  16  -3
 -2  -8  22  10
 21   3   1  -2
 18   1  -2  14
-12   4  -4  16
 11 -12  18 -11
 -1  -5 -21 -13
  3 -23  -7 -16
-10  20 -21  15
-16  17  15  -1
  1  18   0  22
 -1 -16   7  -4
 16   7   2  12
-15  22 -12 -10
 -1  -6 -15 -16
 -9 -17  23   7
-12  10 -18 -16
-13  12   3  13
-13 -14  23  14
 16 -21  22  24
-20 -24   7 -19
-20  -6 -12   5
  9 -23   5  -2
  2  18  13 -18
 13   0 -22  13
 23  -8 -22   3
 21 -15 -12  17
-23 -12   2   8
 17 -20 -22   5
 -6 -15  22  24
 -3 -14  -6  11
 21  -5  -7  10
  9  23  -1  -2
 17 -20  23  18
  3  -3  12 -13
  2 -21  -4  16
-22  15   1  -6
-18  20  -5  -1
  0  -6  22  17
  2 -11 -20  18
-16 -24  22  24
-10 -23  19 -13
  4   9  15  17
 12 -20 -19 -24
 19 -12  20 -20
 10  12   1  11
 18   8   9   2
-21  15 -23   8
-11   3  21 -24
-16  11  10  15
-20  -4  -9  17
-15   1 -19  22
 -2 -21  -6  22
 -2  15 -22 -19
 13 -17 -18   2
 -7  -8  24  19
 -7  -6 -23 -10
  7  24   1   8
-10  21 -22  24
 20 -12  18  15
-10   0   8  16
 15   7  12  22
-21  20  13  -7
 -7  -8   8   5
-19   1   9  20
 13  -7 -13   1
  4 -21 -12 -12
  7  -9 -17 -17
 15 -24  -3 -17
 12   8  -5  -5
 11  -7  13  14
  9   6   3  22
  6   7  23 -20
-23  21  15   7
  2 -12  21 -13
 15 -17   6  -6
  0 -24 -19   5
  0  -3  23   8
  3  22  -4 -13
 16  -4  15  -4
  3 -24  -7  21
  2 -17 -20   8
-24 -20  -6  22
 -3   1  -8   1
-19 -24 -22  19
 18  16  15  13
-15  21  17  18
 19 -20 -15  15
-20   4  10 -12
-23 -19 -14  -4
 13  23  12  -4
 24 -13 -10  -4
 12  21  15   4
 21 -10  13 -23
 23  -6   4 -20
-18 -14 -17   9
  2  13   7   7
 14 -19  -9  18
 23  12  20  18
-15  21  21 -11
-13   9 -22 -19
 -6 -17  20  14
-24  10   1 -18
-20  10  13  11
 22  13 -19  -1
 23 -11  -4  10
  0  -6  -4   3
-14 -10 -13  20
-11 -21  -9   7
-16   3  19  21
 19  -5 -18 -23
 11 -11  14  -9
-10  16 -15   7
  5 -11  14  -2
-23 -15   7 -22
 -9   8   8 -24
  2 -22 -23 -11
 21 -10 -10   5
-17  22 -12 -24
 16  -5  11 -23
 -4 -12   3  -4
-23  20 -24 -21
-23   8  11  23
  7  -1  -4  22
 -3  18 -23  19
  1  13   8  11
 12  -8  -6 -20
  5   1 -16  13
  9  10  22  -6
-12 -13  -3  -4
-12  -7  -6  11
 -9  -6 -17   9
 -1  20 -18 -10
-23 -24  -8  -9
 11  -4  18  10
  5   1 -18   9
  9  16  21   0
  4  -1  -9  20
  1  20   8   4
  6  14 -24  -4
 14  19  18  15
 20  17  10 -11
  2  -3  21  24
 20  12  15  19
-12   3  24   0
  5  14   0 -18
 24  14 -16  24
 -6  -7  21  15
  6  -1  -1 -20
 -2  10  13  16
-11  -2 -11 -18
 24   1  14 -23
-23   0  12  17
 -4 -19  -1 -11
 -3  24  -4  23
  3   2 -22   2
-24   1   1  19
 -9 -10 -20   2
-11 -21  15  -2
 -8  -2 -19 -17
  8  24 -24  16
  8   3  -9 -14
 17  20  19 -19
 21 -23 -24 -18
 -7  -4   9   9
  6  -9  -8  -8
-17  -5 -13 -21
 -4   7 -13 -17
 20   7 -24  18
 -2  -4  -3 -20
 -8  11 -24 -11
  9  16   4  10
 11   3  16 -14
  6 -14  -1   1
  2  13 -19  12
 23   2 -11   1
-21 -14  12   1
-23  -2 -16 -24
  1  -8 -11  10
-23  -8   1  22
 22 -12  12 -12
-13   0 -20 -10
  6  11 -10  22
  3   3 -20  13
-10 -12  16  -3
-17  20  10 -15
-11  19  -7 -20
 18  10  24  19
 -9  21 -13 -21
  5   2   5  -4
-16 -12   8 -10
-21   2  -5 -18
 10  20   9 -17
 16 -21  -7  13
  8  13 -20  18
  7 -14  19   0
 -3   9  10  10
 -5 -14  10 -12
 -8 -14 -15  -2
  6 -21  16  -2
 12 -16  -1  10
-13 -16 -16  17
 -5   4  23  13
 13 -13  -1   7
 21  13  12   8
  9  10 -21  11
 18  17  -7  17
 21  23  -1 -16
  9 -19   2 -19
 15 -21  -2 -10
-24 -15 -24   4
-23  -3   6  22
 -3  18  12 -18
 22   7   5 -10
-19   5 -11  -8
 14 -21 -16 -12
 23  14   2  -8
 10 -18  16  14
-17 -14 -21  13
  5   0  -8   6
-11  10 -16   8
-13  19  15 -11
 -4 -22   1  -8
-24   5  15   4
-23  15  -9   9
-19  12  11  14
-10  23 -18  -5
 17 -19   5  22
 24  -8   5  -8
  9  22  23 -12
-11  14   9 -14
-14  16  16  -3
 12  13   5  11
 20 -13   8   8
-15 -10  -1  -4
-15  13   4  15
 17   7  21 -12
-13   2   9 -12
  0  13 -24  10
 10  23   9 -19
 -1   7  -2  13
 18  17   1 -20
  3   1 -13  13
-23 -18  16   8
 19   1 -17  -1
-22   7  24 -21
-15   5 -12   7
 14  11  16 -14
-11  11  -6 -22
-11 -10 -16 -22
 -1  19  -6   9
  3  -6  -8  10
-24   7  -3  -7
 -6  21  13 -10
 -8   2  13 -21
-10 -12  19 -12
 22   9  24  -9
 22  -8  16 -13
-20  16  -2  -4
 -3 -19  -9  -1
 12 -20 -12 -14
  4  -3 -12  -9
 13 -23   1 -12
 21  21   0 -20
 11  -2  -6 -18
-18  20 -21 -19
-22   2  16  -4
-11 -16 -17  15
 -3 -16  22   4
-15  10  -9 -22
 -9  17  24 -20
  4 -12 -22   6
-10   9 -12  11
 10 -24  19  24
 12  13  -4  18
 17  15   0   6
  5   9 -17   3
 13  18 -22  10
  7 -14  -2  10
-15  -7  22 -19
  4   0  16  -6
-13 -14 -16   8
 20 -18  -7  12
 -6  10   4 -23
  4 -15   7 -17
-22 -12 -17 -23
 -8 -12 -23   5
 12   7   2   1
  1 -20  12 -14
-13  19 -21   2
 -7   2  -4 -17
 21 -12   9 -21
 -3  12  14 -20
  5   5  -7  -2
 23 -16 -15 -22
 -8 -24   1  19
 19  24  12 -24
  3  -8  -5 -21
  9  13   8  20
 -2  19  -9  15
 -1  14  11 -15
 -2   3  21  -7
-10  -7 -18  -3
  5  21 -18  10
  3  10   1  16
 20  11   8  23
 14  18 -11  12
  4 -18  18 -23
  0  14  -6  24
 -7  19  13 -15
 19   1  -8 -23
  7 -15  -6  -3
-19  11   0  -3
 17  -8 -11 -18
-17 -14   7  -8
 24   5 -17 -20
 14   9  20  23
  9  -8 -14 -11
-20  23  13 -19
-14 -20 -15  10
-17  16   3  -6
 -6   2  -7  15
-17 -12  13 -13
-17 -12  12  15
  0 -19  16 -21
-12  10 -10  15
 19  17  -4  10
-22 -15  23   8
 16 -18  21 -11
-14  18   7 -14
-23 -24 -23   9
 -1 -14 -12  -6
 13   8 -21   5
 22   4  10  23
 23 -12  -8  17
-24  -7  -4  -7
 -9 -20 -21  19
  8 -12   9 -24
 -9   9   9 -15
 -5 -12  -9  22
 14   3 -23  -3
  6 -22  21 -17
 -1   7  18 -18
 -9 -12  13 -14
  5 -14  23  13
-14   1 -19 -15
 10   2 -11  23
-17 -14 -17 -12
 24  22 -10 -17
-19 -16   9  21
-17 -15  16 -10
-23  13 -21  -9
  2 -17  24 -13
 -3  13  22  23
 14  -2  13   8
-15  18   3   9
 -3  22 -12  15
 -2  16   9  15
  7 -22  -5   3
 13  21 -23 -20
-16   6  -2  -1
  0  24 -14  17
 24  13 -20   4
-18 -19  14  13
-22   8   4  -2
 10 -24 -19  -7
-14  -8 -24   5
-19  13  10  16
 -5   3  -2  21
  2 -20 -15 -18
-24  -1 -20 -19
  3 -22  -5 -17
-18  -1  16 -14
  7   2   5  -8
  7  -9 -11  -2
-23   3  11  17
-11 -19  -6 -15
 21  -7  -9   6
 -1   4   2  23
 13  13   7  13
 15   4 -13  24
-18 -10 -12 -10
-24  -5   3 -19
 -9 -21   8  -5
 20  24  -9 -12
 -5 -17  -8  11
 12 -19  11 -15
-15 -23 -11  -2
 -9  13 -14  24
 -8  -4  24 -23
  3  16 -13  -9
-12 -16  -3  -4
  1 -23 -13  22
 17  -9   4  15
 16  19  20   9
-16 -23   7   2
-19  22  -3  18
-10  -8  21  23
 18  24  -5  24