 20 -22   7  19
 21  17 -24  10
 -6 -17  16  -9
-21   6  11   7
 -6 -18  24  11
 11  -3   6  17
  2  -2   6 -21
-19   9  12 -22
-13   4  -2  -8
 12  -2  15   9
  7   8 -16 -11
 15  21 -13  19
 15 -23  21 -15
  5  19   8   8
 -6 -16  18  22
 20 -11  -6 -22
-16   2 -13   5
-19 -17 -17  15
-24  16  10   5
-14  16   3  14
 15   5 -13  -6
 -3 -12  -9  12
 18 -15   3  21
 -9  -5  17 -15
-23   2 -10 -14
 11 -12  -3 -15
 19   5 -13  19
  3   5 -20 -15
  1 -22 -22 -17
 23 -15   7  23
-17 -24  -7 -11
  9  20 -17 -23
 -2   8 -21  14
 16   1  21  10
  5  22   6  -1
-12  -1   8  -4
-23   6 -21  12
-19   8  -2  -3
-23  -1 -19  22
-18  14  17   2
-16 -23 -14  13
 11 -23  23 -21
 14  16  14  19
-14 -24   5  20
 -2 -16  -7  20
 22  17   5   7
 -7 -10  -7 -10
 20 -13   1  17
 22 -13   8  24
 -5   5 -11   8
 23  15 -14  23
-23  -4   3 -16
-16 -16  -4   8
  0  10  12 -10
 -8  20 -18  19
 16 -20 -20 -13
  1  -2 -22  22
 -2  10 -23   6
-12  15 -22 -14
 24 -11 -15  -6
 12  17   6 -16
-18 -12 -19  21
 23 -22 -24 -18
 10 -18   0  10
  0  -9  -1   1
 -6  22   5   1
-15  16  -2  13
  3 -13  -3 -18
 20 -22  10  15
 15   8  -8   0
  3 -12  16 -23
 23  -5  -4 -14
 -5 -17 -14  24
  7   1  24  16
-17 -12   1   5
-19  -4   9 -10
-10 -22 -18  18
 -8  15   7 -12
 12 -19 -22  10
 12   7 -20   7
-22  -2  21  12
 17  -1   4 -15
 -5   1 -11   4
  5 -11 -17  24
 16  -4   8 -16
-13   0 -17   7
 -9  23  -1 -12
 -5   4  14  23
  3  10 -20 -12
-14   8 -24  -7
  6 -22   6   7
-16  -8 -19  14
-23 -13 -19  13
-18   7   5   0
 10   4   0   8
  8  16  -2  -6
 -2   2  23  24
 -4 -23 -24  14
-20   1   2   9
 24   6  -7   4
 11  16  17 -16
 16  20  -1 -19
 22  14  -3 -23
-12 -16 -11   3
 19 -24 -22   6
  2  19   4  -8
 11 -23   0  12
 10 -16  -2  20
  3  13   6 -18
 13  14   1   0
 12  11   2   0
  2 -12 -19  -7
 23  -8 -13  19
  7 -20 -22   4
  4 -13   1 -21
 13  14  11  -4
 14  22 -17 -15
 12  -9 -12  16
 -5   7  -8   1
  6 -16 -21   1
  3 -24 -22 -19
  2 -10   3  -9
-19  10  -9 -10
-22 -18  -7  12
-13  19 -10  17
-12  -8  -9 -18
-12 -19 -10  15
  4  24   0  10
 -3 -22  -2 -14
-14  -1   4  16
 20  12  17  -2
 18  18  22 -12
-15  24  16 -14
 -8  -1 -23  -6
 -9 -14   6  16
 -9   5  -9 -10
  0   8 -21  -9
  8   5 -19 -16
-23   3 -11 -21
 20  23   6   3
  7 -20 -10  11
-14 -16   9  -7
 11 -21  -3 -22
-15   1   7  17
 -1 -14   5   7
-23  21  20  19
 15 -18 -17  20
 15  23 -23 -22
 14 -21  -8  22
-12  14 -23  11
 19  -1  -6 -21
  1  -2  13 -21
 16  -9  16 -12
 -7 -20  -2 -18
 -2  21   9 -12
 -2  -5 -21 -11
-11  17   2 -17
-14   4  18  16
 24  21  11  -3
 -4  17 -11 -12
  4   0  16 -23
 -1   0  14 -22
  3 -19   7  -2
 16 -15 -11   5
  3 -16  -1   5
-20 -19   9   0
  2  -3 -24  17
 21 -22  -3 -13
-10  13  23 -13
-23 -12   3 -15
-13 -14   9  19
 18  11   8  21
 12   5 -10  24
 -8  15 -22 -18
 -5 -14  14   7
-15   4 -17 -18
 15  -9  24  16
  6  24  -4  18
 -6 -22 -22   0
 10  19  14  -9
-19 -24  21  -1
-12 -22  12 -10
-21 -22   7  -8
-21  20  -6 -12
-19 -12  18  20
 10 -14  16  -3
-17   4 -21   0
-20  17 -12  -9
-23 -10 -23 -24
 14 -10  -3 -21
  0 -11 -16  -5
-24  12 -14  -3
  2   1   7 -10
 16   6  13  10
 -8  -3 -24   2
-14  21  16  15
  2   3  13  20
-12  -8  -3 -10
 21   8  22 -16
-21  21 -11 -18
 -6 -20 -22  -2
 19  14   0  18
-20  18  24 -18
-19  18  -3 -12
 15 -22 -18  12
-22 -23 -22   2
 -1   0  -8  16
-14  12   2   2
-23  23  11  13
 -9  -1  24   0
 17  15 -19  19
 17  13 -17 -20
  2  14  -9  23
  0   0  -5  -4
 -9   2 -19  -1
  4  22  -5  16
 17   2 -18   9
-13 -20   7  24
 19  -9   9 -12
 -9  10 -22  -8
-21  12 -12 -18
 -8   2   2   5
-13  18   0 -14
  3 -13  22 -12
  2  10  16  22
 21  -8   9   9
-12 -10   3 -15
  9   6 -16  18
 -1   4  -7 -11
 -6  10   2  -3
-15 -23   0   1
  9 -24 -11   3
-16  17  10 -20
-21   6 -17 -19
-16  20  14  19
 -8  17 -16  13
 21  -7  19   5
 -5  17 -16  21
  3  22  11  17
-18   3  20  18
 -6 -14 -23 -17
-22  19  24   7
 11 -17  17  10
 20   2  12  -3
 -8  10 -15  -2
 -2  -4 -15  15
-22  24  13  -4
-24 -24 -22  -9
 14  12 -16 -16
 10  12  -8 -21
  2  -3  10 -12
  3  16 -19 -24
 -2   3 -16  -3
 24   4  17   0
 12   9 -21   3
-11  19 -21 -20
-24   3 -12 -10
-18   1  -9 -14
-13 -17 -21 -17
 12  19  -2 -23
-16  -9   4   0
 -1  -2   1  -9
  2   5   9  21
 17  -1  16 -10
-11  -9  15 -17
 -7  -3   3 -16
-12 -17 -16 -20
  0  21 -10  -8
 -3  23  21   2
  6 -21 -17 -19
  6 -10 -10  -9
 -9  10 -14   0
-23   9 -13   2
 14 -16  -2  24
 11   7 -20  20
-22  10  24  22
 21 -12  -9  -1
-15  22   7   7
 -8  21  17  24
-17  19  20  16
 21  19   3  16
-15 -16  14 -20
 22  -2  10 -16
-19 -13  15  12
 22 -14  23  15
-20 -17  -6  15
 16  21   4 -14
 -5 -15  20 -18
  7 -23 -13  -2
 15  18  13  12
  5 -24  -3  -8
  7 -11   7   9
-17  22   6 -18
 18  -6  22  -2
 -9 -19  -1 -16
 -4  11 -11   8
  7  -1  13   7
 11  -4   1  -2
 -2 -10 -10   7
-14   8 -12 -22
  0  16   8  -8
-18 -22  -6  -7
-17  22   9  22
 11 -24  12  11
  3   0  16  12
-20  11  22 -18
-19 -24  17 -20
-15 -23 -19 -22
-18   7  21 -22
-14 -17  -6  -6
 -8 -23 -23  -4
 -2   0  14 -14
 -7  12  -7 -12
-16  -8   8 -13
 -5 -24  -2   2
 12   7   4  20
 18 -23  11 -23
 -6 -23  24  24
 -3 -14  19  17
 -7  16  22  24
 -9 -24 -10  19
 -8  10  11  -3
  6  -6   7  13
-13 -22  -4  14
 -5   0 -24  -7
 10 -21  -5 -15
-21  10  23   7
 16 -17  14 -11
  4   2 -22   5
-10   7  19  19
 18 -22  12   9
 -2  14 -19   0
 -3  -5 -10  -2
 -8   7  13 -12
-10  16   1  -6
 10  -9  20  -1
 20  11  23  14
 -6 -10  -5  17
  1 -22 -10 -18
 12 -11 -18  -7
 11  -8   8   9
  2 -15  16   3
-17 -19 -12  12
  7   2 -18 -19
-24  18   1 -21
-23   1 -23 -19
-10 -24  -1  24
 23  -1   0   0
-16  10  22  15
-19  18   8 -11
  8 -13  -8  -2
-17  17   1 -15
  8  12   1   9
 -2 -23   6  10
-19   1  -1 -24
 14   9   4  22
  6  -2 -18  19
-11   6  -7  14
  6  -8 -15 -12
  9 -11 -20  16
 19 -12 -18  -7
-17  13  22  10
  5 -15  -2 -18
 17  -5   3  15
 -9  -6   6 -16
 24   2  -6   7
 -1   6   5   7
  2  10  22   8
-22  20  19   0
-24  -4 -15  15
 13   0  -1  -2
  6   2  13 -10
-24  -1  10 -19
  3  -6  17 -13
  2  12  16  -3
  4   8   8 -19
 -7 -16  -9  -3
 12  11 -24 -19
  0 -21  16  15
-21   5  19  19
 14  14  -9  -5
-20 -12 -17  13
 -8   4 -22  23
 -7   6  -2 -16
-15  17  -1  -4
  0 -20  19  18
 -5 -24   6   6
-13  -1   8  -7
-23   5  15  -8
 17   5  17  -2
 -2 -15 -11   7
 17  22  -3 -14
 10   8   5   0
  6  21  11   5
  6 -15   7 -10
 -2 -16   5  14
-12   8  -4 -24
-24 -12  11 -22
 -5 -21  14   3
 17  20  11  13
 11 -19 -16  23
 13  -6   1   1
 21  12  -7  -6
 -3  -1 -20  24
  2  23  -5  -3
  8 -10  14 -23
-24   9  18  -9
 -8 -12  23 -19
-23   9 -18  -9
 18 -18  -6  16
 13 -23 -14 -24
 22  -9  -8  -5
 13 -13  -8   5
  6  11  17  13
 18 -17  -3 -19
  5   7  -2  13
  2   4  13   0
 -6 -19 -15 -24
-16 -12 -22 -21
 -6   6   7  12
-15 -12  23 -14
 -9  15   0  19
-17 -12  -3  15
  1  -4   9   0
-18  -2   8   2
  0 -22 -17  11
-18 -11 -10 -18
 24  18  20   5
 19   6   0  24
 -7  21 -18  10
-13  22 -10  -3
 19  -6  16  20
 20   2 -15   1
  1  21 -14  11
 -5  11 -13  -6
  1  19  19  15
 21  12  -5 -15
-18 -22  22 -18
  8  24  21   1
-15  -5  22  -7
  7 -12  -7  21
-23  24  19  24
 23  13  -6 -23
  8  24   7  11
 13  17   4 -11
 19  20  17 -13
-20 -21  -6  22
-10 -21 -21  24
 14  18 -23 -15
 -1  -2  17 -16
 16   3  19  -5
 18  13   9  18
 12 -24  17   3
 15  -5  -2  13
 -9  -7   2  -3
 -2   2 -18 -13
  0  14 -12  17
  1  -6 -10   6
  0  12 -21 -23
 14 -13  -2 -10
 11 -12  20   5
-10 -10   7 -24
-14 -24 -12  21
-14 -12   8  18
-16 -14 -21 -12
  3  19   5 -11
 -8  22  13  16
  2  -2  13   1
 -7  10  -5   4
  7  13   6 -24
  5 -13  -6  -9
-18  14  16  -7
  0  16 -24  -2
-24  15   9 -12
-15   3   6  -4
 23  14  16   6
 -8 -12   9   5
 20   4 -14  -2
  1 -21   7   9
-17  -1  22  -5
  0  -7  -6 -11
 17   7  23  22
 22  19  -4 -16
 23 -22   2  -5
 -3 -10 -11  -5
 11 -14   4  24
  1 -20  -9  20
 -8  20  24   3
-16  -9 -15  -7
  7 -12 -17 -23
-24  24  -5 -13
  7 -22   4 -18
 11   0 -24 -17
  3   3  12 -21
 23 -14  14  19
 -6  21 -10  -9
 -7  12 -18  14
  8  24  -7   7
  4   4   4 -22
  1  20  -9 -19
  6  -4 -16  19
-14  11  -8 -11
-15  11 -15  10
 16   5 -13  -4
-22   8  17 -11
 19 -21  -2  -7
-14  10   6  -2
  9  -9  21   0
 -1 -21  13  -9
 13  21  -9  17
  6  14  10  12
-20 -24 -19   2