  5 -21  18 -15
 12   2  -5   7
-16   3 -13   5
 11   4  -6  10
 -7 -14 -19  10
 19   5   6  10
 -6   5  15   7
 23  -4  -6  20
 22  -7 -22 -16
-11 -13 -16 -21
 -1  10  -6  10
  2  15   7  -1
 -5 -19  24 -12
 21   9 -16 -12
-10 -22  -4   1
 20  -5 -14 -17
 -4  20  19  16
-18 -10  -7  -6
 24  14  -9 -22
  2  -7 -10 -17
-20  16  15  13
 16  18  16  15
 20   7 -22  -5
  9 -17  18  10
 -5  -9  -2  17
 -4  -9  22  22
  1 -24  23  16
  0  16  14  14
 -4 -12   1  14
 15  -8  -2  -7
 16 -18  -9  10
  2 -22 -21 -11
 22  -1 -24 -10
 17 -11 -18 -24
 22 -14  -4  12
 14 -13  -3   9
-24  -3   6   1
 12 -24   2  -4
  5  13   2 -19
  5 -16 -13 -19
-20  18 -11   3
 -8 -11  -1 -22
 13  22 -14   2
 15  -6 -16  -9
  2  22 -19  -3
-16   3 -24   5
  0  16  13  -4
-19 -23  -6  15
  7  12  -7 -12
-23  -1  18  -9
-21  -7  -5 -15
 -2   2 -23   5
 19  -1 -24   6
 -4   4  21  -2
 16   0  -4  17
 17  -6 -15  -4
 23 -15  -1   2
  9  -9  19  16
 15 -20 -21 -17
 -3  19 -19  17
 20 -19   1  18
  3   8  -4  12
-21  10  13  -2
-13  -3 -13   4
-22  -4 -18  -6
 18  23   1 -12
  2 -22  21  21
 22  13  24  21
  2  14  -7  -5
-12  18   0  -8
 11 -15 -19   8
-11  17  -1  14
  6 -18  22  11
 -8  -4 -16  -3
 17 -21  -4 -14
 11  14  -9   3
 18 -10   7  10
 24  13  -6  -7
-14  -6 -20   4
  2   1  -5 -23
  2  14   3  11
-15  -9 -14  -6
 20 -23 -13  -2
 -4 -13  -1   4
 -8  20   5 -15
 13 -19  18   2
 -8   1  -4  20
 -4  16  -5   9
 -7   7 -10   2
 11  21  -1  13
-14  14  -6 -11
 13  -7  -1  -9
-14 -21  -1  -5
  2  -1 -13 -18
 22   0  11  -9
  9 -17 -14   9
-10  12 -20   9
 15 -24  -5   9
 -3  -2  13 -23
-17  17 -16   9
 10  14  -8  15
 20 -14  12  20
-21   1   4  11
 -9 -24 -21  14
 18 -13   3  -3
  3 -14   9   9
 12  23  -5   5
-22 -13  20  11
 10  18 -18 -19
 -6  17  17 -16
  1 -10  12  19
 -9  -8  10  -5
 20  20   6 -19
-19   6  19  15
-19  14   6  -6
  8   2  -3 -13
-19 -21 -16   1
 -5 -19 -13  24
-12  -9  19  -1
 -7  16 -22  -9
 19   9 -16 -10
 21   2 -17  16
-19   0  21   8
 -9  16 -14   0
 -3   4   5  23
 -4 -10  22  13
-20  12 -21   1
  5   6   0  18
 10 -20  -7 -23
 14 -20 -12  21
 -5   4  -3   9
 -2  -7 -14  17
-12   1  24   2
-22   1  -7  -5
 -5  18  21  -5
-22  22  -6 -24
-15  13 -24  18
-13   2  -4  17
 -3 -12 -12  20
 -6  23   7 -17
-15  10 -15  -8
 -8  -1 -20 -12
  7   4  -7  13
 -8  -6 -23  22
-13 -16   4  -7
 18  14  22  18
 -2  -5  -5  10
 11  -3 -23  -6
-22  14  20  22
-21   6  -3  11
 12  12   8 -16
 14   7 -15  16
  7   9  -5  -5
 12  -2   6  -6
 23 -12  14  -1
-21 -12  17   9
-20   4   8  10
-12 -24 -21 -22
  0 -17  -8  -7
-11   9   9   7
 -8  13  -8 -10
-12  14 -24  10
 11 -24 -24   1
 22  -3  -1 -11
-18  24  18  22
 -5   2  -2  11
  0   0 -18 -12
 16  10 -20  20
-18   2 -24   1
  7 -15 -12  -6
-18 -11  -6  12
 19  18  -4  19
-13   7 -21 -20
 18   5  17   1
  4 -22  -1   0
 10  22 -22  16
  3 -23 -19   1
  8 -20  15  -2
 24 -12  -2  -8
 19  16  15  13
  6   3  14  22
 19 -10 -11   3
 15   1  24  15
 12  -1  16  13
-15 -23 -11 -12
  3  11  13 -10
 11  23  -3  12
-11 -23  20   8
-23   4  24  21
 24  17   8  19
-18 -16  -2  14
 16  24  -4 -11
 -3 -12  24  -6
 20   4  10  -7
-17 -13  16 -10
-11  -5 -13   6
-11  16  17   7
 19   2 -17 -12
  7  17  18  20
 -4 -10 -16  14
 -1 -14 -18 -23
  0  23  -9  20
-15   2  21 -20
  5   8   4 -22
-13 -12  -2  22
 12   3   4  -5
  1 -11  -2  -7
-22 -14  17  21
  3  15  17 -16
-23 -19  22 -17
 12   3 -13 -10
 23   2  10 -10
-10 -24  20 -22
-24  22   4  10
-22   5 -16 -12
 -1 -15 -24  -5
 10  -3  20  18
  8  -9  16 -21
 24 -22 -13  21
  2  19  24  17
 -1   0  23 -17
-24  -9  15   5
-13  -5  -3 -23
-20 -19   3   5
  2  -7  13 -12
  1 -16   5 -14
  8  18  16  -7
  4  17  11  10
-16 -13  12 -23
 21  12  16  -8
  5  -4   6  -6
  2  14 -14  14
  0   1  -5   9
-21  17 -12  -5
  5 -12  13  -7
 11   5  23  -4
  8 -15 -10 -17
 20  11  14   9
 18  -1   4  14
 21 -15 -22   9
 -8  18  19  19
 -9   7  -9  -8
 -4   5  -2  21
 -3 -16   2   6
 -8  -6  -7   5
 18  -4 -24 -24
 13  10  -4  12
  3   4 -20   7
-11  19 -19  -9
-13  10 -16  10
  0   7  -1  -5
-20  14 -21  -1
 -5  -7  14  17
 17   3  -9  -9
-10  11 -21 -15
 18  23 -13  20
 18  12  -1  14
 19  24   2 -17
-10  14  18  -2
 15  10  13  24
  1 -15  -5   5
 -5  24  -9 -10
  3   2 -17  12
 -8  -2   6  16
 23  -8   0 -13
-19  -8 -15 -18
 16  -3 -11   0
-18 -19 -18 -21
 23  23  23   0
-23 -12 -24 -10
 11  -4 -24   8
  9  22 -20 -20
  6  24 -10  -9
 19  -6 -18 -14
  5 -23 -11   7
 12 -12  13  16
-19   6  24  14
  1 -19 -10  21
 -5  15  -3  -9
 24   6  -5  24
 -5  20  11  16
-22   4  -9  23
 20  -5 -18 -15
 10   7  21  13
 18  -6 -11 -11
 24  22  17   9
-11 -20 -10 -19
-15   3   2 -20
-13  -2 -20 -22
-11   7  18  -7
 10 -23  -7  -5
 11 -12  -3 -23
-17   9  23   2
  6   0   2  17
 13  16   8 -18
-14  18 -23 -23
  7   0 -19 -14
-18  11  -1 -24
 17  11   7 -15
-11 -22  -9  -1
 15  17 -22   1
-12 -11 -13 -16
  4  -9   5  -9
-10  -6  11 -23
  8  -3 -10  14
 21  -7 -17   3
  6 -21  20  19
-13 -19  -7   8
  3  23  11  10
  5  21  19   7
 -1  -7  19  12
 14   0  -4  13
 19  19 -21  -8
-18 -10  20  -6
-13 -23  -2  -3
  8  21  -3 -23
 24  21 -24  10
  9 -10  -3  18
  9   5  10  17
  6  16  -8  16
 -3  10  23  -9
 15 -24 -18  -1
-12   9  20   4
  7   6  -3  -9
  2  -4 -15  -1
 20   5   8  19
 23  -1  -1 -20
 -2  -1  11   5
 18 -20  20 -19
 11  10   8  23
 22  21 -15 -21
 10  -1  22  24
 10  -7  -7 -21
 20  23   8   9
 17  12 -22  18
 19   1  11  22
 22  -1  11   6
 23  10  12   1
 -5  -8   4  -5
-12  24 -19 -18
 18   6  -2 -14
-24 -17  21  -7
-13  16  -7  10
 16  14  13   4
 20 -18   5  -8
  3  -8  -1  -7
  6  17  21 -16
 20   1 -18 -22
 12  -4  -2 -11
 24   0  23 -23
-12  -6 -13  -1
  3  13  16 -14
 -6 -13 -22   4
 11  11  -2   6
  9  12   8 -12
 -6  19   8 -11
 21 -16 -16  -5
 -2   2  16  18
  9  17 -14  -2
 16  24  12 -24
  9  -6  20  15
 14  -8  22 -18
-23   9  18 -20
  3  10   0  -9
 12  -3  20 -14
-15  -1  20  11
-19  20 -21 -10
-15  -1   6  -6
 -4  11 -13  22
-16  -5 -19 -20
 14  21 -23  15
 -2 -11   9  18
-16  18  14  14
  0 -17  24  -7
 13 -10  23  21
 -6 -16 -24  -4
  1 -22   7 -10
 -2  -2  24  -7
 18 -13  -6  24
 20  14  -6  24
-24  -3  23  13
 22 -20  13 -22
  6 -22  11 -10
-10 -11 -11  -5
-19 -13  -7 -22
  2   5  -6 -19
-11   3  13  23
-18  16 -22   1
 -5   0 -22  18
 17   2 -17 -23
  0  23 -11   8
  6  12 -21   2
-19  -1  12  20
 21   1 -11  -3
 -1 -24  -8   8
 -7  19  20  -5
-11 -15  16 -19
 -8  -7   3   7
 14  11  10   4
  6 -15   1  16
 -6   3  12  11
  4  22   7  11
 11 -16  -1  18
-20 -12 -13  -6
  5  18 -20 -10
 19  19  16  -5
 18 -21  -1 -16
 16   8   6 -11
 -5 -21 -18  -2
 18   6  20 -19
  4  11 -18   9
-10  18   1 -19
 11  -4  24   7
  3   9  -9 -14
 16  -8  17   0
-16   2  21  23
 16  -1 -13   4
  7  -3   7  18
 19 -23  12 -18
-17  13   8  -5
 -6   9  20  -5
 13  20  -1  22
-16 -18  24  22
 -2 -15  18 -24
-12 -12  16  -8
-12  -2  -6  -2
 23   7 -22  17
-15 -18  -5   2
  9  -9  14 -21
 16  22  10   9
-18 -13  17   9
-20   1  -6  -8
  3  -7  -4   3
 -1  12  -8   3
  6  23  13  10
 12 -19  19 -12
 -6  13  22  22
 -1  20 -20  23
 10   8 -20 -17
-22   3  17 -19
  3   3  -4   3
  6  23   2  19
 12 -12  24  -3
  7  -4  -1   9
  0   2 -16 -24
 16  19 -14  -8
 23 -20  11  23
 12 -19   1   0
-12  -4 -23  -6
 15  15  10   7
 21  -6  20   6
 15  -3   7  -7
 -4  24   7   4
-20  -4   2 -12
 23 -18  22  21
  0 -11 -11   4
-15  -3  -1  11
 17  -2 -11  17
-20 -16 -14 -14
 23  -3 -15   3
 -3 -21   3   6
 18  -5 -14   4
 10   5   3  23
 -8  -8   1   9
 23  24  20  15
 23  16  11  20
 23   3   6  18
-14 -18 -16  -5
-20 -12 -21 -19
-22 -12 -20 -20
 23  -7   3  13
  5   4  11 -16
 -8   6  12  -6
  3  15 -11  24
-24  18  -5  24
-24  10   5 -12
-24   1  19  11
-17  -8  22 -19
-18   2  21   3
 -5  10 -12  -2
-16 -16  10  -2
 -1  14  11 -17
-11 -18  17  -5
 13   8 -22 -23
 17   0 -18 -23
  4 -10   1   5
  8  20 -16  16
  1   1  16  -3
 -1  11  12  21
-20   3  23 -14
-11  -9  21 -24
 18  11  -4 -16
-24  -4 -24  -6
 -6  16   8  24
-14   8 -10   7
 21  12   5   1
 17   4  10  17
-16 -11  12 -23
  0 -23 -14  -2
 15   0  21  10
-14  15 -13  24
 -1 -14 -19   1
 -6 -13  15   2
 22   1  21  13
 -2  12   8  24
  0  13  -3   8
 -1   7  -6 -24
 14 -20 -14  24
  9  18 -19  -4
  8   1  14  -9
-20  22 -20  -9
 24   6  11 -10