-19  22   0  -3
-21   2 -15  11
-24   4  -6  -9
 18   8  -3  24
-21  20 -18  11
-19   0  20  -5
 20  -2  -7   6
 10 -20 -18  -7
  9  10 -14 -13
-13   5 -19  -1
 24  21  13 -13
 20 -18 -11 -16
 10 -12  19   7
  8 -16  19   7
-18  18   0  24
  5 -11  20   3
-17  12  -9  15
-11  17  -9 -24
 18  20  13   2
 17 -24  15  14
 -8  23   3  -2
  1 -17 -22 -23
-23  -3   8   3
 18   8 -19  -3
 17 -12   4  -2
  9   0 -15  22
 -6   5  -1  22
 23 -20  22   7
 -7 -16  -2 -23
  6  16   2  -1
  5   0   3  19
 -5  -4  13   7
 -5   7   5 -16
 -2 -15  20 -10
 12 -15   1  18
  4 -12   4 -24
-24  -2 -19   2
-18 -12 -11   1
 11 -10  20 -10
 -2  -6  24   9
  2  -9  13  10
 -2  21 -10 -22
-19  14   2 -12
 -3 -18   6  11
 16   5   2  16
 22  -6 -21  -2
 -6 -11  19   5
 -2 -24  10 -17
  9   9  13  15
  4   1   1 -21
 13 -17   5  -4
  8 -24  17  10
 12  -9   1  -7
  5  21  20  15
-19   7 -15  23
-14   6 -17 -11
-11  -4 -16  11
-22  21   8  11
 13  22 -14  15
-24 -11  21   5
 11 -22   3 -13
  3 -16  23  19
  4   4  20   8
 24  20  -6   1
 16  12 -20   7
-17  -4   0 -21
-10  -5  10 -17
 -3 -10   6  22
  6 -21 -10  22
 -7  15  21  24
 20  13 -24   4
-12  -4 -16   8
-18  19  20   4
 14  -1   3 -22
  6 -23  -4 -18
 -7  17  -3 -12
-18  -2  19 -24
-18 -17   1  -7
-17  24   2  19
 19 -18 -13 -18
 -3  10  20   8
 13  24  -4  21
 13  20  16  13
  7  20  -8 -11
 10   6 -23 -20
  3  -9 -16  20
  9  -4  18   8
 -6   2  17  10
  2 -12 -14  -4
 -6   4 -13   1
-17  13  -9 -13
 -9   9 -13  10
  3   6  20 -13
 23  10 -21 -15
 19 -10  -7   5
 24 -21 -12 -20
 16  10  20  19
  6 -15 -15  -1
-12 -10 -16   1
  4   2 -24  16
  7   3  -9 -19
  3  18  -4 -19
 -3  -6 -10 -24
 23  10 -16 -14
-17  19  -6   9
 15   4  -4 -19
 14 -24   8  13
 -3  11 -21  -4
 -7 -19 -13  -2
-17  -3  13 -16
-21  -3   0 -18
 -6 -18 -12  -1
  9  11 -15   3
  4  18   5   0
-17   1  12  22
-10   0  20   0
-15 -21  -2   1
 17  21   6  20
 14 -23 -22   9
 -1   4  -9 -13
  2   8  -7 -14
  1  14  15   7
  6   7  14 -23
 17   0 -17  20
-12  -6 -21  -6
 11  -6 -20   2
  2  -9  -6 -14
  4  -1  15  -8
 21   1  20  16
  2 -10  22  -6
  6   7 -10  -5
  6  13 -21 -19
-21  12  21 -13
 -6  14 -19 -11
  3  10   5 -22
 23  -2   8 -17
  2   8  14  23
 23   4   9  24
 14  15  -7  -2
-13  -4  24 -10
-22   9  -9 -21
 -3  -4 -18  12
 -8 -10 -20   2
-17  21   6 -16
 16  15  15 -21
-17  12  14   4
-24  21  -4  -2
  4 -16  -8  -7
 17   5  15  -1
-12 -13   1  11
  0  22 -10 -16
-15  -4   7  11
-22   8  17 -14
  7 -18 -18 -19
  8   9 -14 -19
-15  -2  20  -4
 21 -13   7 -19
-24  10  -4 -17
  6   2   6   5
  1  -9 -12 -18
  8  11 -22 -16
  3   6   1 -17
-19  -5   5  13
-23  13   6  20
 23 -13  16  12
-14  -3 -23  11
 12  15   9 -15
  1  17  22 -13
 20   2 -14  22
 -3  24  -1  18
 -9  -7 -14  -2
  7  24  -8 -20
-17  16   8  18
 -4  23 -21  -4
 -8  14  17 -20
-18 -21   0  11
-13 -17  23  -5
-15 -23  -3 -14
 19  22  -7  -9
-18 -11   6  18
-19   1  10 -24
-19   8 -22  23
  2   8  24   4
 -5  -7  -3 -14
-16   2 -21  22
 -3 -16 -24  21
 12  22 -15   2
  5  -8   2 -10
 16  12  -2 -18
  2  12   5 -15
 -5 -14  -6  22
  1  10 -21  23
 14 -20  -6  -9
-18 -17   7 -15
-10  16 -20  12
-11 -21  -7   1
-18  15  -2 -24
-12  20  14 -23
 24   5   9 -13
 17  15   3   7
 -9   7   1   6
 -5 -17  -3 -14
-23   1 -16 -14
 -3 -24  -2   8
-13 -18   5  -1
-24  23  19   7
  4  14  14   1
-18   9  24 -17
 13  -4  -7 -23
 11  11   1   5
-19  -2  -1 -22
-20 -24   3 -19
 23 -22   4 -17
  5  -4   4  -2
 14  -1  -5  15
 -4  10 -17  24
  4 -13 -24   9
-19   3   2 -23
  0   1   3   5
-19 -23 -10  -9
  8 -21 -17 -23
 10 -24   2   5
  6 -14   0 -24
 22   1  18   1
 -2  -7  -3  -3
-18 -24 -20  16
  3  11  23 -19
  5 -23  16 -11
  5  12 -23  14
 -9   0  -4  -9
-22 -16 -24 -22
  3 -18  20  10
  3  -4 -19  12
 -9  18  18 -15
  4   6  12  20
 -9 -10 -19 -19
-14 -11   3  -4
-19  17   9  22
-12  18   1  -7
 18 -18   0 -19
  3   5 -11 -18
-20   4   1   5
 13   3  -8  21
-19 -20  22   6
-23 -16 -12  11
 18   0   9   4
 18   8 -21 -20
 15 -21   5 -17
 -1  19   9  20
-13   0 -22   7
 -1 -15  -6  18
 22 -15  12 -24
-23  22 -11  18
 -6  -6 -20  -3
-24  -1   1   2
-10  -2  -4  -3
  1 -10 -11  -5
 -9  -8  18  -1
  0   8 -10  16
 -9 -11   9  13
  5  -6  15  22
 -4  -9 -15  -9
-10  12 -19  17
 -7  22  22  10
 19 -14  -5 -16
  5   2 -24  -3
 -5  -6 -17 -20
 -4 -20 -13  -4
 -7   0  23  13
 19 -24  14  -4
 -6   7   3  -2
 17 -11  -7  10
 17  -5  24 -14
  5 -23   5  10
-14 -15  -2  19
-12 -10   7   5
 18  21 -18  -3
 22   7  19  -4
-10   7  -4   7
  5 -24   2 -18
 -8 -18  -5   6
-21 -22  23  19
-13  19  -8 -20
-17  14  -4  -7
 15  -5  11   2
 -3  15  -7  -8
 -8   8   2 -12
  5   9   9 -19
 17  -8  -6  20
 17  14   4   1
-24  22  20 -22
-16 -24  17  24
  2  12   4 -17
-17 -11   8   8
-16   0   6  19
  7 -20   9 -15
 24  19 -10  15
  8  22   2 -16
 13  18  19   6
-11  15   2  22
  9  -7 -10 -17
 -1 -12  -1 -23
-22 -15   9  23
  6  22  -9  24
-19  12 -18 -20
 13  -7   9  11
  4 -23  -2  21
-12 -18   4   8
 11 -15   3  -4
-12  -2  14 -19
 19  17  -5 -19
-13 -20  11   4
 22  17  12   8
 24  12  15 -18
-15  -3  -8   7
-22  15 -16  21
 12   2 -19  20
 13 -20 -23   9
 -5 -14   0 -12
 15 -18  22  22
-12 -19  -3  17
  7 -13  10  18
  0   8   4  -3
 -9  15 -16  -9
 21  24   9  -5
 -4  18  22  18
-24  -1  -9  10
 -6  10  -7   2
-14 -20  20 -13
 20   0 -13  17
-13  -2  13 -22
-13  17  -6  -1
  4 -20 -23  -6
 22  -7 -13  14
 16  -4   5   5
  6   2 -22 -20
-22  22 -15  13
-24   9  -5 -14
 -8 -15  20  -2
 21  -9 -14 -10
 -7  15 -10   8
-15   1 -10  20
 -7 -13 -15  19
 -4 -18  20  13
-24 -12  21 -19
 -2  -8  -5  12
-15  19  23  12
-15  22  20   2
 -6  16  -4   3
-18   2  14 -14
-16  -9  24 -13
-15  -5   2  -9
-23  -6  12  11
 18  21  -6 -15
 11  -1 -18  10
-22  17  -7  19
 15  19  -6   1
 11   4  12  22
 -7  19   6  -9
-12  11 -16 -16
 12   3 -24  -5
-13   4  12   9
 15  10 -19  -3
-20   2   5  -7
 -7  21  -2  -7
 -6  -2   4  21
  7 -12 -11 -23
-22  16 -18 -19
 13  -8 -24  -9
-13 -12   6 -20
-24   1   0   5
 11  20  -7  20
 -6 -23  -7  20
 -2 -23 -14 -22
-15 -13  -8  10
 18  -4  10  -2
  9 -10   7  20
 17   7 -13   9
 -2 -23 -16  13
  2  10  -7  24
 -5  19  22  23
  8 -24  -6 -10
  9   1  12   3
 11  20 -19 -12
 12 -10   9 -15
 17 -19 -11  -3
-18 -16 -11 -21
-12  10 -18 -23
 20   8 -12 -22
 20  13  11  22
-20  -9 -24 -22
 21  20   8  20
-17   1 -10 -21
 20  11   8 -13
  8  -2  -6 -19
 10  10 -21  16
-13 -18 -21 -14
 -6   5 -19  11
-24   9   5 -24
  5  -2  12   3
 -7  19  12 -15
 21   1  17 -22
  4  18 -13   2
  5  -4  -8 -20
 10  -5  15  -5
  3  22  23 -18
 11 -23 -24 -16
 -4  -8 -20   1
-18  21 -17 -16
 11  19 -10  24
 -7  23 -13  14
-20 -23 -15 -18
  8  14  14 -14
 17  16 -19   1
-24 -22  22  13
 -9  12  -3  12
  1 -21   8 -11
-11 -11   1  21
-19   5 -18 -11
 10   1  -1 -24
 22   8 -19  15
-17  15 -10  14
-11  20  12 -17
-16   7  23   1
-16 -14  21 -21
  5   1 -21  -2
 -8 -13  17  18
  7   3  23  -9
-11   6 -21  22
-11   7   7 -13
 -6  -6 -11  -2
 -7   4  16   9
 -1   8  12  21
 22 -15  14  24
 12 -18  13   8
  4   1 -21  13
 -9   2  14  -4
 13 -19 -20 -20
-22  24  -3  -5
-21  18 -11  -2
 23  -5 -14  -8
 -7  17 -14   0
  4  -9  -9  -9
-11 -17  -9 -14
 -9 -15 -13  22
  8 -22  -1  15
-22   6  -4   2
-11  13  12 -12
 13  -3   9 -20
 23  11  11  20
 19 -22   0 -23
 19  21 -13   5
 -6 -21 -22 -23
-18  15   7  10
 23 -13  -6 -16
 -8 -21 -15   3
 -2  23   9  24
 -6  -5   5  -4
-20 -12 -21 -22
 -9  15  17  23
 -2  22  -5  -3
 -9  -3 -22 -14
 -5 -22 -15   2
 13  19 -20   0
 17  17  -9 -14
 -1  -4   1  14
 21  13  21  12
-16  -7 -19  -5
 12   9  16 -10
-14   5   1  13
 15  16  -6  10
-20  13 -23 -14
 15   9  -2  13
-21 -14 -23  19
  0  -9  -7  10
  8  11  15 -24
-23  -6   7 -17
 24   5 -15   7
-14 -18  -6  14
  5   6 -23   5
-19   9  23   8
-16  22  22 -18
 -4  14 -19 -17
-20 -10 -21  -9
 16 -13 -15  22
  0 -22 -20 -13
  9  -9 -10  14
 13   4  14 -13
-16 -14   4  -6
-12  20   4   7
  4  -7 -22 -10
-21  13 -13  -2
 16  19  13 -15
 17 -21   0 -11
 -3   3  12   9
-14  22  10  13
  8  -1 -15 -10
-18  10 -22  22
 23  -1  12  11
 19 -13  24  -8
-22   2  10  17
 10   2  13 -19
 14  18   1 -17
 -3  10 -13  -8
 18  22  18 -18
 10  24 -11   8
 -7  17   1 -19
 18  12 -15  18
-22  14  -9   7
 17  -8  23  13
  4  15  -3  -6
 23  15  18  18