 -4   0  -7  20
 24  -7   8  -2
 24   9 -15   6
  0  23  14 -22
 -9  16  12  22
 14 -15  24 -12
-20 -16  12   7
 21 -18   5 -11
  6 -12   2 -16
 -5 -22 -20  18
 -2  12 -13 -13
-12 -16 -18 -15
-10   4  21  17
 -4 -11 -19 -13
  2 -14 -22  16
  3  23   2   2
 24   3   9  12
 -8  23   6  21
 -7  15 -24  -5
-17  21  -9  -9
-23 -13 -16   6
 12  -9  21 -14
-20  22 -15 -15
-10 -11   8  -3
-21 -17  -6  -5
-13   2 -15  20
-16  -8  -6  17
  7 -14  -5 -21
-11 -16 -13   6
 -7  18  23  -3
  2  -8   5  20
 -9  12  18  12
 -7 -20  10 -17
  3   1   7  -7
-18 -11  -2   5
 -2   3   8 -24
 24   1   9 -18
-15 -16 -21  -4
-16  24 -10 -22
 16  14  -9   9
-12   4 -16 -16
-18  -6   9 -16
-10   0 -14 -17
  7  10  23  23
  0  -3  -8 -18
  3  13   6  -9
 22 -12 -11 -12
 20   4 -11  16
  4 -14 -23 -11
  5  -6 -16  -4
-18   8  16  13
 19  -2  -8  21
 22   5 -21 -23
 -9  21  12  15
 23  12   2 -13
  1  13 -10  -7
  8 -10 -13   8
-15  -6 -11  21
-15 -13 -22   5
 -5  -2  -3  15
 16  -4 -12  14
 -7  -6  -5   0
 22   8  -6  -6
-17   8  20  24
 17   5 -19  -7
  2 -22  22   1
 -1 -12  -5  15
 22  20  24  -6
  1  16  -1  11
-11   7  23  14
 22 -17 -13  -6
-15 -23 -18  13
  3 -11  13  13
-19  18  -4 -10
 11 -11  18   3
 12 -15 -17 -10
 -9  22  -3  19
  5  -4  15  -9
 -7 -20   6   4
  8   6   0 -17
 19  -2   0  20
-15   9 -10  -7
  8  -9  24 -19
  0 -14  19  -7
 10 -22  13 -11
-11  -8  22  10
-20  10 -16   5
 22  -7  20   3
  3   2  14 -21
-12 -22   4  12
 17 -23 -14  -1
 10   9   3 -23
 -6 -18  11   9
  9  16 -20 -12
-14  -9 -11  15
  8 -11   1 -19
 -4  -1 -17  11
-20  10  14  -7
-10  11   3   3
 24  22 -12  10
 -1  -7  11   6
 -8  15 -12 -21
 -8  23  17  -6
-12  12  15 -13
 12 -22  18  -3
-19  14 -19  18
 11 -14 -10 -22
 -2   4  -8  -1
 18 -17  15 -16
 15 -15   9  -4
 18 -23  10  -4
 24  -5  21 -24
 21  -6  11  18
 14  -5 -17 -14
 -7  16  13  -2
 15  -9  15 -18
  1  24   3  16
-10   8  -1   3
 21  12  19  -3
  0  15   2  -3
 -5  -1 -14  -6
-23  19  13 -13
  4   5 -11 -13
-13  20 -14  18
-21 -19  -9  20
-16  16  -6   8
 24  21   7  -1
 21  24  14 -24
 15  12  -5   0
-11  -9  -9   6
  0  -3 -22   9
-10  -8 -17   6
-23  19  -3 -12
 22  19  16  24
  0   6  23  -9
 -8 -13   5   4
 17 -13 -19  -7
-23   7  22 -14
 12 -24  -4   8
 23 -15 -17  21
  9  -1  21  -4
 -9 -14  -8   1
-18  -1   4  -3
 -4  15  -9  22
 19 -11  20  -8
 20  20  19   2
 -8 -18   8  -1
 -5 -13 -12  19
 15   3  -3 -19
-17  23  18  -1
 23 -13  11   3
 -8  11  20  20
  9  -3 -23  23
-10  13  18  14
-13   5 -20 -19
 -4   1  15 -11
-10 -13 -11 -19
  6  13   8  -8
  0 -22  -4 -19
 13 -24   4 -13
  3  -4   3  16
  8 -11  11  12
  5  11  17  13
-17   5  -6  -8
  3  -8 -14  23
 17   4 -21   5
 16 -12 -12  -5
-14  14   3 -11
-20 -23  13  21
 11 -23  24  22
 17 -16   6 -15
 -9  17  11  -8
  7  10  13 -15
-13  -6  18  -3
-18  -5  18 -21
 21  14  24 -18
 -8   3  16  14
 10   5   0 -15
  4  -2  18  12
 -6  -3  -6 -21
  8  14   1  -6
-19 -17 -23  18
 18 -17 -14  12
 16 -11  -9 -24
-21   8  17 -16
-18   1  13  10
 24 -16  -4 -11
 17   2 -23   7
 16  -9  22  24
  3 -12  18  12
 15 -15  11  -7
  8 -16 -14  16
  9   5   6  23
-21  -6  24   8
 -9 -12  20  23
 -1 -10 -21  20
  1 -23  10 -24
 17   4   5  -5
 24  14 -17 -18
  3  13   1   9
-12  -3  15  21
-23   7  -1 -23
-18 -14  -8 -22
 11  11   5  -5
 10  -2  -1  -7
  5  17   1  12
-20  22 -18  -9
-24  -9 -17 -20
  8   7 -11   0
-19  -9   4   6
-16  -9  12   0
 22  18  24  16
 24 -13  15  -4
-14 -11 -15  18
 23  20  24  -4
  1 -13  -3   3
 -5  21   1  18
-11 -15  -4   6
 16 -10 -24  -3
 16 -17  21 -13
 23  -7 -12 -21
 18 -11  -5 -19
 11   4  -1  24
 17  -1   9 -15
 -7  12  22   1
 -3   1  20  -7
 19  -7  14  -8
 -4   3  -1  -2
  4  -5 -10  14
  5 -11   6  17
-18  13 -21 -18
 15  -5  -8  12
  4 -20  16  -4
 24  10 -20 -14
 16  10   3  -2
 -2 -10   0 -23
-16  -7 -20  -9
-18  23 -24  23
 15 -12  17  12
 11  -5   7  22
  7  17  17  -5
  7 -12  10  -6
 23  12 -19  -9
 18 -23  17  -8
 -6 -21  20  18
  0  -3  -9 -12
 16  15  15 -20
 13  -3  14 -20
 -5   2   8  -1
 10   6 -20  12
-23 -14   0  -9
 -7 -14  24  -3
  2  13  -1   2
  5 -17   7 -17
  5 -17  -9 -20
  2 -11  20 -10
-22  -6 -23   2
  5  -8  21  -1
  5 -22  11  -7
  5  -2 -10   7
-10  15  -5 -23
  4  14 -15  11
-14 -15   3 -20
  1 -16   9  -7
-21  -1   5  20
 -4 -24   9  -6
-18 -17 -13  -3
-20   2  20  -8
  8 -14 -18  13
 21  18 -15  13
 17   5   8  21
 13  -9  -8 -17
-24  23  17 -16
-11  21  18  12
 13   7  11 -15
-20  -3  21  18
 -1   9  -5 -18
 -7   1 -22 -14
 15 -16   4  -8
 24 -12  21 -23
 -7  19 -10   1
  5  -9 -23 -17
 23 -23  15  10
  1   1   8 -23
  9  24   8   9
-11  11  10 -16
 -1 -15   1 -12
 -7   6  20  13
 -2  12 -17 -10
-23  -3 -14  23
  3   6 -13  22
  5 -10 -13  -5
 -2   8  20 -24
 14 -22  -6  -8
-11  -9  12  16
-12  24  24  16
 -4  -6 -18  -9
 -2  21 -14  23
 -5   3  23   3
-17  -1  -7 -18
 -7   5   4 -17
-23   8  24 -22
-22  -3  12  17
-23  12  16  17
 23   8 -19  15
 -7   5  14 -14
-11 -24 -12  16
 -1  16  -6  10
-24 -23   5 -23
-19  -6   4 -21
-24  22   7  21
 -7   0  21  12
  0   0   9  15
-21  13  16  -9
  9   4  20 -20
  8 -10 -11  24
 -2  24  -6  18
-14 -22   2   1
 -6  -5   5  10
 -4  -8   5 -22
  9 -10  -7  23
 19 -18 -12 -21
 15   4 -20  16
  1  23 -23 -18
-24  10  23  13
 13  21 -23  13
 20  11  10   3
  7   0  -2 -12
  9  10  -8 -21
-24 -16 -10 -12
 19   8  12  -9
 24  18  -1  22
 22 -10 -22  21
-13  17  22  23
-20  13 -14  -8
-18  13 -19  12
-15   6  -8  12
  5   8  17  24
 -6  20  11   7
 -8   7   3  -9
 -8 -10   4  -3
  3   8  20 -20
 18  18  -9  10
 -8  10 -18  18
  6  22  13  -3
 17   8  24 -19
  2 -24  20  22
-14   4  14  21
 22  17 -22   2
-15 -18 -14 -17
-12 -21  -4  -4
  1 -16   6  20
 -7 -21 -11  -1
-17   1  11  10
-16  22  24 -24
  2 -16   3  -3
  8  24   0  15
  8   4  24 -18
  9  -9  24 -16
-18 -17 -22 -18
-15 -20 -20  21
  1 -23 -24   2
 15  14 -13 -22
-22   1   2   1
 -8  22 -14  17
  7 -24  13  15
 17 -23  10   7
 14  -4 -16  16
 -8 -14   6 -24
 10  16  20  10
-14  11   9 -23
 18 -10 -18  15
-16  -8   6  10
  8 -20   9  17
 11 -16 -24 -18
 17  11   1   6
-24  -1  20  -1
-22  -3  15 -10
-24 -21   3   2
 -1  22   7  23
 15  -6  12   3
-13  12 -22  17
 17  15 -16  24
  3  16  17 -19
 -3  -9  11 -12
-21 -24  18 -21
  5  -5   3  12
 21 -13  16 -21
  3   2  15  19
 16   6  10  -5
  9 -18  13  19
 18 -15  23  22
-14  -2  -3  -6
-21   1 -12   7
-21 -21  22  23
 16   4  -6 -20
  7  16  22 -12
 -5  -5  -5  -9
 -5  -9 -19  -5
 -6   9 -21  10
-10  11  22   4
-22  15 -21  -6
  0  19  20  17
 16 -11 -21 -18
 20 -16  17 -20
-12   8  -9 -15
-23   6  -8 -16
 -4  21  -3 -12
 21  23   3  24
-16  12  -5  23
  9 -11 -23  17
-23  -9   8  23
 14   8 -20   7
 18 -21  14  16
-13  -9 -11  22
-11  14  15   9
 14  -5  20 -14
-18  12 -10 -12
  4  15  -3  -8
-24  -3 -10  -2
 -9 -19  -8 -21
-18 -16   7  24
  7   6   8 -17
 13 -13  -2 -18
-21  20   6  -4
  0  17   9  14
 21  -4 -12  10
 22 -15  -8   6
-21 -22   9  11
  8  20 -21 -10
  9 -23 -12   7
-15   7 -15  -1
 12  24 -22  -2
  9 -21  -1 -10
  2  16  17  -2
  4  11  20 -18
-22  10 -14   6
  1  -4 -22  17
  7  -3  20  16
  0  -4 -13 -15
  0  12 -21  22
 20   7 -23 -10
 -2   0 -14 -16
  7  -5 -14   1
 11  12  -4 -13
  5  10   9  15
 22  -6   4   7
  4  14 -10 -10
  8 -21   1  11
 14  12 -19  -3
-16  23 -18  -8
-14 -11   0  24
 -2   4   4  22
-14  24  18  -8
 -8  -4  20 -22
-12  14   1 -20
-18 -20  -2  12
 -6 -14   3  14
 15  11  -7  12
 -2  16  -1  10
  0 -14 -12 -21
-22  20 -10 -23
  0  23 -11  -8
 19  -2 -15 -22
 15  16  -2   1
 -5   2 -22  20
 10   5   3  20
 16   0  17  14
-17  11  -4  -3
 11  -8  22  21
  4   3 -12  -4
  3 -14   1   6
 14  23  -1 -23
-15   1 -11 -17
-22  10  17  -5
-16 -17   1  21
  3   1  10  20
-14 -23  13  21
 24   6  12 -12
  4  -9  -4  19
  2  -8 -10 -22
-23 -12  -5  19
 -2  18 -14  -9
 -1  14 -21   6
  1  20  20   7
-15   4 -19  -2
 11 -14  -7 -10
-17  14  15 -18
 18  -5 -12 -10
  7   9   5  20
-14  12   1 -21
 15 -22   3 -21
 -9 -23  23   1
-15   5 -24 -18
-24  -4   4  -8
 14  -9 -19  -4
  7 -23 -22  -7
  0   7 -19 -19
-22 -16 -17  13
 13 -19   3  18
 12 -17   4   6
  8  10   9 -13
 21  -4 -15 -13
 20 -11  -6  12
  9  10  -9  20
-10  12  -9  20
 10  15 -18  -4
  9   9  -6  -9
 -1  19   2  13
 -7   0 -14   4
 -7  24  17  22
 18  -9 -20   8