 10  13  -1 -22
  9  15 -17  16
 18 -18   5 -17
  5 -20   1  21
-13  12   1  16
-19  18 -15  -9
-18   7 -14  11
 12 -11  18  -1
  8 -22   2 -24
 22 -17  -9  21
-14 -16  -7   4
 -5   4 -13  -9
-19  17  14  -3
 24  22 -12 -11
-21  14  16   2
  8  13  19  13
 -5  -2  13   9
-16  21  23 -11
 22  15 -13  -2
 22  -9   7  14
-19  12 -17   3
 24  13   3  14
 23  11 -18  -4
-18 -16 -24  -9
 20   1  -7  -4
 18 -21  -3  10
  3  16 -20 -23
 -6   0  13 -12
 -8  -7  -9  17
  6  -4  23  -9
 -8   4 -24  -9
 11 -23   8  20
  9   1  15   2
  0   2  24   5
 24 -10 -10 -17
-11 -13  21  -2
  4  -7 -24  20
 16 -14  14  24
-10 -19  16 -21
-20  -1  10 -18
-18   8  11  -3
 19   1  -3 -17
-24   5 -21 -10
  5  19  -5 -15
 15  22  -5 -24
-23 -18  20  17
  2  12   1 -23
 18  -8  23   0
-24   5 -22 -24
 24 -22 -20   1
-17   6  -9 -17
 23   0   0  13
  0  23  10  20
 16  19   0  19
 21  24   8  13
-14  -8   1  24
 -4  21  17  16
 -1   0  23 -14
 14   2  22 -23
-13  -7   1  20
-22 -11  -4 -14
 13   6  -4  -3
  1   4  -5  -4
 11 -17  -1  17
-13  14 -15  -1
-18 -23  -7  -3
 13 -11  -5 -23
 -4  21   1 -24
-17  22  16  14
 -4 -20  15   9
-17 -10 -23  -4
  7  23 -10  12
 -3  -1  -9 -15
 16 -20  12  22
 15  22  -9  12
  4   4 -13  21
-14   5 -23   6
 22   7 -16  -2
  2  -4 -11  19
  7  16   7  14
 17  10  10 -15
 -7  -9   6 -19
 24  17   0 -13
 10  24   5   0
 12 -23  22 -17
  1  -3 -10 -24
 -2 -14 -10   5
-16   4 -24 -23
 16 -17  -9 -20
 12 -15 -18   7
 18 -22  -7   2
 24  15  24 -24
 -7 -20  14   9
  5  20 -14  -7
-14 -17  17  24
 11  -9 -14 -18
  2  20 -23 -22
  5   4 -17 -23
 15   5 -14  12
 13   3 -21  19
  0 -11   8 -20
-11  18  -6   4
-24 -20  -5  13
 23 -21   0 -19
 -8  13  -7   0
 -4   3  17 -10
 24  16  -6 -12
-18  16 -11   4
 22  22 -11 -18
  9  -1 -10 -15
 11 -18  19  19
-11   9 -10 -14
-23  16  -4 -21
 -9   2   8  -5
 12  18  22 -15
 12  11  10  24
  6   8 -20  23
 -4 -18   5  19
-17   9 -16  -4
 -4 -16   9 -10
-24 -19 -16  -7
 -6  24 -11   9
 -6  -8   9 -18
-15  11  -8  -8
 10 -22   7 -20
-17 -18 -17  -8
 12 -11   9  23
-21 -12 -22  -8
-12  19   8  21
 10 -18  19  -9
 20  18  -5  10
-13   9 -10 -21
 18   5   8 -24
 19  19 -11  -7
  1  -1 -10  -7
  9  11   2   2
-19 -18  -2 -18
  4   4 -12  11
 19   9  15   3
  7  12  14  17
-12 -16 -13   4
-20   0 -13   4
 20 -14 -20   1
-21 -10 -12  22
 14 -20 -21  10
 24  10 -14  22
 15  19 -16 -12
 18  21  10   8
 -8   0  14 -21
  6 -22  18 -20
-16   1  -1 -23
 -3  -4 -17  -4
 11   5   0 -18
  2  13  11  17
 22 -21 -17 -14
-12 -18 -24 -12
  3 -13   0   6
 18  23 -22 -12
 15 -13 -14  21
-19  24 -22 -15
 -8 -22 -19 -21
 -6 -10  15  -6
 -6 -22 -16  11
  2 -24 -13  -1
-19 -18 -12 -23
-20  13 -17   8
  6 -24  16  14
 16 -16   0   2
 17  19  -3 -10
 -4  10 -12  -3
 -9  -6  14  17
 12 -10 -24   4
  5  10 -20   1
 -2  -8  -8 -22
 17   8  20   6
  0   1  -1 -22
-19  12  -8  14
-15  19 -15   7
-12 -22   4  -2
 16 -13 -12  14
 21  -4   0  -8
 -6 -22  -7   0
  4  -7 -24 -15
 -6 -21  16  -2
 -2 -12 -10   6
 19  15  22  -1
  5  19 -20 -15
 20  -5  10 -18
 -1 -16 -23   7
-12  13  11 -19
  5  11 -23   2
-20  16  22  -4
  4   2   9  -8
 -4   5 -23  -9
-15   7  -5   6
 -8 -11 -22  -8
-13 -12 -16 -11
 16 -13 -22 -20
 -9   4 -21   1
-22  -8 -24  15
-20  24 -23  14
-20 -11   9  18
 11   6   4 -19
-17 -17 -22  17
-19   4  13   4
 23  22  -7  13
-14  24  22  15
 12  11 -15  -1
  2  20  16  11
-24   5   0 -14
  4   8  -1 -12
  1 -23   3  -7
  3  14  -2  -2
-16 -20   7 -23
 18 -18  21 -19
-18  12  11 -15
-19   2  11   2
 -8   8   4  11
-24 -15   0 -23
  3 -12  17  -7
 23   1   3 -17
 -7   6  11  19
-10 -16 -21  -4
 -6   5 -13 -19
  1 -20 -21 -16
  3  11  -6  11
  5  21 -19  17
-18 -18  10   1
-23 -18  -9   9
-23 -18  18  23
  0   4 -11  13
 -4  21  18 -13
 17  -6 -18   4
  0  21  -5 -18
-24   3  -7 -13
 13  20  21   7
 -2 -13  -2  16
-10  -3  18 -14
-16  -3 -18  16
 16  14  -9 -19
-13  -2  18 -17
 17   1  23  10
  2 -14 -22 -17
  5 -20  -5 -12
 22  -8  21   7
-22  18 -14   9
-22 -20  17  16
-12  22 -20 -23
-18 -18  15  21
 11  -3 -21  14
-23 -14 -16 -23
 18  -2 -22  -6
 -5 -12 -13   1
 -8  -4  21 -11
-10  15   5  24
 -3  24 -14  22
 21  -8   9   5
-18   8  14  -7
 -5  16  -7  17
-20  -6  -8  15
 17   7  14 -15
-13  13   4  -8
 12 -15 -18  15
 -1  22   6   6
-16  18 -14   9
-18   0  15   8
  6 -12  20 -15
-19  12 -11   1
  0  13 -11  15
 -6 -20  19 -15
 11  17  18  18
 -8 -19  -3   1
  7  10  13   3
 21  15  -5  11
 16 -20 -19  -3
 -6  23   7  -7
-21 -17 -11   2
-14  18   1  18
  7  23 -11 -17
 -3   5 -11  -5
-19  12  -9   1
 10   7   2  -6
 -9  -1   8  24
  4  11 -15  15
 18  -2   2 -18
-14   2   0   0
  1  23 -17  -4
  4   1   7  22
  7 -11 -12  -4
 23  -3  21 -13
-16  19  15  -6
 -2   1  14  -3
-23   2 -20   5
 11 -20   8   2
-12  -9  14   2
  1  14  18  20
 21 -11 -24   9
 20 -16   4  -9
-19 -17 -21  22
-10 -11 -19   2
-15 -15  -1 -22
 19   4   0 -12
-10  14  23 -14
 -9 -19   8   2
  9  22  -1 -13
 13   9  22  14
  2 -17 -13 -20
  5   9  -6  -4
 11 -20   8 -16
 -6 -21  13  23
-23   3 -20   8
 24 -21  15 -15
 -7   4  -7 -20
 10 -21  -3 -24
-13 -14   3 -14
 17   7  -5  17
-20 -10 -19  15
-13  -8 -21  17
  1   5  15  15
  3 -13   3 -23
 14   6  21  10
 22 -12  11  12
 14 -23   9  14
 19  18 -13 -20
 15  -5 -10   7
-21  -2   4  18
  9  -8  18  11
  1  17  -9   7
 16   4 -10   5
 17  20 -21   5
 -5  21  15  -5
  2  -3 -22  24
 20  10  -5  17
 -3  -5  17 -24
  5   2 -18   5
-15  18   7 -16
  1   5 -12  -8
-21 -24 -20 -13
  7  -9 -13  -2
 24   8  11   9
  7 -20  23 -12
 11  22   8 -15
 13  20  -6  -4
  6  -3  20 -11
-16  21   7  10
 20 -16  11 -18
 10  20  20   8
  2  -1  15  10
-11  15  13  19
 12 -18  16 -22
 -4 -24 -14 -22
 20   0 -24   5
 -5 -19 -15  20
 24 -11   0   1
 -6  14   7  -7
-15  -5   8  20
  4 -10 -15  -5
-15   3   3  -5
  3  20   3  -4
-16  19  16   6
-19  -8  -1  24
 20 -17 -12 -15
  5 -17  23 -11
  2 -23   5 -20
-15 -24  17 -12
-11 -14  -3 -24
 21  10 -17 -14
-21  23   1  22
-14  -5  15  20
 17  23 -16 -14
  4 -11  11   6
 -4 -17  24   8
-12 -24 -22  10
 -8 -18   9  -8
 14   4 -14  -8
 -4 -14   9   5
-12  -7   4  -2
 11   2 -14  -6
-18 -20  20 -22
 15   7  -2   7
 12  12  -5 -13
  4 -24   3  12
  3 -21  -7 -14
  7 -13 -18   7
-18  22  10   0
 -6  -7 -19  20
  3  -2  -3 -12
  1  20  24 -11
-11  -5   7  24
  8  11  -4  22
  6   7 -17 -12
 -6 -21   0  -4
 24  16   6 -22
 11 -14   1 -17
-23   8   5  11
 -2  12 -15 -13
 -2  20 -11   3
-14 -15   0   6
 12   9  19 -22
 11 -17 -23 -18
 -4  22  14   1
 20 -14 -21 -22
  9  14  12 -16
-15  15   4  17
  2  -4  -7  13
-21   0   8  -7
 18 -10  19   5
 -4 -10  12  -8
  2  22 -24  10
  5  -4 -14 -11
  0  12  11  24
-20 -23  16  22
 10 -19  -1 -21
  1   0  13   1
  5 -17 -21 -19
 18  -1  -5 -11
 15  -7  15   3
-16 -12   9  15
 16  19   6  10
 24  -7  23   7
 -1  13 -22   6
 11  10  -5  17
 24  24   8   9
  7  23  11  12
 -8 -10   4   8
  3 -20 -18  18
 -5 -24  19  15
 11   4 -17   6
 17  20  24  -6
 -1  22 -23  -7
 22   5  16 -23
 -3  21   8  24
  7 -20   0 -13
 12  -1  20  19
 -3   7 -10  20
  0  -5  23  22
-15 -16  19 -14
 14 -23  17  -9
-13  -1 -10 -16
-14  23  17  -9
-19  18  18  -7
-24 -14 -15  23
 19  19 -20   5
 -2  18  20 -16
 21 -17   6  23
 -4 -23  -8  19
-19  20   3   8
 10 -10  -3   2
-15 -10 -24 -22
 24 -17 -11  -8
-16  14 -14 -10
 10  18 -17 -21
-11  10  -3  14
 -5  12 -21 -20
-16 -24  14 -10
 16 -16 -23  14
-18   4  18 -11
 -6  14 -11 -23
 19  21 -19 -12
 -7  -5 -20   2
 -4 -11  11 -10
-13   4 -13   9
 11 -14  16  10
 22 -19  -3  -8
-21 -10  22 -11
  0   6  10  19
 12   8  -8 -20
-17  -5  17 -14
 20   4 -20  22
  0   4  16  -6
-24   9  21  20
 15 -24  -5  11
 -3  -1  -6  23
 -2  17 -12  -8
-17  -3  12  -6
-14 -20   5  22
 23 -11   1 -19
 -5  -9 -11 -13
 -6  19   2   3
  2 -15 -14   6
 14 -19   7  14
 -4  -5 -13 -20
 -8   1 -19  -1
 17  12  14  20
-14 -16 -23 -19
 23  14   3 -14
 -9   2 -15   9
 23   3   8   5
 14 -18 -21 -10
-12  10  -6  19
 23 -21  11 -15
 21   5 -13 -23
-22 -14  19  -1
 15  12  12   8
 11  15  -3  19
-22   1 -14   3
 20 -22  12  16
-12 -15 -18  20
-19 -15   3  13
  5  20  17 -16
  9  15 -13  -1
-17 -19  24  12
  8 -14 -20   1
-12  17  -7   4
-10  13 -22   3
  3  23  -9 -20
 12 -21 -13  -9
  0  -9   9  11
 13   3 -19  11
 19  -8 -19   5
-16 -11   1 -14
-12  13  15  -4