-22 -20   5 -24
 -4  -3  22 -18
 -5  22  -2  -5
 14 -17  -8 -19
 -1  21  23  12
  0 -24  23 -13
 -6 -14 -18  10
 -7  -2  16 -23
 -2  -4 -15  -1
 -5   4  23   3
 -8  -5   1 -19
 18  18  22  20
 20  17  10  -1
 12  -5   3   1
 21 -21 -23  12
 14   5 -21  -2
 -9 -20   6  -4
 12 -20 -16   7
  2 -15 -19 -17
-11  19 -21  18
 19  -7  17   6
  0 -16   1  11
 -9  -9  20  24
  6   6  22  13
 22 -17   2  -9
-24   0   9  -3
-18   9   8 -11
-11 -15   0  18
 -4  21   5 -15
-10 -23 -18  15
-19   5   3  -7
 24   0 -21  -3
 -1   8  17   0
 13   3   4  14
 13   6  24 -10
-18   2   3  14
-21  -8  16 -18
 -4 -10  12  12
 19 -11   3 -20
 -5 -14  -5  -7
-19   1  23  -8
 24 -24  18  -2
-18  19   4 -23
  5  18 -20 -16
  6  11  20  24
 11 -12  17  -9
-14  19  11 -10
  4   4 -19 -17
-17 -11 -23 -18
 19 -23  12 -21
 20  14  10 -23
  0   5  22  -9
 -7 -15  19 -19
 21  18  23  -4
  7   2  -8 -22
-17 -18 -11 -12
 -9  11 -19 -10
-24   7  10  17
-16  12  21 -19
 10  -7 -16  -4
-11   1  11  -4
  5 -24   2 -22
 24  -8  -2 -17
 14  22  19 -14
 24  24  13   9
  9  -1 -12 -19
  5   5  16 -15
 10  24  24 -19
 19  -8 -12  -8
 14   5  23 -15
  9  -4  -3  -9
 11   9  -9  13
 20   2  11  -3
  5   5  11  15
 23 -11  16 -15
 14  11  15 -14
 -7   4   3 -18
 18  10  17 -15
 -4  18 -15  14
  2 -21 -21  15
 24   5  -4   5
 21   3 -11  20
 16   5  12  -5
-22 -16 -17  11
  7 -19   4  -5
 17   8  15  21
  9  -5  -8 -15
 15  -4  -7  13
 14  12 -20 -14
  9   8  -3  18
 22   1  23 -14
 -5 -10 -22   0
 -5 -24  16   7
 -8  18  19  21
 16  -5   8   5
 16   9 -16 -17
 11 -10  -3 -20
-12   5   8  -5
-18   1 -10 -20
-12 -24  -2  -4
 15  12   0  -8
 22  14  17 -23
  4  -3 -13  10
 24 -16   0  16
 -9  -9  -3   2
  2  -9 -23 -14
 20 -15  20 -15
-10   8  24  -8
-22  -2   2  -6
-18   7  -9   9
 -7 -14   2 -16
 24  22   7   8
 11 -23   6   4
  8  10 -21   1
 21   2  22  -2
 -3   1 -17  -5
 23 -15 -12   2
  4 -23   8  19
-16  24 -20  16
-24  -9 -12  23
  6   6   9  -1
  4  -8  24  -5
-10 -19  -6  11
-19  -9 -23  -9
 -2 -21  20  15
 17   6 -11   9
-18  -5   6   1
 17 -22  15   6
  0  10  14 -16
  7  24 -12  -5
 -3 -10   8   0
 -2 -23 -18  19
  9 -12  21 -12
 -8  17   0  12
 -8  -3  11 -10
  8  21 -23   6
 12  -3 -24   8
 -4  24  -2  -3
 19  21  16   9
 -2  -9  -1 -14
 21 -11 -22  10
  6  10   5  -2
  5  -4   9 -13
  5 -13 -16  13
-22   3  -7 -21
 23  10 -15  -1
 15  -3  13 -11
-15  22  12  -7
-13   4  13  -8
 -9 -12   6   8
 13 -18 -11  16
  0  16  -2  -4
  3  -6  -2  19
 -1  -1 -22 -16
 -1   3  11  12
 23   2 -14   8
 -5  17 -18 -21
-23 -22  20  21
 10 -11  -5 -18
  0  12   8  12
-15   8  21 -22
 14   4  10 -16
  0  23 -21   5
  0  13 -15   1
 -1   3  -5 -24
  7 -11  24   8
 -8 -10   8 -13
-15 -10 -12  17
 -5 -14  -4   3
-14   7   7   9
-17   2  10  22
-17 -12 -20 -23
-20   8 -24   9
 13 -18  24  22
 -3  -7   2  10
 12 -14   8  -4
-15 -21  22 -12
 14   1 -17  12
-19 -18  22 -13
-17   3   5  14
 11  24  20 -15
-18  10   8  -4
 12 -10 -23  12
-17  11   3  14
  8 -19   3  -4
-16 -21  14  -7
-15 -18  21  -5
 18   3  -4  21
 13 -14  22 -21
-16  15  15  16
 15   2 -16  11
-22 -12 -19  -5
-11  11  24  16
 16  14  14   6
  2  17  16  11
-10 -15   7 -14
 -7  10  20  23
 15   3   8 -19
 -8  15  -5  11
-12  -3  19  23
 -6 -18  20 -10
 16  15 -11 -18
 23  23   1 -22
-19   4  20 -11
-15  -3   6  20
  1  11   5 -16
-12  -4   0  -2
 17  -1   3 -18
  5  -6 -16  -2
-21  -5  23  15
  1  -7  10  14
 21   4 -16  23
-19   5   3  23
  4   5 -14 -24
  1  19   3 -23
-18  23   3  15
 23  20 -23   7
  7  10 -15 -16
-17 -24  -5  -3
 10  24  -8   3
-23  23   4   2
  6 -15 -12 -10
-10  -9  15  10
 -6 -20  15 -21
-14  10  10  22
 -1  13   0 -19
-23  14  10  16
-13 -14  20  -1
-19   1 -21  -3
-16 -10  24 -14
-24  -7   9   6
 19  18 -17  19
  4  10 -18   7
 21   1   1  24
-14  11  19  17
-14 -20   8 -17
  3  16 -10  23
  3   7   3 -10
 15 -20 -20 -10
 12 -11   6  -1
-17 -12  21  -7
 -1  21  22 -18
 20  -6   5 -17
-17  23  20  -5
 21   8   0 -20
-21  -1 -10 -19
-23  22 -14 -15
 -4 -17 -19  -2
 18   9  22  -6
  7   6  -7   3
  6   9  16  10
-16  15 -19  14
-24   3  -1  -1
-21  16  -8   5
 -7 -22   8   5
  1 -20  -5  -2
 14 -22 -17   6
-23  17 -20  20
-14   1   2  -7
  5  -9 -18  17
  8  18  18   5
  7 -16  12 -11
-16 -13  -8   2
  2  18  15 -24
 22 -22   5  -7
-13  15   1  14
  7  20 -19  -2
 -5  19   4  13
 23   8 -20   0
-22  -1   9  22
 -8  24   9  -6
 -7  -7 -10 -22
-14 -17  14 -18
-21  17   2  11
 -8  18  23 -13
-15  -3   0 -15
 -9  -3  21   8
 19   0  -5  16
-20  17  21 -16
 13  -5 -10  24
-23  17   9  12
 -8  15  11  20
-24 -12 -21 -20
  3 -20   1  11
 15  12   3  -2
  5  18   1  22
-16  10   0  11
 20  -2 -16 -22
-23 -16  -2  22
 -4  10  22  20
  4  19 -15 -22
 14  23 -14 -24
 24  -6  14 -16
 -8 -17  12   6
 17  -1  -8  -7
 16 -21 -17   0
 10  24  20 -22
-20  13 -10   6
 -7  -7   3  17
  4  16  19   1
-19   8 -19  -7
 24  -7  18  -1
 -3  20   2  24
 -4 -11 -16  19
 20   7 -12  -4
  1   9 -14 -18
 11   1  -6  -8
 12 -11  20 -13
-22   2  -7  10
 21  23 -10  12
-23 -20 -18   5
 13 -13  18  13
-22  16 -19  21
 -8  17  16  12
  7  -4  -7 -13
 -8 -15  10 -17
 18 -11  17   1
-17  24  19 -16
-21  -4   6 -10
  5 -18  18  -4
 19   5  18  13
 23 -14   6 -24
 -9  14   3 -19
 15 -18  -1  19
-16 -15  -3  20
-23  -1   6   1
-20  -4  23  -3
 16  -9  24 -17
-21  21 -21 -15
 -8 -17  -2  19
-15  17  -1  15
-12 -12 -13   0
-21   4  15   1
-20 -20  11  22
 -2  19 -19  -3
 20  -3  11  23
 12   7  -5 -22
 21   9 -24   6
 15  13  19 -19
 22 -22  15 -14
 24  -3 -17  14
-24   7 -18  10
  7   5   2   1
  3  17 -19  -7
 -2  10  -5  17
 19  20 -12 -14
  8  12 -21  23
 12   5  19 -16
 14 -20   6  20
 -4  23 -17   6
-15  16  12 -18
  8 -21  -9  22
  5 -18 -13  -7
 20   7   5  20
  5 -15  15  -7
-15  22  21   1
 -2  -2  -7  -2
 17  23  -8   1
  3  17 -24  -2
  4  18   7   6
 -1 -10 -24 -11
 11 -17  23  19
 12 -15  15  -4
-10  -9 -20  -4
-12 -11  17  -8
  8 -22 -23   9
  4  -3 -15  20
 22  13  13  -2
-22   3 -21   7
 20 -10 -15 -15
  6   9 -10  10
-11  -2  20  24
-23  -5  21 -14
-20   8   0   2
-17  22   8 -10
 14 -14  -9  16
 -4 -23  22 -12
-12 -10 -12 -14
 16   7 -11   3
 -2   1  21 -17
-23  23 -24 -22
 -7 -20  21 -14
 22  13   6 -16
 -3  20  10 -11
-22   2  15 -16
 24 -11   1  22
 19  -7  19 -16
 -2   6  -8  13
 19  -8  -8   6
 10  20  -2 -19
  3   0  11  22
  0  -7  18  24
 -1  10  -6 -22
-12 -11 -14 -14
 23 -11   1  20
 -9  -2  18   5
-14 -12  11  23
  7 -18 -24  11
  0  14 -10  -8
-20  15  -4  -2
-22 -21   8   8
 -8 -24 -17 -14
-18   1  17 -11
 -3  -2  16  -3
 11 -13   6  22
 19 -13 -24  16
-19 -16   0 -20
-20  11  24  10
-22  11  -6  10
-22 -12 -22 -23
  7 -21   8 -16
 11 -20  -8 -13
 -3 -11  10  -9
 -7   2 -14 -16
 11  11 -18  16
  8  11  -5  15
  9 -19  10 -21
 11  19  -5  11
  7 -23 -15  -2
-20  -7  10  -1
 18   2 -15 -19
-13  -2  -4  14
  4   3  19   7
-19 -21 -16 -12
-21  21   7   8
 17   6   4 -17
 -2  -2 -11 -12
 11  20  21 -24
 18   4  15   6
-14   4  -5   0
  9   0 -22 -21
 19  -2   8  15
-12  -3  20   6
 -8 -15  16  24
-15  14  20  24
  4 -17   5  -7
  5   1 -13  15
 -5  -3 -12 -23
 10   0  -6 -19
 11 -18   2  18
-15 -19  22   4
-24  -8   2   1
 -5  23   1  -7
  3  10  -6 -21
 10  10  -5  -2
 17  -8   0 -21
-17 -23  11   7
-23  14  12 -24
-21  15 -24  12
 15 -19 -20  16
-15 -20 -20  -9
-18  20 -21  22
 14 -16   3 -16
 -2  17  -9   8
-22  -6  -5  15
-12  -6 -16 -16
 -7  12 -22  20
  7   3  24  -5
 -1   7  13  18
 -2   7  20  21
  6  -9  11  -7
 -4 -23 -22  10
  0 -12   7  16
-15  -1   4 -23
 -6 -11   1  -8
  6  -6 -15  16
 -6   6  11 -17
-15  -6  20  -7
 18  20  14 -15
-16  13  -8   5
 -5  -7  22  -9
 18 -16  -1  21
  8  -3  -8  -2
-15 -11  -2  -2
 16  23  21 -16
 21  22   8 -20
 -6 -11  11 -16
  9  14   5 -13
  6  21  23  -5
 -5  22  23  18
 -8   3  -2   1
-10   0 -14  13
-10 -15  18   7
-21   8 -15 -21
 14 -12  17  14
 20  21  22  -5
-20   6  -7  -9
 -7  19 -19 -13
  1   2 -23  -5
 -9 -23  -2  -1
  7  -5 -19 -24
 -5  18  -8  -1
-23 -22 -22  23
  8  -2 -13 -18
 -4  20  -1 -18
-18  21 -13  17
  2  -4  11   7
  3  14   6 -11
 15 -20   4   5
  8   5 -12 -23
-15  -2   1  15
-21  15  16  -5
  8 -23 -11 -24
 11 -10 -14   7
  9   5 -20   9
 -9 -20  19 -17
 19   9  14  14
 11  17  15   0
-18  21  -9 -20
 22  -4  -4  -7
 21 -19  12  -3
-23 -20  16  19