 -4  -1   3  10
  2  -4  -5   4
-12 -24 -23   5
  5  13  -6  22
 -7   5  -5   8
 -5  17   2 -14
-20   7   0   3
-11  10  -1 -11
  4  -5  23 -24
-18  10 -20 -19
 24   3   9 -15
 -1  -8  10 -20
-21  11  20  11
-14  15  16   8
-17 -10 -14 -17
-12  -4 -17 -19
 -6   9 -12 -14
-23  16 -14  14
 -8 -14  -5   8
-13  -9  21   7
 -5   8  -7  -6
  5 -24  12 -22
-12 -18   6   5
-23  16   2  12
 23 -17 -12   4
-15  12  16   3
-20 -22 -15 -11
 15  -3 -19   4
 18  15  13 -24
  1 -20  21  23
 24   0   5  -1
 -3 -15  -9 -23
 21   5 -14   5
  5  -4 -19   2
-21 -24  -6  21
 24  15  -1  16
 -1 -13 -13 -23
 11   9  -6  11
 -5  21   6  22
  7   7  24  11
-11 -17 -10  -5
-15  -5 -23   0
  3  -4 -21  16
 14 -13  20 -24
-22  20 -24 -19
-24   5  -7  17
 23  10 -18   3
 -7   3 -13   2
 17  20  24 -12
-18   8 -22 -20
  4   9  23  -6
  2 -16 -15  17
 -5  19   1  10
 -7  14   7 -15
  2 -18  -4 -10
  3  -1  19  17
 -4 -24 -18  -7
-24  23 -23  17
-20  -3  12  -1
-19  -4  17  21
  9   7   8  -6
-11  -3 -10   1
 12 -13  -2   8
 -5  -2 -16 -18
 11  12 -22  -5
 -5 -20  13 -18
 15   6 -23  13
-21 -11  20 -24
 -6 -14  -1  24
 -9  23  22 -21
 10 -17  14  -6
 13 -16   7 -18
  5   9  12  23
 -8 -13  20   8
 21 -11  20  18
-16  -2  10  12
-17  20   9 -18
  2   2 -15  -2
 24  -8   1  20
 -5  17  23  19
  1 -13  24 -18
-18  17  15  11
 -9 -16 -10   7
-13  23  -3  -6
-24 -22 -20  11
-21  19   7  -5
 -7  -8   5 -23
 15  -9 -15  -8
 18  23  -9 -19
 11  10 -22  11
-11  -8  -2   3
 -7   4 -24   0
-20   4  12  15
-18 -14 -21  23
-14  -3 -11  24
 19  23 -12  -6
  1 -14  12  -6
-11   7  16   3
 -2 -18  18  21
  8  20 -18 -21
  7  14   1 -24
-17 -20  -5  20
-11  -6   3 -10
 21   1  15 -14
 11   9 -12   3
 -6  12 -18  14
-10   3  12 -12
  4 -20  -8  22
-23   9 -15 -20
 23  -2 -16   3
 17  -8 -24 -20
  8  12  17  17
-16  21  10 -12
-19 -12  16 -17
-22  15   6  -9
 16 -21  -7   0
  0  -9 -21 -23
-21   8  17 -12
-20  15  15   0
-15   2   6  12
  3  10 -16  17
 21 -24  -6 -18
 23  18 -24  -2
-10  -2  -2  16
 23  24 -23 -23
-13  10  18 -15
 24  20  23  23
 -6  10   2   0
 -5  -6 -17 -22
 -8   9 -12  -4
-19  -1 -11 -12
 -1  18  17   8
-24  10   9 -22
  3  22 -14   8
 -9  -1 -11  21
-12  18  -4  -8
 15 -23  17  10
-23  -5 -18  -5
  0  19  -6   5
 10   3 -23   4
 -2  -3  22 -12
 11  23 -19  -5
  7  15  16 -20
-23  22   9  -9
 18   1 -10 -24
-13  10  -4  18
 12   5   1  17
 24  -7 -14 -24
 20  10 -15  16
 -2  -1  14  -5
 -7   1 -24   4
 23  -8  23   5
  6  -8   6 -20
-15   8  -4 -20
-11 -24 -14  24
  5  23  15  -6
  9   7  -2  -2
 -1 -19 -13  -6
  3   7  -9 -23
  2 -15  -5 -22
 12  21  10 -18
-23  -8  12  21
 20   1  -1  24
 -2  20 -22 -12
  1  13   1  21
 12  -7 -14  -2
 13   3   7  -8
  8   1  11 -12
 12 -11  21 -21
  6   0  21  11
  0   3  11  20
  3   2   0  11
 -7  -9   3   9
 24 -17  -3 -24
  1  18  -3   8
 17  14 -10 -18
 21   5  20   8
  8  -7  22  10
  8 -20  22  22
 -6  15 -20 -14
 17 -18  20  -3
  0 -17  19  -6
  4  -6  -3 -24
 24   3 -17  14
 -3  18  15  17
-15  -2  20  -7
 18  21 -16  10
  5   7  12  17
 19  -8   1 -10
  1  11 -22  -7
-24  20 -13  -5
 16  -1  10  10
-12   3   9  13
-20   7  -7  22
 -1  -5  10 -17
-19  -9  -2  13
  4  10  -2   8
-15 -20  18   1
 -9  15 -16  17
 13  17  21  13
-21 -16  16  19
  6  21 -19  11
 -3  18 -14 -19
 15 -19  12  19
 15   3   6  -4
 -9 -17   1 -14
-18   6 -23   6
 10  -2  -4 -14
 12  23  10  -9
 20  16   4  -9
-23  20  -5 -12
 17 -14  -8  -1
  0  17 -21  20
 16  23 -22   3
-12 -10   2 -12
-10 -10 -24   3
 15 -18   9  15
-21 -16 -10   5
 24 -18   8  12
 24  18  -9  14
  3  15  -6  23
 24 -14  24   2
 12  -3   0  12
  8   5   2  -4
-11   9 -12  11
-18   3  20  13
 18 -17  23 -19
-13  -1   0 -14
 24 -16  -3 -21
-20  21  19 -18
-12   1 -17  17
 13   6  21 -12
  1  22  19 -21
 11   5  16  17
 22   6  14  -9
 12   2  -7  19
-21   4  16 -20
  0   7   9 -10
-11  17  14   8
 12 -19 -20  21
-24 -14  -3  20
-16  17 -21 -20
-17  22 -11   8
 -8  -8 -20   3
 -3   7   7  -3
 -3   2  19  -8
 18  22  13  17
 -2 -23 -21 -12
-11   8 -24  23
-23 -11  -2 -18
 -7  23  22   4
-15  -1   3  22
  0  14   4  -2
  4   3   3  23
 23 -19  17  11
 -4 -17   9  10
  3  20  13  19
-13  13  -9  24
 15 -13 -22   5
  8  -5 -11  10
  0   2 -12 -15
  8  12  22  24
-10 -22  -6  20
-18 -21 -14  -9
-14  -6  17  24
 20 -24 -14 -12
-11  -2   1  21
-18  10   2  -7
  7  16 -17  19
-11  -7  -3  -3
-15 -14  -1 -15
 21  18  -9  17
  4  13  19 -21
 -2   0  -4   0
 24  -6  11 -18
-16 -23 -16  -2
-23 -12 -14   5
  1  -9  13  23
  1 -23   8   7
 18  24 -12  11
 19 -19   3  20
  8   9 -23 -19
  2  -1  21  23
 -3 -11   6 -10
-12  13  -8  18
 17  13 -24 -11
 21   3  -7 -23
 -4 -24 -20  12
-13 -24  18  16
 -7 -20 -15 -17
-17  -4   2 -23
 18 -13 -16 -20
 17 -21 -13  19
 -8  23 -18  12
-23  -5   8 -17
 24  20 -18   7
 -6   2   7  -1
 -4 -24  -7  19
 -1   4 -23   7
-17  16  15   8
-19  24   4  -3
 -5 -14  14   2
 23  13   7 -13
-17 -21   1   9
 -7  -5 -24  11
 21   2 -21  11
 17 -16 -19  -3
 10  -7   0  -8
 21  15 -16 -24
 -9  14   7 -13
  8 -19  19   8
-13 -11  -7  -2
-24 -20   4 -12
  4  -6   3 -22
 -4   1 -18  24
  6 -12  -9  21
  1  -3 -17 -13
 21   5 -12  15
  5  19 -18  -9
  6  23  -6   8
  6   8 -24   2
 19  -5  10 -23
  3  -1  13 -24
 17 -19 -22 -24
 18  -5 -17   9
-11  -5 -13 -13
-23  -3   5  14
 -9  17  -4  -5
  4  10   0 -16
-24  -8  13  14
 -5 -13  -8 -22
-24  -4  17  18
 18  -4   8  -3
-23  -4  13  10
-15 -23   7 -16
  8 -19  -1  24
 -4 -10  -8  24
 17  -7  10 -14
  3 -15  18 -22
 -9 -10  16  10
-11  13  11  22
 -5 -16  -9   3
-15 -21  -2  -9
-15 -10  21   8
 -6  10 -19  -3
  3 -16   0  22
-14 -19  24  21
-11   7   4  -7
 -3  -8  -4 -21
  7  13  -8   1
  8   5 -16  12
  8  -6  17  21
 13 -12 -18  21
 -1  -7 -21 -10
  7 -11  18  13
  8   4 -24  -4
  1  -8 -16  19
-11  20   9 -12
 12 -16   1 -22
  8 -21  -1  14
-24 -15  12  -7
 18  18  20  10
 17 -22  15 -14
  2 -14 -23 -16
-19  -7  -3  12
-22   2  -5   4
 21  -8  -8 -12
  0   0 -24 -19
-17  24  19   0
 -7  19   7  22
 13  11  16  24
 -4  23 -10 -24
-11   8 -15  -1
 11 -17  20  17
-12  19   3 -23
 15  21  -6   8
 19   3 -13 -15
-10  19  17  14
-16  11   7  12
 -2  13   3  15
 22 -23  20  22
  2   5  22  11
 22  15   4 -12
  2  16  24  -4
 23 -24   2   9
 10 -16 -19   4
-23  19   1 -20
 21  24  18   7
  1 -12   9  17
  6  23   6 -12
  1   0   3 -15
-12  16 -18  17
 21  13  -6   5
-12  20   5  24
-13  -8  -1  -8
 12   4   0  -8
  0  -3 -21   6
-17   0 -13  18
-24 -22 -14 -16
-18  -1   4 -12
 12  22  13 -21
 -5  20  -2 -16
-23  20  13  -1
 -8  -3  -4 -14
-24  -2   0  -5
-16  18  18 -20
 -6  24  -3  22
 12  15   3   5
-24  12 -21   2
-14 -17  -1  20
 -1 -15 -15 -17
-23  -8  20  -6
-19  -6  -3  17
 -7   0  11 -18
-12  -1 -17  14
  2   4   0  13
 21  24  -8 -13
 -5  19   0   3
 11 -23  12 -23
 16 -20 -22   9
 24  -6   6  11
 14  -5   1  10
  1  23  10  19
 -6  24 -17   7
 18   1 -11 -13
 -4  18  -3  -9
  2  12  -7  12
-11   9 -13  14
 13  -3   4 -18
-15 -19 -15 -23
-15 -12  10   9
 -5  20  17 -19
-13  -6  12  13
-17 -22 -24  13
  1 -16  12   3
 11  21 -24  16
 12  -4   0 -18
 -9   3  11  21
 -3  24   6 -18
 18 -11 -22   3
-18 -14   8   3
-24 -11  17 -10
 22   3 -11  20
 -2  17 -17   8
 15  -7  22  12
 -2   4  -2 -19
 -4   3 -13  11
 -8  14  15 -12
  3   0 -20 -18
-14  -3 -22  17
  9  14 -23  -8
  2 -12 -13 -22
-20 -15 -18  24
 22  17 -20  21
 14  10  22 -24
-14   3  19  -8
 18  14  -5  -5
 24  19  10  14
 -3   6  -2 -12
 -1  17 -22   3
 17  19   4   9
-12 -15 -18   3
-10  13  -3   9
  1 -13  10  -8
 -7 -15  13  10
 -8 -24   1 -18
 19 -22  -9  -8
  8 -19  10 -22
  2  -8 -19   8
-10  18   7   6
 19 -10 -14  11
-21  -6 -15   0
-24   9 -21  -7
  4  -1  -6 -16
-17  23 -11  -7
 22  18   1   0
 11  11  13  -3
-18   4 -24 -19
-14  16  10   0
 17   6  -9 -23
 -3 -22   3  -5
-11  22  18  -5
 13  -4  20  14
 12  14   9  19
-17 -19   7 -20
 22  16 -24  24
 -8  -3  17   6
-12   4  -7 -23
 23  12 -22   2
 -2  20  14 -14
-19  -6   0   0
 22 -17  -4  -4
  9   1 -21  24
 18  17 -10  13
 -2  14   8  -2
 23 -14 -24   1
 -5   2  -6 -11
 -8 -17  24  12
 10   3  24 -17
-23  22 -24  -3
 -3 -12   6  20
  2 -11  13 -11
 -3  -5  -9 -13
 22   3  -8 -20
 -4 -22 -11  14
-21  17 -10  12
 23   3 -18  12
 14 -17  -1  16
 -3  -1  -2 -14
  0  21  16   3
 -7 -11 -14  24
 -5 -18   5  -9