 -9 -12  19  13
 16   2  16  24
-10 -10  -1  23
 -3  17  21   3
 12 -22   4  15
  8 -19  -7 -23
-23 -19  14  24
-21   6  15   7
 -3  21   0  -6
-18  21  -5  -4
 12   9 -10  18
 21  12  21  -5
 14 -13 -20   6
 18 -11  15  22
  6   7  24 -17
 -8   3  -5 -14
-20 -14  16 -19
 -2   5  16  13
 17  -2  10   9
-23  18 -19  21
 19  -2  16 -16
 13  -5  23  23
  2  -9 -22   4
 13  12 -20 -17
 -7  24  -7 -11
 21  -1  21  20
  6 -18  21  -3
 21  24  11 -12
 18   0  -1  20
 -5 -13  17 -17
 10  -9  11 -15
-14  -6 -11 -20
 -5   1  18  -8
  6  14  -5 -14
-21 -21   6 -14
-17  -5 -17  13
 -8  -4  -1  10
 -9  20  17  19
-21  16  20 -24
 -4  11 -13   1
-21  -9   1   9
 20 -23  -3   4
 -2  -1  14 -21
-24 -20  12 -22
 -7 -15  22 -16
 10 -20  -6  -2
-10 -20  12  23
  9 -18   8  13
  8   6 -14 -16
 13 -11  16  17
 17 -24  -3   6
-24 -16   2  -4
-11  -8 -17 -18
 10 -16 -14 -23
-11  20   7 -22
-15  -2 -17 -20
 18  22  24  -1
  5  -6   8 -12
 -8 -13  -6 -13
  1   8   8   4
 12  15  15 -16
 19   0 -16 -18
 -4   9  20  -6
-13 -24   4  24
 -1  18   2 -21
  5   2  -6   0
 16   7  10   7
 19   2  -6   8
-16   0 -22   0
 -4  19   8  11
  6  20  12 -12
 24 -13   7  19
  5  -7   0   0
 -8  14 -13  11
 -3 -20  15  -2
  7 -13  11  11
 14 -23  -4  -4
 18 -18  -7  11
 -9   0  -1 -20
-21   4  19  12
-23  21 -24  12
 17  18  12   6
 11  13   6  15
 11   3 -16  11
-24  22 -13  -1
 11   7 -24  -8
 17  10 -17  -1
-18 -12  -9 -20
-19  15  19  -4
-14  10   2 -12
 10   3 -14   1
 24 -23   7 -15
-22 -24   9  20
 15  22 -12  19
 -1  -4 -17 -19
  9 -13 -22  -8
 23  -1  -9  10
 18  22   2  13
  0  -6  10  18
 19  13 -24 -16
-18 -15  14  -8
 13 -11  16 -11
-17  20  19   4
 22  16  -8   7
-18  19 -22 -19
 23   6  -8   8
-16   6 -21  24
-11  24 -12  21
-22   8 -13  -2
 17 -18 -13 -13
 -1  -6   5  -1
-21  -8  17   8
-14  -3 -15  24
 15  -2  -2 -15
  8  20 -18  -3
 14  15   0  13
 17   7  19  11
 13  19 -14  -1
-14 -16   5 -11
-16   3  11  -9
 19 -14  13  16
  2 -18   7  17
  0   6 -19  13
-23  19  10   6
-17  20   3  -2
-19  -2 -21  -1
 11 -15 -22   2
 24   6 -21 -22
 19   7 -11  12
-18 -21 -19  11
-21  16  -9 -10
 19  11 -18  22
 16  16  21  19
 16  10  14 -24
-14  13  14   3
-16  -1 -17  24
 21 -14  -1   1
  3  12  20  13
-21  17  20  -5
-11 -21  22  -4
-23  13 -16 -23
 21 -18  23 -19
-24   1   4   3
-19 -23  -3  11
 -1  11  22  -7
 16  13  -9  15
 24  22  13   7
-24 -23 -12   5
 22 -13 -18  13
  1   5 -18 -15
-10  -9 -23  -1
  5  -3  20  17
-13  -9  18  19
-10  14  19  -7
 -5  18  10  -3
 17  12  22 -12
-19  22   1 -22
  1 -20  12  10
  4 -20 -24   2
 23 -13  -3  18
 -2  13  24 -23
  6 -18 -19   2
 -8 -13 -19   2
-24  22  20  16
 -7  24  23 -18
 10 -20   4  -5
 -7 -23  -3   7
  7 -15  16 -10
 -5  23  -2  -2
 15 -14   0 -10
 11 -21  13 -16
 11  21 -24   8
-17  20  16  -8
 -3 -23 -13  20
  0  -2 -14 -21
 24   4 -19  -2
  8  -1  -6  -3
  0 -20   3 -16
-13 -18   4  -4
-17 -10 -12  10
  2 -14   6  14
 -2  -3 -10  11
 20 -18 -17 -18
-17  -1  -6 -15
 18  20  10 -10
-22  12 -14 -14
 18 -21  -9  -3
-23   6 -17   0
-24   7   9  -7
  8  21  -3  19
 -6  12 -19  24
-19   5 -14 -21
 -5   4  22   7
-23  22 -20   5
 13  20   6  10
 13  20 -10 -11
 -7  -5 -21 -14
 22 -19  14 -19
  2  -1   0  -1
 -6  13  -8  -7
  0  16  -1  12
 13   0 -10  -6
  8 -14  -2   6
  8 -20   9  -6
 23 -20 -11  -9
 21 -23  24 -21
  7   2  18 -15
-17   5 -14   9
 17 -24 -24  -2
-14  -7  24  16
-21  14 -12  10
-22  -3  14  18
 -7   4  11   1
 21  12  14  20
  8  18  13  17
-17  10  -2  24
-17 -22  -4 -14
 -9  18  21  -6
 -1   3 -21  12
-11  10   7 -16
 16  20 -16  16
-21   6  -1  14
 15   3 -17  21
  7  12  13  23
-21 -20  -6 -22
-18 -23  20  -2
 19 -17 -23 -20
 18 -21  -1  -9
 22  -7   2  11
 24   0   3   1
-12 -22  -3  12
  8  -8  11 -24
  5 -15   4 -22
 -9 -11  -8  10
 23  20 -19 -16
 10 -23 -10   3
 -4 -16  22  23
-18  -1  23  10
  2  13   6 -11
 -9   4  21   7
-20 -13 -20 -14
 -2  16 -10 -10
-17 -21   6 -13
-23 -21  -8  22
-12 -17 -23   5
-11  14  24  -8
 -4 -20  13  19
 -6  -1  -7  24
 21   6  19 -11
  2  -7  -1  -4
 16  23   7   2
 -4   7 -15  15
 21  -9 -10  -3
  9   1   2 -10
  1 -22 -24 -22
 12  -5  -6   6
-18  24 -19  14
  6 -22  -1 -20
  2 -18 -17 -17
 21 -11 -20  -2
  8  -3  22  23
 -3   3  -1  -3
 16   2 -14   4
  1   1  -8   7
  7 -14 -19  13
 15 -11  15 -16
  5 -17  -5   2
 14 -23  18 -13
 11   4  21   7
-16   2 -24 -24
 12  23  24  20
 23  16  -9   0
-21  13  19   0
 14   4   5  20
  8   7  20   0
-20  16   7  -9
  9 -16  19  -3
 -1   2  12 -12
 21   0  -2  -4
 -1  10 -12 -12
  7   1 -22   7
 24  17  -6  -1
-22  -8  -6   8
 21  20  15 -14
  2 -20  20  -5
 13  12 -10   2
 15  -7 -13 -22
 23 -21   6 -14
 10  -8 -23 -24
-20   5  -8 -22
  1  11  -7 -12
-13 -24  -6  17
 -9 -16 -20  23
-10 -11  -2  18
  2 -16   1 -23
  9  -3 -14 -18
 14 -23  23   6
 19  17  21  -3
 13 -24  17  11
-13  -5 -21  23
 11  12  12  14
 20  -7   7 -23
-10  -5 -12 -12
 16  19 -11  -6
 23   8  13  24
 14  11 -13 -13
-15 -24  20   9
 14   5  21 -11
-23   0 -14   3
 17   3  -4  23
-13  14 -16  -5
-13 -18  21 -15
 16   7  -8 -22
 -6   3  -6  12
  4 -11  20   0
  8 -19  -8   9
 -5  -5  -9  -3
 14   7  18 -14
  2 -19  -7  10
 23  17 -16 -17
  8 -12 -19  18
 -1 -24  -7  11
 24   2   1  10
  5   6  -1  14
-10  -3  -6  15
 22  19  23  -1
-21 -18   5  -8
 18   4  19   5
-18 -23  -2 -14
-23  -5  12  21
 16  -9  -4  14
  0  24  -6 -22
  2 -12 -23 -24
 19   0  21  11
 24  15 -20  23
-20  22  17  14
 -3 -16 -19  -9
  3  24 -20 -11
  7   8  12   9
 -7  -7  11  -3
-14  21  12 -18
-13 -23  22   0
 16  22  -3  14
-16 -18  17  23
 14  10  13  17
-20  -1   0 -11
-23 -22  -5  16
  0   2 -15 -11
 15  -7   0  -4
  3   9 -12  24
 -8   8   8 -13
-22  -2  21  15
 16  13 -16  23
-18  -4 -16   8
 -1  -1   7 -16
-12  20 -19   9
-10 -20  15  -6
 19  16   3   1
 12   5  -2  18
-13  -1 -21 -16
-18  18 -10  22
 -6 -24  -9 -13
  4   6 -23   3
-21  16   4 -16
 -6   0  -6   2
-24   9  -7 -21
  5 -17  -5   1
-16 -13  19 -19
  5 -24 -24 -21
-21  20 -21 -23
 -9  23  -3  24
  2   2 -14 -23
  7  20 -15 -23
-13  -8  16  12
-19  21  -9  -1
 19  16   3   5
 23  13 -19 -19
 19  -6  -3  -4
 -5   7   0  16
 19  -1  16  -5
  2 -20  14  23
 -6  -7 -14   3
-10  12 -17   7
-24  18 -20  -5
  3  -3 -20  22
-20 -19  19  13
-16  22  14   4
-24  -6   5 -20
-10  -3  22   8
 16  15   4 -23
 17 -19  -3 -10
-15 -23  11  16
 -8   9  11  14
 11  20 -21 -17
 13   9 -17 -21
 11  -5 -19   5
 -4   7  17  15
 -5  -5  -7 -17
-15  12  -2  -5
 16   0   6  -7
  9 -13  23 -19
-18 -14  -6 -18
 13   7 -11 -20
 18 -20 -12   4
-16 -10  15   1
 -5  11 -21   7
-19 -10 -12 -12
 -3 -22 -14   0
 -9   7   8 -14
-17  -2  -4 -12
 18 -21   8  19
 14 -16 -13  19
 24  -6 -18 -10
 -8 -17 -20 -11
-12 -20   3   4
 -4   9  -6  -6
 15 -14  16  10
  1   4   4 -12
 11 -15 -20   3
 23  10  -2  21
 15 -20 -13 -22
 14 -10  18 -16
-19   0  -1   5
 19 -20   7 -11
 -9   3   3 -22
 -4 -12 -24  -1
 14 -12  -6 -24
-17 -12 -10   4
 -7   1  24 -12
 21  -3  20   8
 21 -24   0  18
  0   2  16 -14
 16  15  22  19
 16  23  14  -2
  5 -16  23  -5
 22 -21 -17  -2
 10 -14   1   5
  4   2  -5 -21
 16  -4  20   2
 -6  11  14 -22
-12  -8 -15   6
 15 -10  -6  -1
 17 -19  23  18
 14 -11 -12  -9
-11  10 -20 -23
 -8 -24  -8   1
-17 -14 -18  12
 17  -4  15  12
-15  16 -14  -5
 10 -22 -19 -12
 23 -18 -11 -24
  9 -11  -5 -21
 19  -4   2   6
 -4 -15  16 -13
 18  -5 -10  -3
-24 -23 -11  15
 23 -23  -4  16
  2 -12  -2 -10
-16 -11  14  16
 -8  23  13   3
 -7  -9 -12   5
-10  18 -18 -11
  1  14 -21   9
-15  -8  17  13
 18  20  22 -12
-15   0  -8  -6
-13 -14   0  23
-18  24 -20  -5
-22   4  19  18
  8  12  10  -5
 13  -5 -16  -9
 11  16  -4 -11
 -5 -20  15 -11
  1   6 -12  17
-15 -20 -14  -9
 12 -19  -5  18
  3  14 -21  22
  2  24 -22 -17
-20   3   0  -5
-16 -11  -6 -18
 10  24 -17 -13
  1   6  -6  20
-19  16 -21  24
-19   0  -5  10
 -8  -9  -8 -10
 22 -12   3  -3
-23  21  20  -5
  9  17  10   3
 16  -2  10  -6
-23  -6   8   4
 -8   9  14   5
  4  21  -7 -22
 -6 -21 -19  12
  5 -24   4  -8
 13 -10   2  20
 -1  -8  14  16
 -5 -21 -18 -23
-10   6  19 -15
-19   9  -2  11
-16  -7  12  22
 -8  11 -12 -10
 19   9 -24  -7
-19  15   5   2
 22 -16 -17  -5
 22  -6  -8   7
 24  -8  -1  18
-21   0 -16 -10
 -4 -13   2   9
  9  -7  22   7
-12  -5  20  -3
  2  18   5 -10
 19 -20  -9 -22