-20   2 -22 -14
 21  22 -12 -15
  4 -14  -4  14
-24 -22  -2  20
 15  14 -12   3
-21 -12 -10  19
-16  -8 -14 -22
  6  23 -14 -19
-10  -9 -23 -16
  1  -7  22 -19
 12   6  24  -7
-12 -21 -10   5
  6 -17 -10 -16
  3  10  13   4
-10  -8 -16  -2
 22   0 -22 -14
 13  14 -12   1
  2   3  10   7
 -2  -6 -16  15
 16  -4  -7   4
-10 -16  -9  15
 14   4  12  16
-22  24   5  24
 -3   9  15 -21
  9  16  -5  16
-16  -5  17 -15
-12   0   3   3
  1  19 -15  20
 14 -16 -24   5
 24  -9 -15   4
 -7 -24  -9  23
 -3   3   8   8
-22  10 -16 -16
 22 -11  20  -1
 -8 -18   5   3
-16  16   6 -15
 16 -18  -6 -24
 10  21  16 -21
 -5  -1  16   8
 11   4 -22  22
  7  15   4   5
-12 -12  16  19
  4  -1   8  -3
-13  12  23 -21
-20  -5  23   9
-12  11 -22  13
-12   5  -2 -23
  6 -14  -3 -17
  4  -1  18  14
  1  23  -8  -7
-12   7  -7 -16
 13  12  12 -12
-10   2  10 -11
 18  -7   4   5
-10  16   5  13
 24  -5   2  17
-24  -4   5   7
 -4 -21   6  -4
 22  -1  -5  11
-11  12  -9  17
 -8 -15  -2   1
 21   3  19  14
  1   3 -23  16
  5  20   6   7
-15 -19 -17  15
  4 -14 -16   5
-15 -21   6 -11
  7 -19   5 -23
-22  -3 -19  10
 23 -20  15  13
-11 -21 -20   1
-13   4  21   0
 -8  -5 -22 -10
 -8  23 -16  -4
  5  -4  -4   4
  2   9  -3  -6
 10  -7 -21   4
 15  -7  14  -3
  9 -10  18  16
 -2 -18  16  12
 13  -8   4  -2
 15   2 -20  19
 23   4  17   0
-23  -9   5  20
-14 -17  15 -13
  1   1 -15 -24
  4  -6  -4   5
-10  18  -9   6
  5  -4 -18   9
 -8   0  20  12
 13 -17 -23  -9
 -1  -3  -5  12
-19   8   4  21
 -7  15   7  16
 -5  10   4  -6
  9 -20 -11  -9
 -1  19  15 -18
-11   1   8  16
-17   5   6   0
  0  -9   4  -2
 -8  24  -7   2
 -8   9  17 -16
-17 -18 -14   9
  3  19  -1 -14
 15  -8   9 -11
 -3 -12  21 -13
 16 -10  10   5
-21   2  -8   9
 12   2  14  23
-13 -21  15  -6
 -8   1  -5 -21
  9   8 -19  -7
-22  12  14 -21
 -8  -6  11   5
  3 -23  16  -1
 12  -9 -23   1
 20  18 -16 -23
 -6 -17  13  21
  3  -9   0 -17
-19   4 -10  12
-21  -9  -8  23
 -6  12  21   9
-10  13 -10  12
 20   6 -20 -21
-18 -12 -18   8
-13  -3  -8  10
 -8  -4   1  -2
-22 -23 -15   1
 -1  11   7  21
-16  -7 -11  -6
 23 -15 -14   1
-16   7  -5  16
-15  14 -18  -1
 19  -3   4  -7
 13   6 -10 -18
 19  22 -19  -5
 11   1  -3  -7
  2   7 -24   5
 -3  24   7  18
 12   8  11  11
  0 -14   8  -2
-10  16  21  -9
 20 -22 -10  16
-17   4  -5 -23
-13  20  15  -4
 -3 -11  12  14
 19   2   0 -20
-15 -17  18  15
 -1   9   6  23
 -9  14  10 -18
 13 -11  -1 -17
 -2 -19 -17   2
-10  -8  20  10
 11 -10 -22 -15
 17  23 -11   9
  3   2  17  -6
-22  -9  -8  -7
 21  18  24   8
 -3  -6 -24  -4
-23   2  18  22
-17  20 -21   4
 21  -5   3  19
-20  -7 -16   7
-22  -5 -24 -22
-10   3  19 -14
 24  23 -11  19
 22  19 -18 -21
  5 -17  11  -1
  6  -4  -8 -19
 -7  23  17   8
 19  22  -1  -6
-12  24  -3 -22
 -5   7  -5  12
 -1   1  22  22
  7   4  16   2
 23  -1   6  -2
-10 -14  24 -12
-16  -6  -9  -3
 24  22 -10   9
 -4 -12  -9   3
 17 -13 -14  -7
  3   5  14 -17
  0 -13  24  10
-16   8 -20  -7
-22  -1 -22   0
-15  13  -4 -20
-21  17   9  23
 11  -3  -3  14
-14  21 -12  -9
-21  21  -9 -16
 15  -4   0   4
-22 -24  -6 -22
  4  -5   5  -4
 14 -16 -12   7
 -6  -3  16   0
  6  13 -13 -23
 22 -18 -18   8
  1  24 -20  17
 17  13  14  15
  2 -10   2 -15
-15  17   8  -7
 12  23  17  12
 -2  -1  16  -7
  5  18   4 -12
 10  16  14   7
 -8 -14  -4  12
 11  16   3  -6
 16  -3  24   1
 20   1  19  19
-13  14  -3 -23
  8   1   4 -17
 14  -3  22  -4
 24 -18 -17 -10
 -6   8   5  23
 18  -6  -2 -22
-14  -2  24   2
 -3 -16  -1  14
-10 -16  -2  10
 -7  21  -8 -10
 11  18  12 -14
 24  11   7  16
  4  10  20  21
 13  -6  24  23
  2  -4  23  11
-10 -22 -16  24
 -1  -7  -5 -11
  9  21  12 -16
 -4   6  -6  -7
-17  22  -4  20
  6  -2  -4   7
 -3  24  -8 -11
 15  17   8 -16
-11 -12  11   8
  9 -24  11  18
  0 -23 -10   0
 -6  15   8  24
-23   2  -5  14
  0  -4  19  17
-17  17  -2  20
 22   2  20 -20
 -8  19  -4 -23
-21   8  23 -19
-12   6  -9   3
-10 -11   3 -21
-15  11  16  -8
-13 -15  10  23
-21 -14 -24  20
-10  -7   7   5
 21   2 -15   2
  3 -21 -13  23
 15  -7   4 -22
 10 -19   5   7
  0  -2   3  24
-16  -9  -7 -15
 -9  19   0 -19
 19  15  16 -22
 18 -12   3  21
 19   5  15  17
-20  -6  11   2
  2 -10  11   1
-12   7   3  23
 19   5  -5 -24
 12 -23 -21  -4
-21 -21 -15   8
-21  11  -1  13
-24   0  15  10
 10  10  16  10
-12   1  23  15
  8 -22   2   8
 22 -13 -18  -1
  1  22 -20 -18
 13   7  -4  24
 15  -1  11  18
-14  20  18   8
-13 -11 -15  22
-14  -8  13  13
 15  -3 -21  -7
 -6  22  16  -5
-20 -22 -10  21
 16 -14 -13 -23
 -3  -5   8  15
 24  12   0 -21
 -3  -2   2 -21
 11 -22  12 -15
 22 -24  11   5
-20  19 -18  23
 10 -15  -2  14
-18  11  23 -12
-20 -22  22  22
-24   6  22 -16
 23  19  -9  18
 -2   9   0  14
 23 -20  22   7
  4  14  11  16
 -3   5 -16  -8
-19  17 -11  -1
 -1  21   7  10
 11  14  15  15
-22  24  21 -13
 -4   3  13 -22
 -6 -11  21   4
 -4  -7   0  16
-16  24 -21  11
-12 -20 -19  10
  4  -6  -1  21
  0   9 -14  24
 -2 -16 -13   0
-24 -16  -5  20
 -8  -6   0 -13
 -7  -1 -23  -7
 -4   4 -10   9
-10   6  21  24
-23   5  -6   0
 -5 -15  -6 -12
-16  -7  14   9
 21 -24   4  11
  6 -17   1  -1
 -7  14  12  -5
 17 -22 -15  -3
 17  -9   4   6
  3  -1  -8  -6
 18 -23  -8   2
 18  11   8  11
 20  24  13   6
  1  19  14  -8
-10  -9 -19 -10
  9   7  10  20
 15  13 -20   0
-20 -20  13  14
 -9   7 -19 -13
 13  -9 -23   2
-11  13 -16  19
 10   4  20  -4
 12   3  15   5
 -9 -15  11  -3
 13  -8  -2  -1
 16  -3  -5  -2
 15  20 -11  -8
  3 -24  -7   1
-21   8 -14  13
 -2   3   3  10
-24  20 -23  22
-15  10  -8  19
-14   0  -4  23
 24  18 -20  -9
 15 -10   6   5
 -8  -5 -10  -6
-18   8  15 -23
-22  15 -23  18
 24 -24 -19 -16
 13  11  20   6
  1   3 -16  22
 21  -7  18 -17
 -3 -20   5 -17
 18   0  -2 -12
 -3  10  15 -14
 13 -19 -15  15
  2 -11 -11 -20
 13  18  20   2
 21 -18  16  -8
  3 -14   3   9
-24  17   0 -23
  4 -18   1  18
  6   3 -21  24
 24 -11  -3 -13
  6 -24 -22  22
 -1 -18  -8  20
-16  -1 -17  -5
 -1   9   5  11
 -8  -1  11   5
-10   5 -11   4
-12  19 -23 -23
-19 -22 -21  10
 -2 -22  18 -16
 23 -17  -4  -6
 21  -8  15   8
 18  -2   0 -17
  5 -19  15  24
  8 -11 -12   2
-13  -7 -20  20
 -2   6   2  -1
 -9  16 -23  12
 12 -13 -12  19
-14   9 -12 -12
-20 -20  -5  -3
 15  14   6  13
 21  24  22   7
-19   1 -16  -1
 -2  15   5  -5
 -7  23  13 -22
 14 -20   5  23
  4 -17 -20  22
 11 -14  -1  18
-18  18  -7  19
 17  11 -24 -17
 14  19  -7   5
-20  20  18   0
  5  22  21 -13
 -2  15   8  18
 -1  17  21 -15
 16  -7  -5   1
 -5   4   9  23
 21   3 -15 -24
-15   6   2 -15
 -9  16   9 -12
 24   0 -21   2
  5  19 -20  -3
-14 -15   1 -21
 13  -3 -22  24
 -5  11  14 -16
-11  -6  -4  21
 10  -6 -20 -19
  4  23  17  15
-23  11 -10 -15
 -6  14 -22  15
 23 -10 -13 -17
  9  -1  10  -1
-16  -9 -11  24
  1  20   5  -6
 11 -15   8  24
  5  -3  24  10
 11  -3  -1 -20
  4 -15 -12 -21
-13 -11  -8   3
-16   4   4 -18
-13   6  -7 -19
 17   7  11   1
 21  24  21  18
  4  18 -14 -20
-24  -5  -4  17
 -6  11 -15  24
 21  -9  -6  16
-12  -7  -5  15
-13 -12  -7  11
 24  22   7   1
 -1   0   6  23
-20  11 -17  -4
 -5  13  15  11
-10 -19  11  -2
  3  13  23  23
 13 -11 -10  13
 17  -6 -12 -10
 21   6 -11  -6
 16   4  -8 -15
 17   6  11  -9
 -8 -18  -9   6
 23   5   7 -15
  7  -3  -4  -6
-21   9  -8  -2
  4 -14 -24  -8
  7  11 -21  23
 -6  -5   0  14
-22  -1  -4 -10
 21  -7  22  15
 -6 -11 -22  14
  0  -5  14  -7
-20  14  -2  20
 14   5   5  12
 -9  -5  23  15
-14   0 -22  21
-10  21  -7 -10
  8  14 -17 -10
 -9   3  21   8
 10 -17   6  11
 14 -13  14  -1
  0  -3  -1  -1
 10 -20 -16 -21
  4  10  -1  18
-13  -3  17  -9
  8  -1  -9   7
  4 -12  16  18
-12   2 -13 -13
 19  -2  -7  14
  5 -17   6  13
 -4 -14  15  19
 -4  11  14   1
  7 -19  -6   6
 -6  22 -14  12
  0  10  -4  -6
  1  22 -17  15
-11   4  -5  -4
 11   0   6 -21
 22  -9 -12   5
 15  -7  23  -8
-13   0 -19  22
-21   7 -17 -10
 10  -2  21 -19
-17 -13 -16 -13
 -5 -10  -1  -5
 24  -3   3 -17
 -2  15 -23 -19
-15  14 -21  23
-21  10 -24  10
 -9 -15   7  12
 -1  -9   5   3
  5  23  18   2
 17   0  -1   4
  0  13  -1  -6
-20  17  11 -16
 -6  15   1 -15
-12 -23   1   5
 -1   3   4   5
-21  -3 -18 -23
  4 -10   9   2
 24  13 -10  -9
 13 -21  21  10
 24   2  -8  24
-12 -10  18  -8
 24   6 -10   4
  4  -4  13 -19
-24  22   3  18
 -3  21 -16 -23