 23 -22   1  23
 13  12 -17 -20
-17 -22  -8   4
 20  23  19  13
 14  -6  -1 -15
-19  -2 -15   1
  7 -17  -8  22
 22  -8  21   1
 -1  10   9 -13
  4  -8  12   0
  9 -15  19 -12
-23  19   8 -12
 18 -18   0  -6
  4   7  10  14
-16  -2   9 -16
  5  13  21  10
 -8  19  -9  -9
 22  19   4  -2
  3   9  -5 -15
-23 -14 -15 -20
  1 -10  23   9
 17 -21   6  -9
 -8  -2 -18   8
-23  -3 -17  -8
 -5 -16  20 -20
-13  -7  -6 -15
 -4 -20  -4   7
 -2  23  -6  23
-14   7 -16   5
 22 -19  24 -23
 -7   4   1  -5
 -6  -8   9 -13
 -9 -22 -15  11
  4  -5 -11  24
 22 -20   3  -4
  7  12  -1  14
 -3 -12  12 -22
 24 -21   1 -18
-12  20  -9   0
 13  -2 -10  -7
  0   8  -5  12
 23   2  10  -2
  7   6   0 -14
  2  -9  -6  24
 -7 -11   0  23
-23  -7  24  -1
-11 -19  19 -19
 -2  15  -7 -22
  6  -8  -5   3
 13  13  16  -7
 19  -2 -23 -13
 -6   6 -15 -14
-23  24 -22 -21
 20  -9  18 -14
 -4   0   7  21
-13  11  22 -23
-14   8 -21  -4
 -9  -1  15  10
-18  -3 -21  11
 11  17  -2  12
 14  18 -21 -20
  3  -9 -20  -3
 10 -24 -18  19
  6 -15 -12   3
 -8  22  -5  -4
 15 -19 -21   6
 17 -10  -2   8
-10 -12 -19   1
 -6   3  14  -6
 21  11 -11   3
-24   0  -6   9
  7 -16   0 -17
  2   9 -17  21
-14   4 -20 -17
  9  10   3  -4
  7  13 -21  17
 -8 -22 -16 -17
  8   5  10  18
-20  15  -1  23
 23 -23 -20   3
 -7  15 -19  -4
 23 -20 -15 -12
 21 -13  16  -3
 10 -17 -16   1
 16 -19  15  -5
-14 -12 -10 -16
-17   2   6 -12
-10  17 -15 -23
 -6   0  12  20
 22  21  -2  -3
-15 -17  17 -12
-20  19 -12  13
 16 -11 -17 -16
 12  14   2   7
-20  23 -10   5
-11  15  24  12
 21  -9  19  -6
 24 -18 -19 -13
-10  23 -15 -14
 -5  18  -4  17
 17  11  10   6
  4  15   6  23
-17 -20 -11  -8
-18  -5  -1  -8
-18   2 -11  10
 10 -15 -11   2
 -3  23   7 -24
  1   4  14  17
 22  12  16  23
 16  19 -16  16
  0 -23  15  -6
  9  23  -5  19
-22  22  -6  20
-19  23  16  -4
 -5  11  -5 -19
-22  -2  13  18
 -4  10 -24   9
 -7  21 -15  -8
-17  13 -21  13
 14  -5   1   2
 16   4 -15 -17
-16  -8 -21   4
  5   7 -22 -10
 20   1  16 -21
 18  11   8  20
  6   1 -19  13
 22  15 -17  22
  1  12 -15  17
 -2   3 -17  -4
 12 -14   3   3
 -8  -7 -11  -3
 24  -7  23  11
 14   8  21 -16
-13  19  23 -19
 -6  11 -12  21
 -4  20 -15   7
-19  -9  24  16
 -3   4  13  13
 11 -11 -13  17
 23 -13 -22  10
  4   6  23  23
 -3  19   2 -20
 16 -13   6 -14
-21  23   6  19
-14   5  15  -3
-14 -10   5  20
 15  -8 -11   0
-15  -8 -19 -17
  0  19   4 -22
 -4 -23 -12   9
-12  -8  21 -24
 20  21  14   6
  1 -22   5  13
 19 -24   0   0
 -4   7   4  13
-24   4  21  14
  5   8 -18   5
  6 -15  23   0
-13 -16  13  -2
 13  -6  20  17
  4  -2 -16  -6
-14  -4  12   7
-23  15  17   6
 -9 -24   2  24
-12  16   6 -19
 22  19  11 -11
-23  24  24 -16
-12  21 -24   4
 21  -4 -19   8
 22 -13   2  12
 13 -11 -24   1
 10  11  13  15
-19 -14 -13   4
-23 -16 -14  11
-17 -24   1  10
-14 -14 -14  17
 19  14  21   8
  0  10  19  17
 20  -3 -17 -10
 20   3   9  21
  5 -24  15  14
-11   7 -20   4
 23  19   9 -18
-24   2   8  -9
 -5 -20 -22   9
-13  23   5  -3
  1  -2   7  -6
-15  -7   1  20
-13 -19   5   7
 16  17 -19  23
  5  12  -6  12
  6  17  14 -23
 18  -9 -24  -8
  7  -2  10  20
  4 -20  13 -18
 24   3  -2  -6
-19 -22  11  24
 -6  24  21 -14
 10 -10   0  13
  7  -6  -5  16
 11  20   4  -1
-23  -4  15  -7
 -6 -14  -9  -8
  7 -18  23  -2
-23  -8  -3 -11
  4 -14 -10  23
  2   8 -18  22
 -6  15 -23   9
 14  16  13   6
  5 -16 -12 -19
 -2  16  10  15
 16  -3  24 -18
 -6 -17  -3  23
 -6 -23   6  14
-16  -3  -8  -8
 20  17   6 -11
-17  -6 -20   2
 -6 -12   8 -14
 13  21 -22   7
  7  21 -23  -7
  1   3  -6   0
 -3  20   4 -12
 -8  -3  20  19
  8   9  12   4
 -3 -11  23   2
 13 -12 -10 -17
 17 -24  -5 -18
 21  19   1  17
-11   1 -19  14
-24   0   6   0
 -4  -3  17 -10
-10  -5  -4 -15
 18  -4  13 -22
 13  22 -15  13
 -5 -11  20 -18
-14  20  24  12
-13 -18 -15 -24
 19 -14 -17   4
-16  17  -2 -22
 12 -19   6 -20
  4   7 -15 -11
  2  -4 -23   4
  8   0  20  20
-14   7 -18   5
 22 -15 -22 -14
-24 -21   8 -10
  3  22 -10  23
 16 -16 -12   6
  2   3 -14 -11
  0   5 -13   6
 17 -18 -13  -6
 21  16  15  -8
 22 -15 -11  13
  5  13   0 -19
 16  18   6   8
-21   8   5   4
-16 -11 -17 -16
-14 -22   5  18
-23 -13  -5   6
  2 -18  22   7
-13 -14 -23  21
 -4   2  13  18
 -2  20  17  -6
 24  14  14 -17
 21  20  19  19
 -9  -5  21   8
 13  -3  21   7
-18 -21 -22 -17
  5  22 -22 -23
 -4   9   5 -24
 -9   2 -21  21
-18 -11  12   4
 17  23 -18 -21
 -9  12  -2 -13
-16   1  11 -11
-16   7 -19 -20
-18  15   5  15
-22 -10  -6 -11
  9   6   5 -24
 -9 -24   0   8
  1 -21  14  16
 19 -11   1 -14
-12  22 -16  13
  5  24  19   8
 -3   7   9  12
 14 -10  19   0
 23  15   6  17
 20 -11  -7 -14
  2  18  -8   8
-12 -24  -3  22
  5   9 -22  14
 12 -19  12 -16
  4  21   7  18
-12 -24 -19 -16
 16   3  18   3
-16  -5 -13   0
-21   3   7   0
 20   2  13  21
-13   4 -20 -23
-17  20  23 -19
 13   7  -4   3
-12  15  12  15
 22   1  12   0
 21 -17  -2  -3
  5  21 -18  23
-16  -8  -8 -15
 18 -10  16 -11
 -3   0  -2  -6
  1  11  23  17
 -5  -8  -2  13
 14  23  -7 -20
  2   6  19  17
 19 -18  23 -24
 -3  -1  -7 -20
 17 -20 -15 -14
-21  -5  -1   2
  2 -16  13  -9
 15   8  -9  21
  6  22   7  -7
  4 -19   1  -6
 15   0   7   2
-18  -2  12  13
 22   9 -14  -5
 -2 -14  13 -10
-10   7  20  15
-14  21  23 -17
  1   3 -20 -23
-15  11  -2  -2
  6   4 -21   4
-12 -11 -24  13
 23  -9  -7 -22
-15  -1  -7 -19
 14 -24 -21 -23
 19  10  -2   3
  8 -11 -16  -7
 11   0  -9  12
-11  24  11   9
 12  -7  -2  16
-14  -8 -23 -18
 16   8  10   8
-23  12  14   5
 -8  21 -20  22
 -8   5   8  24
 23   9   2  23
-12   7  23  17
  9  10  -9   5
-24  -5  -7  24
-14  10  -9 -23
  0  -3  21 -15
-13 -11  13   6
-16 -11  23  22
 24 -22   6  19
-24 -19  -9   1
  6 -21  23   7
-10   7   6 -24
-19 -24 -18 -23
-14   0   3 -17
 21 -13 -24 -22
 19  12   6   2
 18 -18   7 -18
  6 -20 -23 -19
  7  -2 -15 -10
 -5   6   2 -10
 -1  18  24  -6
 -9   4  12 -11
 -2  13   9  13
-11  -9  15  -9
-12 -14  -2 -15
-14  17  21 -18
  2  -6 -12  19
-24  -4  -4  24
  6   5   3  20
 12 -13 -12 -21
 15 -18 -12  -7
-17   4 -17  18
  4  -4  16   0
 23  -7 -24   8
 -3 -16 -11  -8
 -2 -12 -14  -6
-21 -21  -3 -12
 -3 -16  -6  -4
  2  16  18 -17
 14   7  23  -7
  8  19  -4  10
-10  13  -3  24
-19 -12  15   5
-15  21  -8  -9
-15  -5   3   1
-23  19  -2 -15
-11   3  12   0
-11 -19 -19   6
 13   2   2  22
-23 -20 -18 -17
-10 -11   7   2
 -7 -20 -16  -1
  2   7  -1 -15
 -9  23  12 -21
 11 -19  24  19
 23 -21 -19 -17
-14 -16   9  -8
-16 -10  22  -2
  5  -8  -6 -22
-10 -13  -4  12
 18  20   3  19
 -8 -10 -12 -18
  2  23  19   3
-21 -10  -1 -15
 -2 -21  20   6
 -5  19  -6 -10
  4  22  12 -19
-20 -13  22   7
-15  12 -14   8
  0   7   8  -8
 -6  10 -20  19
  1  -4 -23 -13
-23 -12  21  12
 15 -21 -20  22
-15   8 -23   1
 -9  24  -7  17
 16 -14  12 -19
 -2  20 -21 -18
  5   2   6  19
 -1  16   2 -13
 -3 -20 -20 -21
-12   7   3  12
  1 -16 -13  11
  2  15  -5 -23
 15  21  10   7
 15  16  24   6
  5 -15 -19  22
-20 -12  23   9
  2 -10   6  15
 -4   7  11  -3
 20   0  -6  18
  6  18  24 -10
 18   3  -6  -9
-12   9   7   1
 15 -21  20  10
-19  22  21 -23
-19   0   0 -19
 24 -11   8 -21
-14  23  -3  17
 -9 -13  23  13
-23  18 -22 -10
-21 -14 -24  13
 10  16  17   2
 -5 -11   6   1
 16 -24  22  16
 20  -7 -14  -5
 20  24  -9  -8
 17  -1   1  21
-11 -19  15  -8
  1 -13 -17 -16
  2  -4 -12  -4
 -8  10  16   9
-18  19   2  23
-20 -12   8 -24
 -2  12   3 -10
-11  12  -5  21
 -5  14  -8  24
 13 -19  18   8
-18 -14 -23  21
 11 -11  15  22
-20  12 -22  -2
 15  -6  -6 -21
  7 -21  14   1
-22   9   4   6
 11  -8  -6  23
  0   7  17 -13
-19 -22  -7  15
-12 -11  16 -18
-20  -7  15  21
-10  14  10  -1
 23   3  19   2
-21 -21   4  -7
 12 -17 -24   0
  1   8 -22  -5
 16 -20  15 -19
 21 -17  18   0
 12   8   3  20
 14  -1  -5  10
 15  12  18  24
-18 -12  10 -16
 19 -23  -3  23
-12 -10  11  11
  6   8 -22 -14
 24 -21   0   6
-18  15 -14  13
-22  17 -15  16
-11  14  -1 -17
 -1  -2  22   8
-14 -19 -11 -20
 19 -23  19   9
  0 -15 -14  22
 16 -18  13 -10
-19   3  20  -5
 18 -15   5  -5
 20 -21  -5 -17
  3  -5  17 -14
 -1   8 -10 -19
-13  18  -3 -11
 22  11  18  -6
  1   3 -11  19
 23  17 -14  14
 23  -7  -7  -4
-22  -8   4   8
-23 -10  -1  -6
 23  17 -21  20
 -6 -20   5   2
 -5 -23  20  10
-12  -3 -17   1
 13  -1  24  12