 -2   1  17  -3
  1  -4 -24  -8
 -5   0 -10 -16
  4 -16 -24 -19
  9   5   9  23
-19 -22  19 -20
 16  21  18  20
 -6  20   9 -11
 -1   8   1 -18
  6  13 -13   0
-22 -12 -22  -7
  6  -5   4 -24
-19  -7 -18  18
 -9  19  24 -14
 18 -17  15  23
-15  24   9   4
-23 -22   2  14
  1  -9  -2   8
-20   3  -8 -11
-22 -19  14   9
  4 -21 -15 -16
 15  -1  -2 -17
 -5 -22 -12   9
  7  18  12  11
  1  -2 -16 -16
 16  11  21   0
 -8   7  -1  14
-22 -23   9   6
  1   4 -15  17
  4   0  -4  -7
-15   3  24   7
 -2   2  -1  17
 22 -13 -14   6
-20 -18   9  -3
 24  -9  19  -2
-14 -13  14 -19
  3  15  15 -16
-12  18 -17  -8
 14   0 -10   4
 14   4   4  10
-13  -9 -19 -23
 16 -17   0  -1
  9 -21  10 -18
  5  -9 -10  10
 16 -11 -10 -18
 23  13  18   5
 15  13  10  23
 18  20 -14 -16
  5   2   5 -22
  9  14 -22 -14
-18 -24  18 -22
-15  -8  -8  11
  3  19 -18  11
 20  12   7  11
 -1  -7   5  -7
 -7  11   9  19
-20  22  10  -1
 -1 -24   8 -15
  0   2 -12   8
-14  18  21  12
-17 -12 -18  -7
-21 -21  -8   6
 -9  16 -19  22
 24  14  23  -3
-24 -15   4   3
  4 -14  22  21
  7  23   5 -18
 -5   4 -16  -3
  6  -3   8  -4
 16   7  16 -16
-17  -3   6  21
 21 -24  21 -22
 -9  -1  -2  -4
 23 -19   8   0
-23  20   8   9
 -1 -12  -5  13
-22 -15  21  18
 20  14  -9  22
-17  15  15  -2
 22  13  10 -24
 23 -21 -19 -17
  5   1 -17 -23
 13 -14  21 -20
 15 -13   3  15
 -5   2 -22   0
 13 -22  22  10
  8 -11  11  10
  0  -2 -21 -19
 17  20  -4  -8
  3   3   3  11
  3  16   4  10
 22 -13  12   8
  1  20  -4  20
  1 -22 -17 -22
-10   2   8  10
 21   0  -1   9
  6 -13  -8  -9
  5 -11 -23  12
 -6 -18   6   1
 24   3  10 -23
 -7  -7 -18 -14
 23  10 -18 -18
  9   4  -4  13
 19   0  11  12
 18  19  -2 -22
 13  14 -14   9
 11   3 -21  -2
-17 -12   3 -16
-11  11 -10  18
 23  -3  -9  -9
  1 -24  22   2
 16 -13 -22   3
 13  12  16 -19
-19  -6 -12   7
  3 -19  12   7
 20  22   6 -21
  0 -10  16   8
-13  15   7 -22
  7 -21  13 -17
-13 -16   0  10
  1  24 -23 -10
  4  -6 -24 -13
 17 -16 -16  21
 15 -17  -2 -15
-22  15  12  22
-21   6   3  -6
  0 -20  -8  20
 18   7  24  11
 18  -5   9 -20
-19  12  -4   6
-23  22  -3 -17
 11 -21 -12  -5
-16 -12 -17  24
  3  21  -9  21
-10 -21  10  13
-16 -24   9  13
 15  -4  -8 -14
-24  16   8 -23
 -8  -3   8 -11
 20 -18  -7  17
  8 -14  10  22
-23 -20  16   2
-17  14  21  20
 20   9  -3  17
-18   0  -4  20
 23 -10 -13   6
-15 -10 -12  15
 19  -9 -13  -4
 12  18   6 -14
-13  20 -14  21
-23 -10 -13  16
 20   8  17  -9
 13  -9  -8  -4
  1 -23   3  -1
 16  -1   2 -24
 -7   3  10   2
 11 -23  -8  21
-19 -15  -2  24
 22 -18 -13  24
  9  -2   6  21
 17   0  24  -9
 -4   4 -22   0
 17 -21 -19  -5
 24 -21 -13  -2
 12  -3  -3  -5
-13  -7  -2 -22
 18  -6  11 -21
  5  20  17  19
  1  -9 -12  16
-12  10  20  16
-20   6 -20   4
 -3 -13 -12 -11
 10  22  20  21
  5 -21  22  13
 15   7 -15   1
-11   9  -7  21
-20  11  -8  20
  7  12 -13   9
-10 -20 -12  19
-12 -10  20 -12
 -9  12  12 -12
  3   6  -6  20
 13  15  -3  20
  3  23 -21  22
 11  10 -16  23
 20  17  17   6
 18 -10 -19   5
 -3   5   4 -17
 12  10  18 -13
-20  14 -14  15
  4 -19 -16  -6
 -8   8  18  15
  6  24 -14   9
 24 -17  -2  20
-23  -2  -8 -17
 15 -24  22   4
-15 -22  23  23
-23  13  10  23
 -2 -21  -2  11
 -4   3 -11  12
 19   9 -17  14
  7  23  21   2
 -1  -2  14 -14
-10 -14  21 -19
-14  -1   3  -8
-18   5  21   7
 -6 -10 -20  14
 -8 -12   7  -8
-20 -18  13   1
-19  -8   3  -6
  0  24  24 -13
 -3  -3 -16   4
 12  17  -1  -4
  3  -3  11 -22
 -5   5 -20  17
 17 -20   2   9
 -7  -1  18 -22
  7 -15  -3  -3
-22   4  -4  -8
-23  -2  15 -16
 -6  -4   9  16
 -2  10 -13  -8
  1 -17  13  10
 -9  18  10   7
 11  -6 -16 -16
 11   9 -19   4
 10  15  18  -2
  2 -11  -6  -3
 -5  12  14 -18
-13 -20   6  14
 -3   8  22  -6
 24  24   8   4
-10 -18  21 -13
-11 -24  -2  23
 20  13  21  13
 24  13 -19  -4
-23  -9 -13 -13
  0   2  -2 -16
-20   5 -23   2
  1 -24  13  16
 -3   7 -16   2
-21 -14  20  14
 23   4 -20  -5
-14  10 -11 -20
 14  -5 -17  20
 20   4 -14   3
-23 -18 -14  18
 16  13  -8   2
-12   3 -10  18
 -6  10   3 -15
 11  16 -16  16
 24  11  15 -18
-23  20   1   0
  2 -10  16   7
 14  -3 -17  10
 22 -15  18  14
 13 -16  24   7
 12 -10  -6 -21
  6 -16   1 -14
-24  16   4   7
 -7  -6   9   0
 11  13  11  -4
 17  17 -18   9
 14   0  -8 -15
  6  18  -2 -20
-10 -11 -14  11
-11   9 -22   4
 18   5  10 -15
-18 -22  18  14
-20  17  -3 -14
-15   0  21  23
 18  23 -24  -9
-11 -10  -8  18
-15  18 -15 -24
  6  16 -13  24
 13 -11  -5  17
 18 -23 -19   8
 22 -11  11   6
 19  16 -21 -14
 11   8   4   5
 14  -4  17  -9
-15 -16 -20 -23
-15  22  18 -23
 -6  23  12 -10
-22 -24  23  -7
-10  12   8   4
 -7  24  -2  20
 -1  21 -18  -4
  9  22   3 -11
  2   2  -4  -6
-13 -14  18   8
-14  19  11   5
 -3  -3   1 -22
-17 -24   0  -8
 -2  22 -15   6
 -4 -18  -8 -15
 -7  18 -16 -21
 -5 -17 -16  19
  6 -21   1  18
 -9 -24 -12   9
-18 -16  -9 -24
  2  -9   4   4
-22  14  23  -4
  3 -23  -5 -11
-11 -21  19  16
 15  12  18   5
-17 -18  20  -9
  8 -20  -5 -23
 23  -4  21  14
 22   5 -21   9
-15   6  -3 -15
  5 -23 -12   5
 -8  11   1 -13
 -1  -1  20 -22
  1  11  -1 -17
  3   7  -8  13
-20  20 -10 -24
  9  -9   9 -23
 22 -19   7 -22
 -5  -5 -20   7
 13 -17  23   1
 -8  -6  20  16
-21 -13  -1 -10
  0 -17  16 -13
 15  -9  20   6
-21   9  -6 -24
 23  23 -16  17
 -3  19  10 -20
 -5  23  -2   1
  9  -2 -16   1
  3  21  16  -8
-14 -13   8  19
 14  -9  13  17
-23  20  14 -20
 23  11 -18  -5
-13  21 -17  -6
-20  12  -1 -19
 10  -7 -11  13
 -9  -6   5 -18
 24  22   6 -16
  3  13  13  18
-21 -11  -7 -21
 21 -11  19 -24
 -4  12 -24   5
 -6  -2 -23 -24
 -5  -7   4  13
 -2  23 -24  19
-13  10 -23  18
-14   2  16  -9
 -5 -22   6  14
  4 -19 -22 -17
-22 -11   6 -16
 -4  24  16 -16
  9   2  16 -14
 14  16  18  19
-19  21   8  -5
 22  -4  10  -2
 17   1  -2  17
 10  19  23 -13
-13 -13  -9 -17
-17 -11   1   8
  8  17 -11  11
-10  21  -1   7
 -5  23  12  -3
 -8 -21 -22   7
-19  -7   5  10
-21  17  -4 -23
-14 -16   9 -24
-16   9 -13 -15
-19 -12  20   4
 13   1  -4 -23
 23  20  23 -14
 -8  11   1   0
 23  -4  20 -19
-12  -6  20  18
  8 -17  21  -1
  4 -12   6  17
  5   4   3 -15
 18  -6  -9   0
 18 -23   1  13
-15  -7   8 -17
  7   1  13  -6
 24  -3   3  17
 10   3   5 -10
 -7  11 -18 -23
  5  24   5   8
  5  -6 -21   2
-12 -17  24 -22
 24  -7 -13   5
 14 -11  -6 -13
-23  -8  -4 -19
 18 -12 -18 -14
  2  17 -12  13
 22 -16  -9 -16
 16  24  20  24
 14   4  16  -1
 -4  -1  10   8
-11  -5   9 -22
 14 -22   7   9
 19   3 -11  20
-14   6 -16  16
 11   3   1  16
-24   5   1   0
-23   4 -24  18
 18 -20 -12   2
  3  -8  -5  24
 21 -12  15  24
 19  21  24 -24
-19  11  -8  11
 17 -10  -8 -17
-15   3 -19 -22
 24   0  18 -14
 -6 -20 -13  -2
 20  21   9  19
-16  -6  -7  -4
  8   6 -23 -15
-17   5   9   9
-12  14   2   8
  7  -6  19  24
 14  10   6  -9
  6 -14 -24 -13
 18  21 -21  14
-13 -18 -16  -8
 24  24  -9  15
 16   2  -9 -20
 17  21   0 -12
 17  14   9 -24
-24  -5 -11 -24
 16 -14 -13 -21
 12   5 -18   9
 12  24  -1  22
 -5  -9 -19  -8
-12  16   6  -9
 17  -2  23 -15
 21 -24  -7  17
  9  -9  -7  17
 15  -1   6  17
-22 -16 -13 -22
-12  18   1 -23
  1 -22 -15 -19
-15  22  -7 -21
 19 -12   1 -20
 -5  18 -21  11
 -2 -24  22 -15
-11 -24  -1 -17
 -9  21 -22   6
 -4   9  10  16
  1 -15  24 -19
-17  11 -19  -3
 -1   4  -3  13
-22   8   6 -23
-19  -7 -12   7
-24 -10  20  -5
 -8 -10  -7 -15
 -5  18  16  22
  5  -8 -13  12
  0  -3  20  12
 22  -9   7  21
 17 -13 -23  -5
-23  -8   8  -9
-15  17 -10  -4
-14   1  10 -23
 -6 -19 -15  -1
 -1  14   4 -12
 13 -18  -5   0
  2  18   5  -5
-24   2  20  -2
 24  11   3 -19
-10  17   2  -9
 -3  -1   2   7
-23 -18  -7   8
 20   0   0   3
-11  24  10 -23
-24  16   8  24
  1  -4  -5   3
 23  -8  -9  16
-17  14  12  -4
 12 -14  24   7
 -6 -13   3   8
-10  14  19 -14
-23   6 -24 -16
 16  20 -15   2
 -4   5  14  24
-19  -1 -15 -24
-13  24   6  10
 -6  17 -12  22
 17   5  20   0
-15 -15   6 -10
-22 -20  18   6
 17  16 -15   4
 19 -19 -14 -14
-15  23 -16   1
 12  23  21  21
-13  12  -7 -18
-20   8  -1 -11
  2  -9  22   0
-21  -2  -1  17
-16 -11  19  22
 -6  -1  18  12
 20 -18  -7 -14
  8   6   8   2
-10 -23  21   2
  0  -5 -19 -22
 -9  -9  -7  18
-21   2 -14 -21
 21 -19 -10 -12
-24  11 -14 -12
  2  18   9  23
-14 -24  19 -17
 -6 -20   1   4
-10  -9 -13 -19
-19   7  23  18