 12 -11 -11  15
 20  19 -15  -5
-20  13  11 -16
 15  -1 -21 -20
 17  -7 -23   1
  6  19  22  11
 22 -16   4  23
 -3 -20  -7  -2
-12  15  22  14
 14  20 -24   8
-11  14  20  10
 13 -15  17   9
-24  11  23  14
 18   0 -14 -20
 -7  14  21  17
 15 -11 -10  -8
-21   6 -14  -3
-24 -15  17 -18
 15  -9  13  -2
  3 -15  19  21
 -5 -10  11 -16
  4  -7 -21   7
-21  -9 -16   6
-19   3  19 -19
 20  21  -9  11
 17 -19   0 -24
-11  18 -11  -9
 12  -9  -8 -21
 16   2   1 -23
 -1  22  12  20
  4 -16   5  14
  3 -15 -17 -14
  5  -3   5  14
  2  -9  10 -19
 22  -7 -24  12
 21  -2  11 -17
-19  -7  23  -1
 -4  20  10  16
  9  -3 -18 -16
  1  -1  22  -5
-21 -10 -11   6
 -7  -7   4 -13
-14 -16  10  14
  8  22  20  -1
  7  14 -19  -7
 -3   3 -17   2
  3  12 -22 -10
-13 -16  10 -11
-20   4   0 -20
 -1 -14  -6 -10
-12  19 -15   9
-24   8  15  16
  2  12  23 -23
 17  21  22  -7
-22  18  10  -1
  0   3  23 -23
-10  16  -6 -11
 12  17 -20  -8
 -5  -3 -17  11
 18   8   4  -4
  6 -12  24  16
-12  -5 -12  23
-19  -2 -19   9
-16  12  12 -22
 22 -16 -17  24
 14  -1  -5  -3
-21  -8 -12  19
 21  14 -17   1
-24 -13  -8  -7
  2   9  12  14
 -5 -12 -21 -16
-10  -9 -10 -13
 24  19  12 -23
  4  16   0 -18
 -1  12  15  -6
 22  15   7   7
  9  13   7   4
 15 -16  -5  12
  4   9  13  21
 22 -13 -19  -1
 13 -14  13  -3
  5  -3   5  14
 -5  13  -6  15
-10 -20 -20  17
 -8 -21  17  -4
 -2  20   4   1
  1 -11  18  20
-15  24  15 -20
 -1 -13 -15 -11
 16 -22 -19   8
 16  23  -9  24
  2   1 -24 -17
 -3 -22 -18 -16
-22  -5   9   2
 24  -9  17 -11
 20  14 -18  -9
-24 -20 -20  -6
  0  20  13   8
-23  19  14   4
 -9   6   1  -5
 -3  15   9  -3
 -8 -23   4  21
 -7 -12  -7  -5
 -1  22 -21   4
  7  -8   1   8
  9 -15 -11  -4
 14  -5  15 -16
-23   1 -11 -24
-19  -3  12  21
 -3   0  -5  -5
 14   9  21 -17
-12   3   6  18
-16 -13   5  -8
 -9 -14  -7   8
 21  15 -16   8
 17 -17  -7 -23
-12  19 -11  21
-14  -4 -17 -10
-17  20 -19  -8
 21  -2 -13 -19
 11   8  -4   8
-23   8   5  24
  3  -9  10   5
 -8 -17   7 -15
-15 -10  16  15
 -3 -23  18 -24
  9  12   9  16
 18 -17   1   8
-15 -19   7   3
 -9  -5  23   8
 14   1  -2   7
-10 -24  -5  24
 -9  19 -13  -8
 12 -13   9 -18
-16   4   6 -24
-12 -12   1 -24
 -5 -16 -10  18
 16 -11   0  21
-20  11 -13 -19
-16   3 -21   4
 11  -8  19  -8
  5 -24   8  19
 23  12  21 -18
-18  14   6  -6
-22   1  -2  -5
 -3  -2 -21   4
  6  -3 -11   2
  5 -22 -20  -6
-19 -23  24  -1
 11 -19  11  23
 20 -23 -19   4
-12   1  -8 -19
-17  19 -13   8
 18  24   5 -21
 22 -18  21  13
-18 -18  15   3
 -4 -12 -11 -20
 -9  17  22  13
-11   4 -24 -23
-22  -1   8  20
 10  -9  -5   7
 -5   3  -2  13
 13 -16   5 -21
-23  -9  -2 -10
 -2 -20  15   3
  1 -21 -13   5
 23  14  -9  20
-22  -9   4  -2
  9  16  17 -23
 18  -7   1 -21
-10  16  20   4
  9  -7  -6  16
 22  -8  11  24
-20  -6  -7 -14
 19 -20  10  21
 -5 -16  -4  24
 -9  11  -1  13
  7 -10 -13 -10
-10  11 -20   4
-10 -16  14 -15
 -9   7  -8  21
 13  -8 -21   0
 -2  -8   8 -24
 20 -15  16 -12
 16  19 -13 -11
-16 -10  19   6
  1 -10 -12 -20
 20 -16 -13 -24
 10 -19  18 -19
-11  -2   6 -13
-15  -6 -19  -2
 17  24  -5  24
  7 -12 -11  12
 19  -2   5   1
-11   2  -2 -22
  8  21   6 -11
 12  22  -3  10
-16   5  -3  -6
 19 -15   7 -23
-10 -12  13   7
  3  22  17  13
  0  -3  19 -21
  4  -9 -21   3
-18   9  -3  18
-19  -2  18 -22
  7 -21  -3   1
  1  19  22  16
  0  -2   3  17
 -3 -17   5 -10
 20   1  22 -23
-12   1  -6 -14
 10 -15  -5 -24
  1  13 -17  -7
 -6 -20 -15 -11
  6  13 -10   6
-16   4  -4  24
  2 -19 -21  -8
 12  -9 -24  -2
 -3  23 -13 -20
-18 -22  -1 -22
-20 -18  10  -1
  1 -20   6  15
-11  -3   8 -15
-11  23  16  12
-15  17   3 -24
 -7   6 -14   5
-12   0   6 -11
  2  20  13 -21
  1 -17 -21   0
 -4 -19  18 -22
 22  11   0 -20
  0  -6  -3   8
 -4   5 -19  -3
 -8 -22  15 -12
 23 -11  20  23
 14 -23   0 -14
 -9 -18   5   0
 17 -23   4  17
 22  17 -15   7
 16  -8 -18  14
 -7 -11  -9  22
-23 -24 -15 -10
  5   4   3 -10
 -7  18  16 -18
-22  22 -22 -21
 13  14   0 -10
 21 -16 -24  19
 -1  -4 -23 -24
-10  -8  -7 -11
 10   1  15  -3
  2  -1 -15  21
-17  -2   5  20
  6 -18 -14   1
 14  16   5  14
 -3 -17  -4   2
 21  22  10 -13
  3  -6  24 -19
 -1  12  -3  -4
  9   7 -11   1
 -4   3   1 -10
 -1  18  20  16
 24 -13  14 -23
 14  22 -16  13
  6 -14   5 -22
 -6   1   1 -21
 19 -21 -10 -16
 22  17  -4   2
-22   4  19  18
  1 -22  18  19
-20  24  15  19
 21  14   7  -7
-24  13  21 -16
 -4  12 -10  -6
-13 -14  17   5
  7   1  -3 -18
 12   2 -21   1
-24  -3  17   6
-22 -17 -19 -10
  5 -10  17  14
-17  -5   1  -3
-12 -13  16  -1
  6   6  11 -17
 -6 -22   5 -21
 23  11 -10 -13
 20   6   2   3
 10  15 -22  -7
-19  13   8 -21
-24   7   9  -9
 20 -18   7 -15
-21 -23  10  12
-18 -22 -17 -20
 -6 -23  18 -15
  6   6  13  -7
 17 -10 -17  -4
  4  21  17 -19
-23  20  -4  10
 17 -16   2 -17
 -9   9 -16 -22
-11 -15   6 -14
 24   5   7 -12
-23 -11  -3 -22
  6  12  21  -3
  0  -2 -23  -8
 14 -21   4  18
 11 -21   2  19
  0 -21  14  24
-21 -17  12 -12
  4  -3   1  22
-16  -3  18   1
  6  21 -20  -2
 -4  -7 -13   4
 22   1   0   6
  7  -4  20 -10
-16   8  -9  13
-24   0  20 -15
-22 -10   1  19
 -5 -19  19 -15
 11  14  -8   0
 21   6  22 -16
 24  -9   1 -22
 23  -7  12  -6
-17 -20  20  -7
 15  20 -10  -7
 22 -18  -4   4
 -7  -9  12  23
 23 -24 -12   0
 -8  24 -19   0
-23   6   2 -16
 14  23  -5 -23
 11 -10  14   2
  5  15  23 -24
  9 -18 -20   2
 22 -11 -21  19
-19 -23 -12   6
-22  -7 -23  23
-16  -5   2  22
  9  -7  21  -4
-12  20  23 -15
 -8  14  19  21
 -9  20 -14  -7
 15 -16  -9 -12
-12 -15 -21 -18
 -1  17   1   4
-18   6   4  16
 14  23 -24   1
-16   2   8   4
 -6 -16  10 -14
-16   2 -21  16
-11  12   9  21
 17  10  -4   4
-20   6   9  24
-14 -20 -24  -2
-18 -17 -18   2
-15  16   3  20
 23 -24   9  13
-18 -19 -18 -22
 -3  -8 -16   2
  9 -10   2 -23
 -2  -3   1 -11
-16 -16 -13   3
  1 -18  14   7
-15  17  19 -21
  9  19 -14  -9
-24 -14  12 -11
 19   1  19 -18
 -6 -18 -14  15
 15   6  21 -21
-15  -3  21   4
-16  -5 -23  -4
-18 -19  17  14
-15  19  13  -1
 16   2  18  21
-23 -16   0   7
 -1 -12   7  15
 13 -18 -22  22
 -3  -8  -7  16
 16  20 -20 -15
-21  16  -4 -22
  3 -17  13  -8
-21 -17 -10 -22
 17   7  -9  -2
  0  -2 -23   6
  4  13   2  -6
 12  15  -7  -9
 -3   7 -17   4
 23 -20  -4 -15
 -2  15  10 -13
  3 -18  14  23
-15   9  11  -2
 10   2  12   5
-23   3 -12   6
  7  15  12 -21
 19   9 -16 -22
 22 -12   8 -15
 -7  17  11  17
-11   5   5  10
  5 -11 -10   6
-21  13  -6  20
 19  22  19  -7
 23  16 -20  22
  2 -17   2 -16
-11  -8  -9 -18
  9 -19  -4 -12
  5  19  -4 -10
 17   7 -12   1
 -6  13  15 -24
 13 -22 -13 -10
 -9  -6  22  17
 20 -11  19 -15
  0 -20  -7 -21
 21  -9  21   7
 21  17 -24 -20
  7  14  -6  -8
 23   2  -4 -22
  6   1  -5   0
 11  -7   8  -8
 -4  11   7  -3
 16 -22  -4  23
 -3  24  -7  20
 24  -9  20  22
-20 -20 -15  23
-15  14  -8 -21
-13  -4  -7   7
 12   3 -14 -17
 12   8  22  19
 23  16   0   4
-15   8  23  15
-22   1  20  -1
  9 -22 -14 -11
-14 -12   7  21
 19  -3  14  -9
-17 -20  16 -20
 -1 -14 -22  19
-19  13  -9  -4
 16  11  23  -8
 -1  18  13  10
-14   2  -1  -6
 11  21  -8 -10
 -3 -23   4  -5
-23  -1  -6 -17
-14 -17  -7 -22
  1 -10   8  19
-20 -22 -10  17
 16  -4   9  23
 13  15   9  -5
  5 -12 -15  24
-22  18  -9 -12
-15  20  13   3
-19   3   5   7
 21   0  -9 -22
-21   6  -7 -22
-11  15 -19  -1
  7  23   1  17
-16  22  12   4
  0  -6 -24 -19
-11  23 -17 -18
 -9 -13  16  24
  8  12 -18  -1
 -6   5  24  22
 -3  11  -2  13
 -7   6 -12  -8
 18 -20 -15 -17
 16   7 -12 -21
  1 -18  18 -12
  8   6  12  -5
-22 -17   2 -15
-12 -23  18   2
 10  22 -10  -6
 22 -21  -7  -4
-18  -1 -14 -22
 22  14  10 -21
-14  10 -16  10
  4  12   4 -10
-22  10   1  13
 21   5  -9 -17
 17 -15  -5  15
  2   7  21  -5
 12 -11  -5 -22
-22   7   2  24
-10  12  12  21
  5  -2   4  -5
  4  -6  20 -16
-18  24 -14 -22
 14 -14 -10 -21
  9 -16   9 -15
  5  21   3  16
-19 -17 -14  -8
 17   1  19  19
 11  -5   3 -14
 -9  -9  18 -23
-17  -6  12 -11
 -9  12   6   2
-17 -11   8   4
-16 -18   8   0
 -1 -16  -2  -7
 20  -9  20  18
  7  -6  19  18
  6   4 -14 -12
  2  11  16 -22
 -8 -22   4  21
 20 -11 -22  -5
  5 -21  23   5
-12 -20  13  16
 17 -23   1 -24
 -8   8   9 -24
-23  12 -14  -5
  6 -24   4  -5
 11  -6   5 -11
  1 -16 -10 -20
 10  24 -24  11
 11   9 -15  14
 -5  -2  15 -23