-20  -1  16   9
-23  17 -11  14
-21 -18  18 -19
 17 -23 -11  14
 -4   0   1 -22
 -8   3 -18 -13
-20  14   1 -22
-11   6  10  24
  6   1  20  23
 -2 -15   0 -10
  9   3 -14   8
-24  -9  16  11
 -9  20  -8 -15
 -4  15   1  -5
 14 -10  20 -10
 -1 -13  -4  -8
 17 -10 -17 -18
 12  15  -4 -22
 18  10  -5  -4
-24  19  12  12
-12   7  18 -23
 18  10  13  -7
  4 -19 -20   9
  0   2 -20   7
 22 -13  -3  12
-17 -17   3  23
 20 -19 -17  16
  5 -19 -18  13
-17  14  21  -5
 -4  -5  -1  -4
-16   8  15 -21
 23   8   4 -24
 19  11  -5   0
-22  -8 -23  22
 11 -22   7 -22
 14  18   4  15
-16  16  -2 -17
-22  -4 -22  11
 -3  19  15   7
  2 -10  -7  -5
  6  -2  18 -10
 18   6  -2  14
 18  13  24 -21
 10   0 -15 -12
  9  -1 -19 -18
 12 -12   8   8
-10   7 -22 -15
 -6  18  16  -3
-22   0 -20 -17
-12  -2  18  20
-15  -8  22  -1
 11 -23   1   1
 -2 -14  23 -23
-14 -17  17 -16
-14 -21   4  -4
-22   3 -15 -20
 17 -20 -22  11
 -4 -16  14 -18
  1 -19  -3   4
-17  10   2  -2
  2 -14 -16  23
 -5 -15  23  17
  6  -1 -16   2
 14  22  11 -15
  4 -12  -5  -9
-14  -6   1 -24
 13 -12  22  17
-22  13  -2   8
  9  20 -18  -6
 11  -6   8 -22
  9  -1  10  11
-16  22  10  -2
  7 -24  14 -11
-21  22  21  -5
 17 -24  -7 -17
-20 -11 -13   8
-17  15 -11  -8
 -6  16 -14 -21
-23 -10 -18  13
  8  -7  20  -2
 18 -13   0 -21
-23  19  14 -11
 20 -20  14  20
  8 -14 -11 -19
-11  10  -2  18
-14   0 -19  -5
 20 -20   8   5
 -8 -10  15 -17
 -8 -19   9   3
-24 -11  24  -3
 15   7  24 -21
 11   5 -21 -17
 -9  -5  21  -8
 15 -10   6  -4
-16 -20  -4 -13
 -6   0  -5  -7
-10 -15   6  -2
 18  23 -16   3
 -1  -1  -8 -22
 -4   5  -5 -18
-17  -3   4  14
  3  22 -19   2
-15  -4  13  -6
 23 -19   6 -14
-24  11  -3   3
-24  16  17 -20
-21  -4 -23  24
 12  -3 -13  -3
 -6   4 -21  17
 18  23  -6  18
-11  -1  -6  -6
-12 -23   8 -15
  2  20   8  10
  2  -9  17  -1
-21   9   0 -17
-12 -15   5 -22
-12  18   8  19
  6 -13  22   6
-19 -14 -10  19
  6 -13 -18  20
-23  23   8  -3
 14  -7 -16  -9
-13   5 -14   2
 -6 -21  19   2
 15   2  18  -4
  3   3 -17  -6
  0  -8 -14 -18
 -9  13  12   1
  9  15   8  14
-16   1  -9  19
-16  -1  21  10
  3   3  18   3
-21 -10  15 -11
  2 -16   9  23
 21 -13  13   4
-19  -5  23  22
 10  13  16 -19
 -5   7   0  14
  0  -9 -19  -7
-15  19  17  20
 24 -17   9 -19
  6   9  -2 -15
  2  23  -6 -13
 23  13 -11 -11
 -6  23 -15   3
-16   9  22  -5
 -2  11  10  13
  2  20 -12  -1
 16   1  -5  18
 -8 -21  17 -14
 -2 -15  21  -5
 15  11 -16 -21
  6  12  -4  -9
-20 -12 -15   8
  1 -24 -23  -4
-24   0   4 -17
-15  18 -22  -1
  4  21 -21 -24
-19 -17 -13   5
 -5  10  19  -1
  4 -21 -16  -3
 14 -22  -5 -24
 21 -14   7 -23
-21  -3  -1  20
  7  23  -2  10
 -9  -6  10 -14
 -2  -7 -16  11
 20  18   6  13
-12 -11   9 -15
 15  -9  -7  -4
  6 -19  24 -21
 -6   9 -23  -1
 20 -11   4   2
-24   7 -11 -21
  5  -9  21  21
-13 -11 -20   6
 14  18   0  -2
 14 -18  -8 -12
-21  -8  19  13
-17   9   6  13
  9 -14 -19  11
 22 -21 -12   3
  6   1  19  15
-19  -8  15  -9
 22   4 -10  13
 10  -1   2 -24
-10  24   1  14
 -7  11 -10 -19
 17  13 -11 -17
 22   5 -12   8
-24  18  23 -15
-22  20  10   0
-11   5  15  17
-20 -13  15 -21
 -8  -6 -18 -20
 -5  -8 -23  -6
 15 -16 -15   9
-18 -21  20  11
 12  17  16  11
-22   9   1 -11
 -5 -23 -11   5
  1 -15 -13  10
 -8 -14  16  -1
 16  11  11  -4
-21 -17 -10 -24
 14 -12  19  24
-12  -6 -15   4
 13 -22   0 -21
 10   0  24  10
  9 -24 -12   1
 -6  14  -5   3
-10 -19   9  -3
 11  -4  15 -17
 -6  -7  14 -23
 12 -17  18   6
  9  15   7  13
 19  13   9   6
 -8  12  -2 -14
 -1 -19  21  15
 23  24  -9  10
 16   1  22 -21
 10  11   3  -7
 15 -16 -20  -5
-16  -5  -4 -17
-14 -22  15 -16
-17  -6 -15  -7
-22   5  24 -17
 22   1   4  -2
 -1 -12   7  20
 -8  16  21  -7
 14   2 -19  12
 -8   5  24  15
-11 -23   4  -6
  5   3 -21  23
-22   2  20   8
-19   8  -1   8
 19  -5  24  19
 16  16  -9  18
 -4  -5   8 -10
 18   3   6 -15
-16 -24   7 -23
-20   5  -9  -1
 13  17   1 -12
 11  23 -11 -22
-21   1   6  11
  5   8   4 -12
 -2  10  12  12
 11 -24  24 -22
-21   8  11  21
 -5 -13  19 -22
 -9  17  22 -24
  7 -20  -6  23
 10 -15   9 -23
 10   2  10  10
 18 -11 -18   5
 21 -24   1 -10
 -2 -12  19  20
-17  13   2  12
 14  -6 -24  16
-10  24   1 -16
 -6  11  14  13
 23   2   8  -7
  3 -20 -22  15
 -7  -9  -5  -6
  7  23 -18  19
  4 -15  21   4
-22  22 -15  -2
  9  12  18  17
 12 -14   5   0
-16 -22   9 -13
 19  -6   4  -1
 -1 -24   2  24
-11   1  14  -3
 -3   1  17 -10
 19  15   9  22
 23   7   6 -17
-12  24 -11  -5
-15  22 -12 -11
 10   1 -21  18
 -3   0 -23   4
 11 -10 -12 -24
-22  20 -11 -15
 13  23 -17  -2
-14  -9 -21  -7
 -2  10   6 -14
 17  15 -19   3
 -1 -16 -11  16
 -8   6   0  15
 -4 -18 -10  -5
-14   9 -15 -14
-21   7  24  -7
 23  10  23  18
-13 -21   1   4
 16   3   3  20
  3  20   2 -20
 22 -12  21 -10
 11   0   2 -11
  4   2  14 -12
-24  24 -15 -12
 -3 -12   5 -16
-12  18   5  -4
  5  12   5  15
 15  15  17   3
 23   3  16  -4
  9 -23  23 -22
 12  13 -24  23
 12 -18 -16   7
 14   8 -12 -23
 -7   7  -4   1
 22  -4 -19 -18
 18  -3  17 -19
 24 -16 -18  16
 15 -22 -17   5
-17 -17  15  -2
-15  -8 -10  20
 12   1   7   3
  8   6   5 -14
-23   2 -22 -14
 20  19   7 -20
 14   0 -23  -5
 18 -15  -8 -11
 -2  11 -17 -22
 -6  -1 -22 -16
-11  19  19   8
  4  -2 -16  -5
-19  20   7   5
  7 -14 -23 -23
 13   7 -18 -16
-11   8  16  21
-10  -3  17 -21
  0  20  18 -14
-18 -20  13 -21
  6  -4  -9  12
-12  24  -1 -15
 -8 -20  21 -22
  1  18  -4  21
-20 -21  19  -4
  1   9 -17 -14
  6   0  11   3
 23 -18  -4   8
 21  21  12 -21
  9  -6 -18   6
 -4 -18 -10  22
 17 -23 -23 -14
 -6 -12 -14  21
 -4 -11  11  12
 -2  -6 -17   8
 -8   6   1  -4
 -5 -15  21 -10
 -9 -18 -19   8
-12 -14   1  -1
-20 -18 -16  10
 -4  -8  14 -20
 20   1   2 -23
 23 -24  -1 -21
-23 -24   7  -9
-18   4   3   5
 -7 -21  17 -14
  1  20   6  -4
-13  10 -24 -23
  7  -3   7  15
 -5 -22 -11   9
  8  11  -9   4
 -7   0  20   3
 -8  10   0  -8
 15 -17  22   4
 -7   9 -20  -4
 -2 -11 -23   7
 19  21  17   0
 11  -5  14   8
 -6  -1  11   1
-14  15  -5  -6
 -2  19   9  16
 13 -22   5  -1
 23   4  13  19
  5   5 -19   9
 20  17  24   3
-24  -6  11  24
-20   1  -7  -1
-16 -12   6 -22
 10   9 -14 -22
 -4   3  10  -3
 -7 -11  20 -19
 -9  18  -8 -17
 -8 -14  13  23
 17  24   1  12
 12 -21  -7   9
-21  -1 -15  24
 12 -22  -6 -13
  7  20  -5  24
-10 -12  19 -22
-18  -9 -24  13
  1   1  21  11
 19  17  17   4
 19 -18 -16  14
-16 -14   0  -9
  9   9 -16  13
 15 -20   2  22
 -8 -21   6   5
  0  -4  21 -17
-24 -16 -19  -8
-16 -12 -11  -1
-16  21   7  15
-24  17  -3   5
-18  14   9  -4
  8 -11  24  18
 24 -15 -15  21
 15   8  15   3
-21 -24  -3 -19
-19 -11 -14  24
  6 -24   5 -11
 16  20 -13  -4
-12   0  16  21
-11  12  -5 -20
-15  16  18  10
 16  22 -19 -21
 -1  11  12  10
 23  19 -22  24
  4  -9 -12  -5
 -6  13  -9  17
  9   0  13  -6
-10   5  12 -13
-17   0  15   7
-11  15   9   1
-14   3   6  -8
 -8  -5  -2  22
 24 -24  22  20
-11 -12  22   5
 12  22 -20  23
 24  -7  -6   5
 13  17  20 -18
  9   8 -10  23
 19   7 -10  -4
-18  -9   3  23
 23  19  19  -3
 -2  -8  12  -4
  2  16 -16 -16
 -3   2   5  19
-11 -17 -17  13
 -2   8   3 -24
  0   0 -12  15
 -7  12  14   4
-17  -2   9   1
-10 -19  10   3
 10  -7  13  23
 23  -6  -9   0
 16   3  14  -9
-15 -11 -19 -15
-19   6  -2 -21
  8  -5   5 -17
 18  16   4  -2
 22   9  11  16
  2  16 -14 -15
 24  21 -21 -12
  2  20 -10  -7
 -1  16 -23  13
 23  -7 -13 -15
 -1  21 -12  22
 16  -5  11  17
  9   7   1   9
 -4 -15   2  -4
 10 -18   3 -10
-17 -10  -2   6
-22  12  -1 -22
 -5  -4  -9 -18
  8  14 -21   0
 19 -14 -10   9
  9  -6   0 -13
-18 -20  -2 -15
-11  -1   4 -11
 18 -23  12 -12
-24  -2 -10 -10
 11   8  -8   0
-16 -13  14 -23
-11  17 -11 -21
 -2  14  -3  22
-19 -21  11  14
-20   9 -22  -8
-19  13   4 -22
-20 -24 -15  19
-10  -8  19  -6
-11   6   1   6
 22  -8 -23  -9
-13 -19   0  12
 21 -13  -1  -5
 11  20  -9  -6
 -4  15  11   8
 21  11  10 -22
 -3 -19 -11   8
-11 -22 -19  13
 24 -11  18 -19
 16   4  12  16
 10  -3  16  -5
-18 -10 -10   2
-22  14  -9  -5
 11  -7  -1 -10
 -3   9 -23  20
  7  -1  15 -20
  9  20 -18  23
 -6  -5 -17  23
  4   1 -22   0
 17  -9   6 -19
 -2   1 -17  -4
 -2  20  17 -22
 19  17 -12 -14
  6 -16  -8  10
 22  -3   2  -3
  6  -5 -18 -18
 20 -11   7 -23
  5   0  20   1
 18 -20  20 -14
  7   4  -9 -20