  4  18  18 -11
 14   3  17 -10
  3 -20  15  13
  3  -2   8 -19
 -8  13 -12   8
-11  -2  -8  -5
-24   1   1   8
-13 -13  13   1
-14  22  22  10
 -6 -24  24   1
-24   1 -17 -14
 24 -17  11   8
-19 -18 -22 -24
-10  22  12  20
 23 -14 -20 -15
-10   2   0 -15
-23  21  -9  12
 23  21 -21  15
  0   8 -18  -9
  3  12 -14  -8
 24  10  -5  -9
 21 -15 -13  14
-11   1   8   7
  1  20   5  -1
-20  -1 -20  12
 11 -17  -5   0
  9 -19   0  24
 24  12 -12  -2
 -5   5  24  11
 -3   0 -15   9
  3 -16  -2  -8
-20  -9  20  14
 18  -6  -2  -4
-21 -23  19   7
 21 -18  18 -20
 -9 -16   8  -9
-12  11  19 -24
-16 -20  22  13
 17  -3  -5 -18
 21   6 -10  11
 -5  13 -20   8
 -7 -15  -4 -22
-12  15  15  -9
-10  20   3  -1
 10 -19  -7  14
 -4   5  -9   8
 -6   6  -2  -9
-13 -23  21 -10
  2  20  23  20
  4  22 -10   2
 22  12  22  20
 10 -24  16 -10
-17  -4  -6 -20
-13  -2  14  13
-14  17 -12  10
  3  21  11 -21
-21   7   7  -6
-12 -11  16   4
  5   4  -7  -7
 -9  -2 -17 -15
 -5 -24 -17  24
 -2  19  -9  -8
-10  -2 -11  21
-14 -19 -16 -21
 -6  17  -6   8
 20  20   9  -7
 10 -21 -19 -23
 -5  -7  17  -7
-21  -9 -20 -10
-15  -6   5 -13
 -7  22  19  11
 14 -16   5  19
 15  14  21 -14
 14   8 -24  21
 17   7 -24 -24
  5  -1  11  -4
-20 -19  -4  -1
 -3 -17 -14 -20
  1   8   4   2
  1  24  -2   3
 11  16  19   6
-22   2 -16  18
-24 -13   5  19
  6 -20  11 -13
  0   8   9  -5
-17  -7  -7   4
-13 -19  24   0
-14 -16  -3   5
-14 -24  22 -11
  0  18  15 -17
  7  -7  10  23
 20  -1   3  10
 22 -12  11  17
 -8  12   0 -18
 22  20  12 -14
 13 -15  11 -22
 -6 -24   4   2
  7  20 -18  -5
 23  23 -19   5
-15  13  19  -8
  2 -15  17 -17
 -9 -24  24 -20
  5   7 -23 -23
  0 -17   4  15
  2   6 -20 -12
 -7  15  -8 -13
 13   1  20  21
 17  -7  10   1
  4 -18 -12 -13
 -3  12  14   0
-12  -2  15 -18
-13 -15  -9 -12
-18  24   7 -15
 -1  14  17  21
 13 -15  -4 -19
 -9   3  -4  23
-15  13   7  24
 19  22  -3 -21
-14  -6   5  -2
-16  21   3  -8
  8  15   1  17
-10  10  15 -12
 21 -16  -7  20
 -2 -10   2 -20
  7 -11   3   6
  1  16  -8  19
 11  -6  22  19
 16 -21  -8   6
-16  14  23  20
  8  18  -3  14
-15   9 -22 -12
  2 -19  15 -23
-24   5 -19  10
-21   2  19  22
 22  12  -4   4
-13  16  -2 -11
 13  -1 -12   1
 17  19  -6  -3
 18 -15  -7   2
-24  10 -13  19
 -5 -11  12   5
 15   9  15   4
 -2   6  11  -3
  9   9  13  -3
 22 -23  17  -2
  9 -14 -17 -21
 13  -4 -13  -4
  3   2  14   7
  7   5  23 -23
 15 -14  10  10
 14 -23   5  17
-22  22  15  13
 -9  10  -9 -18
-21  -5  17 -18
 -2   6 -14   1
-11  20  12  21
-17  -3  -4   1
 -7  24   9  16
  8   6   2   4
-20  23  10  13
 11   4   6  22
 19  12  19  10
 -8  -5 -22   0
 12  11  16  20
  5 -15  19  10
  2  -2   1  23
  5  22 -23 -19
 19   4 -18  16
  2 -14  -9 -19
-14 -16  -6 -17
-22   1  -1  23
-19  -4 -16 -20
-21  -9 -19   6
 -9  18 -14  -7
 -8  -9   9   2
-10  10  -8 -12
 20   5  17 -11
 15 -21  -4   4
  5 -22 -24  15
 14 -19   4  14
-21  12  12  21
-17  -5  -4  -7
-18 -19 -12  16
-12   0 -23  14
  2  -7  13 -21
  4 -15  -9 -10
  1 -18  -6  14
 21 -17 -19 -15
 21 -12 -19  13
 -5 -24  17  11
 -1  -9   7   2
-23  24  -5 -12
 -1  20 -17  21
  6   9  21 -23
 -8  24 -20 -12
-12 -20   6 -15
 12 -11  -9 -10
 -9  15  19 -21
-21  -6  13   4
 -3  15  24  23
  4   1  11  12
-21 -14   9   1
 22 -24  11   4
  5   6 -23   2
 10   4   2  -2
-10 -12  24  23
-22  18 -21 -18
 -1  24 -13  22
-17 -23   2   9
 20  -1  -8  -3
 11 -20   7 -23
 -8   1 -23 -15
 19 -11  14  13
 12   3  -8  22
 -1  22  22  14
 24  -1 -13  24
 -5  11  -6  14
  5 -12  -3  -4
  5   0 -24  18
 -5   7  12  17
 -2   0  -8  -6
-12   2 -22  11
-14   1  16  -5
-17 -24   1  -1
 15   0  -1  -4
 12  12 -11   7
 -1  21  16  -8
-14  -4 -14 -17
  3   0  16  17
  3  14  17 -10
 23   1  -3   3
  9   7  22 -19
 -8  20 -13  10
-12  12  12  -5
 13   8   0  13
 14 -22  -1  13
-19 -13 -20  10
 -1  24 -23 -22
-17  20  14  23
 -3  18  22   7
  9   1  10 -17
 -5  17  13 -12
-11 -12 -22  21
-15  14  20 -20
  3  15  23  11
-20   6 -19 -14
-17 -19 -22 -12
 13 -19 -24  16
-23   3 -15  22
 -5 -20 -23  -2
 23  21  -7  -5
 -8  10 -24   7
 23  -9 -17   9
 20   4 -10   7
-11 -11  -2  14
 13  -4 -23 -15
 24   1   1 -19
 17  -3  22 -11
 20  -8  13 -23
-23 -20  24  -8
 15 -12  11  15
  3  -4  11 -12
-19  -5  15  -7
 19   8  12 -20
 -8  -2  22  12
-15  14  -7   1
-18  22  13  24
  5 -19 -16  -4
  8   2 -21 -10
-13  15  10  15
 21  14 -11 -13
 11 -15  24 -20
  7  -7  18  12
 21  21   3   2
 13  -3 -24   4
 19   3  -6  10
-22  -6  14   9
 14  23 -19   9
 14   1  23 -21
 -8  20  16  -9
 -6 -14   0 -18
-22 -10  10 -23
-16  14  12  16
 -8 -23  14  15
 23  -2  -9 -16
 23 -14 -13  21
-20   8 -17 -12
-18  10  21   0
 11 -15 -18  -3
  8  13  16  -1
 24 -20  -7  18
  8 -13  -9  -9
 13  19 -10   8
-21  22 -14   5
  8  19 -10 -23
-24  -8   9 -19
 11 -18   4 -13
  1  -5 -24  16
-24  -7  19  24
-10   5 -15 -20
-11 -12 -13  24
 22  22  -6  -1
 15   3  11 -22
-16  -2 -17   3
 21  -3   8 -17
-18 -10  24 -15
-20   7  22  -2
 16 -18   1  20
 -2 -20   9  13
-11   0   3 -17
  9 -19 -24   2
 -8  10   0   8
 -6  21 -10  -3
-12  17  14  21
-20  -9  -1  19
-14  10 -10 -12
 -2  24  19   2
 -3  10 -22  -4
 24  22  15   1
  4  -5  18   0
 14 -11 -10   7
 -1   4   6 -17
-14  22  -5  -8
-15  12  22  12
  7  12   1 -19
-11   8  -8  13
-21  -1   2   0
 17 -24 -19  16
  6   6  22 -12
 -3  11 -13   4
 10  -4  12   6
 -5 -14   8   6
 12   5  13  22
  7   7   5 -19
  3  -2  -4  18
 10 -24 -14 -10
 23  18   9  10
 12  12 -10  20
 12 -17  10  24
-23  22 -18 -19
-21 -24  -5  -9
 10 -18  16   2
 23 -17  -7   7
  3 -20   6  -4
 22  17  -5  19
  4  -9  20   7
-13  -6 -15  22
 15  20 -24  10
 13  23 -17 -20
 15  -3   7 -13
 -5 -16   0 -14
-15 -15 -14  -3
 24  21   7  -1
 11   9 -17  21
 -2   8 -10  16
-12   9  23 -14
-24 -21   3  16
  3  -9  13  -3
-10  -7  10  -2
  0 -10   0  -1
 18   9  -9   0
  5 -22  -8 -18
 16 -21 -18 -17
-15   5 -21 -11
 22  11   9  -7
  0   9  17 -22
-15   0 -17  12
-18 -15 -13  21
-23   2 -23  13
 13  -3 -23 -18
  0  -9  16  15
-19 -15   1  -1
-24  19   9  12
 22  15  -2  18
  6  13 -11  12
 -6  -1  22   4
 13  -4 -24 -11
-23  24  -1   2
 -6   9  10  23
 17 -15   7   6
-15 -20  21  -8
-14  13 -23   5
 10  -3 -16   2
 13  -5 -15  10
-15  -1 -21  -6
 -2 -15  20  -5
 17  23   2 -22
-16  21  17 -18
-16   3  -5  14
 -6 -11  -3 -20
 22  14   1 -23
-16 -23  23 -13
  2 -18  20  17
  3 -10   2 -19
  2 -17 -13 -22
  4   0 -17 -21
 -2  14   2  23
-13  18  16 -11
  9  -5  -2   6
 23 -14  10  15
 -8   8  -9 -19
 14  15  15   9
-24  -5  12 -12
  8  10   3 -20
  0  -9 -24   5
 14  -5   6  13
 20 -11 -20 -23
-12  -8  -1 -12
 10 -20 -15   0
 21   0 -17   4
 11  -4  15  23
 -6 -20  24 -22
-11  19 -19  -1
 -8 -10  10  10
-22  12  15 -21
-21 -11   9 -21
  4  23  -3 -24
 -4  -7 -13 -12
 20  20  13  -8
 18  21  -4  24
 24 -10  17   0
 20  20 -12  16
 17  -6  -5  23
-24  22  22 -14
 -6   8 -24 -13
 10 -14  -6  -4
-17  17  -1   9
 20  23  -9 -21
  9  -7  -3 -17
-24   9  -4 -17
 14  -3 -16  23
-16   8   5  16
-19  24  -7  17
 21  18  10 -19
-21  -1 -22  13
  5   3 -10   5
  4   3 -23  21
 -3 -15 -17 -20
 -5 -24  17  20
 -8  24  21 -24
 11 -11  10 -19
-15 -14  14  -2
 24  23 -14 -17
 -8  16   2  13
-24  15  -1  20
  6 -15  13  16
 18  -3   7   0
-24  -6 -20   9
 24  -5  14  19
  0 -15  -4  -5
-22  -1  24   2
-24   0   9   1
 13  12  24  -2
-13   1   0 -10
 16  11  -7   5
 11   2  19  21
 24 -17  20   2
-18  22 -13 -15
  5   6  14  -2
  1  14  22 -22
 22 -24   3  17
 22  19 -12 -19
 14  23   7 -22
 16  10   5 -10
-11 -10   3 -20
-20   8  23  -5
 10  21  18 -15
-24  -8 -23 -10
 -5   9  11 -22
-18  15 -24 -11
 -4  12  15  13
-20 -10 -11  17
  2   1 -22 -13
-10 -12 -10 -16
  8 -23  -2  -7
 -7  15  21 -21
 -7  19  -6  19
-16 -22  10   1
 15 -22  24  -4
  6  -7   7  12
  0 -21   0   4
 -4  -2 -17  -6
 22  -3 -16   7
 10 -19 -17  -7
 17   2  17  21
 -9  22  15 -14
-10 -13  21  14
-24  15  15  20
-23 -10  12 -11
 14  21  22  17
 -5   6   7  -8
 -4 -22  -8 -17
 -3 -10  -8   7
  0  19 -17  -4
 23   9 -15 -22
-17  22   3   9
 18 -17  20 -14
-17  12  18 -10
-17 -12 -22  -8
 17   7  -6  23
  2 -12   4   6
  0 -19  -8  14
-13 -19 -15 -16
 16   3 -12   2
 21  22  22 -10
-23   6  -1   6
 -2  15  -6 -17
 -7  -1  14  14
 -2  -6 -17  16
-19  14   4   0
-20  18   6  -7
 20 -24  14 -14