 18   4  19  14
 17  18  22  20
 -5   3 -11 -20
 19  -8  -6  14
  1   2 -16  -8
 -3  21  20  20
-24  22 -14   2
-21   3 -19   8
-10  18  14  11
  6  -2 -10  -7
 22   7  -2 -20
 21 -19  20   1
 21 -15  -9 -14
-14  15  17 -24
-10  -7  20   4
 -6   3  13  -6
 10 -12  -3 -22
  0 -17  10 -20
 19 -23  -9  23
 16 -16  -4   2
 -8  16   1 -10
  8   4 -15   3
-15  22  -4 -20
 -8 -11  18  -2
 16 -16 -16  15
 -3  -4  10 -16
  1 -22   4 -12
 -5 -24   2  20
 15 -20 -10 -10
-13   5  15 -24
 13  21   8   3
 21  18  -9  15
 10 -21  -1   6
-19  20  -8  17
 -9   9  15  -5
-19  13 -23  -8
  0  -8  -3 -15
-24  24 -22   8
 21  -5   6   3
  5 -21  24   3
  1   7   2 -13
 -9  12 -18   1
-23  12  23   1
 -3 -11 -18  -2
 19  -4  18  -2
 13  -4  19  -7
 -9   9 -21 -10
 13  24 -14   4
 11 -21  13   9
  6   6  17 -20
-15 -16 -21 -17
 21  24   6  -4
-13  23  15  10
 -9 -23   1  -2
 -9 -21  10  22
  8   2   4  20
-14  12  22   0
  2 -22 -21 -13
  3   0  -8   3
-23  12  -1   6
 10 -21  10  -3
 13  -4 -22 -22
-17  11  17  -1
  9 -17   2 -15
 21   9  -2   4
 24  -9  -7   0
-14  -1  20   7
  4 -15 -13  -9
  9   8  22  -9
 -7  -2  14  -8
 -8 -23  -7 -14
 22  12   9  19
  6  11 -19 -16
 20   1  -5  -6
 13 -18  19   4
  9 -23 -23 -16
  9 -16  -8   7
-23  -7 -15   4
 -4 -15  22 -17
-20  -4  -7  -1
 16   9  -4   7
 19 -12 -16 -11
 14  23  15  -8
 22  19   3  21
-19  -8  16  12
-18  16  13 -23
  7  14  11 -19
-24  13  10  -5
 10 -14  12  -1
 -7   3   2   0
 22 -22   8 -18
  0 -16   6   0
-15  11 -17 -17
-19  -6  24  14
-23  -5  20   8
 -2  -6 -13  16
-11 -10 -19   9
-22  23  -1  22
-18  16 -10   8
  3  -8  -4 -16
-24  23 -11  19
  3  21   6  -8
 -9  11 -11  18
 22 -12  24 -17
 -4 -12   5  17
 -6  24   6  22
 18  -1  14  -1
 10   1 -14   6
  6  22 -18 -21
 -8 -17  18  10
 15   7 -24   4
 20  -4  -2  13
 -8  14 -18  11
-16  22  11  -2
 14  10  -5 -14
-24  -7  12 -24
 -6 -10  -4  23
 19  -6 -16  14
 -1   2 -10  19
-12  23  -3  21
  4 -22  21 -20
 11 -20  -6  -4
 17  12  -5   0
 -2 -15   4   7
-20 -11  -6  -1
  5   5   6  12
  9  13  10   1
 12 -13 -19  10
 13  13   1  15
-17  10 -18  17
-23   1 -21  -1
 20  17  17  24
  0 -11  -7   4
 -4  24  -5  10
 12 -22   3  14
 12  16 -21 -17
 13  23 -11   0
 -2 -17 -23  21
  4 -14 -13  11
-10 -13  -3 -10
 19 -21  -6  -3
  1 -15  18 -22
-13  -3   7  15
 19  20  20   3
  4 -14   7  10
 -7  21   1  18
 24  -6   5 -24
  4 -10 -20  21
-18   7  16 -22
-19   6 -23  11
-17  10   6   5
 -3 -20   4   9
-22 -18  -7   3
  5 -12   6  21
  2 -23 -16 -15
 -6 -13 -22  15
-10  14  15   4
 -2   9  -5  -4
 -6   4  18  -8
 19 -20  -3   1
  0 -19 -10  22
-16  17  -7 -19
 -8  -4  19  -3
 13   1 -15   1
-13  -1   8 -11
 18 -10  23   4
 17 -21  10 -18
-10  17  17  12
 -3  -9   8   7
 20 -13 -22  13
-18   6 -12  20
 11  18  13 -17
 10   9  -8  11
 20  21  24 -19
-10 -23 -18  11
  9  19  -2   8
-22 -19  17 -19
-19  18  11 -14
-14 -15  -7 -11
 -9  -9 -23 -24
  3 -17 -16   8
 12 -12   0 -11
-16 -22 -15 -18
 20  -4  21  22
 18  21 -11   0
-20  22   1 -21
-10   8   9 -16
  6 -16  20  -9
 -3  21  11 -20
 11  -1 -18  17
-23   5  -8   2
 17   4 -15  -1
 -7  21 -12  -6
-15   4   1  22
  0 -23  -2   0
 -2  18   0  -7
 -8  11  -3  10
 -2  -4 -22  17
 -1   9  15  15
 15  -1   3 -12
-18   7   4  -1
  3 -24  -8  -1
-17  13   7  17
-11  -4   1   3
 11  22   8 -10
 17  14 -16   1
-16  10 -17 -11
 -7  12  -5   3
 -5 -23  13  24
-14  12 -14 -10
-11  24  -6 -14
 -5  -7  22  22
 15  18   1  14
  0   2 -23  16
-21  16  -2  20
 -9  -2 -19  23
  3 -22 -21 -15
  7  -7  19 -18
  2  -2 -19  -6
-15  -2  15  17
  0   5   2 -17
 24   0  -8 -19
-16  10  18  -2
  7 -21  -7  12
-11 -16  14  -7
 -5   7  -9  23
  4 -13  21 -10
 11 -21  20  14
 20  14 -11 -13
-15  24   6  -4
  5 -11 -22  -8
-11  17   2  19
-18  24  -2  17
  1  19  23  12
 -7   2  22   5
  3  22  13   1
 17 -13  22  19
 13  18 -11  -6
 -7 -17  14 -20
  0  -9  22 -16
  5  -1 -19  -9
  6   8  -7  23
 13   1 -19   5
-24 -11   1  22
 12 -12  -2   7
  2 -17  20  -7
 10  -7 -15 -24
 24  -2   0   3
 -3 -12  23  23
-24 -20 -12 -11
 11  -8  12   4
-22  20 -23  18
 14  18 -12  -2
-18   7 -18  15
  4  16 -15  -9
-17  22 -15  -3
 17   1 -15  23
-24   3  11  24
 17  11  14  -5
 22   8  23 -21
 14 -24  18   6
 -7 -19 -24  16
 15 -13 -10   6
 15 -22 -10 -13
-13 -10  22  22
 -7  -8   4 -10
 12  19  17 -18
 17   6  -7  23
  5 -12  -1  23
 -2  -8 -20 -12
 -5  18 -22 -11
-16  -5   0   0
-13 -20 -10  -1
-19 -22 -24   1
 -3 -10  -1 -19
 10   2   8  -4
 -1 -14  -1  14
 -9  -4  24  12
-16  15 -22 -22
  8   5   8   0
-19 -22   1   6
 15 -13  13  18
 17  23  13   6
-11 -16 -12  -9
-15 -15  24 -12
-22 -18  -8   8
-18  -1   6   8
 -2   5  15   2
 -3 -11   9  -1
  3   3  16 -11
 -2  20 -21   8
 -2   9  -2  14
  6  -9   9  24
-13   1  22   7
 21   2  23  20
  2  10 -19   7
-11  19   0  24
 21 -16  -1  21
 -9   2   9  13
-24 -16 -14  14
 22  16 -17   2
 11 -12 -14   6
 15   3 -13   3
-13  22  15 -23
 17  -4 -16  12
 -9 -18  21 -13
 -4   3  16  15
  1 -16  -8  21
  3 -19  -9  -6
  3  19  17 -21
-13 -14   1  17
  6   2  -5  -5
-21 -23  14   7
-10 -20   1   2
 -1 -10   0   6
 -4  10  16  15
  1 -20   1  10
-21  18  11   7
  6   4  18  -4
-20 -16 -14   6
 23 -14   8   3
-15  14  17 -11
 20  10   7 -22
 -7 -20   5  18
 -7 -20  10 -14
 16  17  11  22
 15  24  10  23
-18  13  15  -1
 -3   6 -24  19
-17   0 -16   8
-23  23 -19  24
 15  -7  19 -12
-24  13 -16 -14
 -3  -2  -9  22
 17  18 -14  -3
 24 -23  15 -15
-23 -16  13  21
-17  -5  19  18
 22 -11  22 -11
  7   8  -4  23
  7   7 -21  -5
  4 -14   4 -13
-20  -6 -15  22
 -1 -19 -23  -1
  1 -15 -21   1
 12   2  -5  22
  4   1 -22  21
  7   6  -5   4
-16  19  23 -20
 19 -18 -12 -11
  9  11 -22 -24
-11   0  -8  -1
 -6  -7  12   3
-23 -18   5  -3
 18  -9  -5 -15
  6   4 -11  -2
 -7  -7 -20   9
 18   2  -3   1
  3  20 -13  11
 21 -10 -16   3
  1  15  21 -20
 21 -23 -11  11
 -6 -19  22  19
 10 -24  14 -14
-23  22  -1   5
  4  -1   5 -10
 11 -24 -23  10
  4 -18 -21  10
-22 -24  -5 -18
 14  10  20  10
 -7  -4  20  -2
 -8   3  -7  -4
-21   5 -22  -2
 23  20  -5  17
 24  24 -16  19
-12  -2  -6 -20
 13 -15 -19 -17
-23 -23   2  12
-11   1  -7 -18
 24  -6  15 -24
  6   4  23  12
  4  13  -3 -22
-19 -14   7  -1
-24  15  23  16
-11   1  10  14
-19  -8   2 -19
  9 -20 -18  16
  4  23 -17  -9
-17  16   9 -17
-20  24   0 -19
 16   1 -23 -12
-24  -9  19   1
  0  20   5 -24
  5   0   9 -17
-23 -24 -15  -4
 -5   7  13  13
 -1 -14   7  12
 -9   0  -1  24
 11  12  -6  -2
 14  -5 -16 -15
-17  23  16   9
 -4 -16  23  11
 17  16 -22 -14
 22 -15  -5   7
 21 -19  24  -3
  0  -2 -17  -6
 11   5  21 -14
 -2  22 -18 -13
-23   1  21  23
 -2 -10  18 -20
  9  19   1  -4
  4 -16   8 -14
 -9 -19   7  -8
  6 -15  10   0
 -7 -20   5  22
-14   3  10 -17
 -5  13  10  20
 15  22  -5 -21
 -5   5  14   5
 10   3  -4   5
  9 -19 -22  21
 17 -22  -2  14
 -4 -11   7  -3
 -6 -20 -16 -17
 24  12  24   1
 10 -20 -21   3
-19  15 -11   8
  1   6  23  17
 -1  14   1   8
  6  15   3 -23
-20 -16  -3   6
 -1 -13 -14  19
 19  14  17  23
-15 -13 -14   4
-13 -11  15  10
 20   1  16  -8
 -3 -10  13  -4
-19 -22  22  20
 -6  -4  -8 -24
  4 -10  14  22
 -8 -16  -6   9
-17 -17   8  -6
 -8 -15 -20  -4
  1   4   1 -12
-14 -22 -24  -7
 23   9  20 -17
 -2   4 -19  -9
-10 -18   3  -1
  7  10   7 -20
 -1  21  -8 -21
 22  12 -20 -12
-15  -9  -2  23
 -3   8  21   8
-24   7  12 -17
 -6   3  -3   8
-13  -3  -5  -7
 -9  16  -8  12
  1   4   9  12
 20 -14  -3  11
 -4   1   4  11
-18 -11  14  -3
-13   9  -6 -19
 13 -13   5  11
  2  24   7  -8
-11  24 -16   6
-20  11  20 -24
-20  13 -24 -24
-13 -17 -15  -1
 19  -3 -21 -16
 21 -20  16  21
-12  -1  -6   4
 20   8  -5   5
-21  17   3  17
-10  -6 -21 -20
  8  21  -3   7
-23  -8 -20 -20
  6  -7  -7 -10
 21  -6 -23   8
-12  -2  15  10
-18 -17 -14  -8
-21  21   8   5
 -1  14   7  -4
 11  -7   9  12
 13   9 -21   9
 -8  23  20  -9
-10  23 -17   8
-24  -7   4   7
  9  24  -2  -9
-22  20 -16 -11
-14 -14 -16  -8
 21   7 -13   7
 -9 -11  15   0
  2 -22  23 -19
 18 -22  23  -8
-10  -9  15  19
-10  -9  15   3
-22 -11  -8 -21
-21  -7  13 -20
 14  -7 -23  14
 24  19  -8  22
  2  -5   2 -10
 10  13 -11  14
 -8  24   6 -23
 12  -5  -3 -20
 -4  -2 -11 -24
  4 -23 -16 -10
  0  22 -13  16
 24 -19   2  -2
 14  -5  -3   0
 10  21 -14  -2
 -7  15 -19 -18
 -1  -7  16  21