 10 -14 -19   0
  0  19  22  -7
-10   4   8   0
-23 -23   2  -7
 15  14 -13   8
  7 -11  -9 -19
  6   8   9 -11
  3  -7  12 -24
  5   2   4  13
  2 -23  19 -16
 12   6   1 -12
-19   3  13  22
 23  -6 -11  24
-16 -11  -6 -24
-17 -16   4  13
 21   6 -23   1
-23   0  -2   7
-20 -18 -14   2
-18   2  24  16
 22  11 -15  15
-16 -13   7  -2
 -6  16  -5  -2
  8  12 -11 -16
-11   3 -10   5
  0  14   6  -6
-24   8 -10 -15
  9  24  24  -8
 -5 -11 -23  20
 20   8   5  10
 11 -22 -10  -3
-10  14 -13   7
-24  -8  -5  23
 20 -16   8  15
-20  -8  16  23
-22  -5  19  -5
-14  15  15  10
-23 -18 -20 -19
 15 -11  -3  20
 -2  -7 -10  -6
 22  23   6  21
  4 -24 -24  21
 17 -10  -6  22
  6   3   1  22
-21  -4  -3  -1
 15  -6   7  21
-20   6  22 -22
-23   8  20  -4
-14  -5   5  -3
 20 -23  10 -17
 -9  15 -16  -3
-24   9  -5  24
 10  18   7  13
 -9  22  15 -20
-13 -21  17   1
 13 -22 -24   9
 -5  -1 -19  14
-13  19  19 -19
 14 -18 -23 -13
 11 -18  -6  -4
  8 -24  -7  -4
 -8 -10  -3  -4
-13  24  10 -17
-18  22 -16  11
 -2  17  23 -22
  8   3   2 -18
  5   5  24  19
-16  11  22 -21
-20   1 -16   2
 21  -2  12   8
 -5   3  15   9
 16   7  21 -24
 -7 -10  -6 -18
  9 -10  -3  -4
-24 -24  13  18
 23   6 -22  10
 22  18 -11  15
 -2  22  15 -16
-10 -19 -19   7
 21  -5  10  -4
 10  10 -20   9
 23   1  -1 -23
  5 -19  21  -7
 22  16   7   5
  9  -5   6 -15
-24  -7 -13   4
 -8  -4  -5   2
-18 -24 -14   6
-16  -7  18 -12
 23  16   3 -17
  2  22   7 -18
-20  -9 -16 -10
  5  14  18 -20
 -5  19   6   3
-20  13   3   9
 -3   3 -19 -12
 20 -14 -10 -22
 -7   6  -1  22
 -9   3   1 -23
 -3  13 -11 -18
 -9 -14   8   6
 24   9 -21  12
  6  17  13 -16
 -6  15 -13  14
-18  -5  -1 -15
  2  23  -7 -21
 -6  -9 -20 -13
 21 -17 -13  24
-24 -24  -1 -21
 16 -23  18  18
-22 -15  -8 -22
 -1  13   3  11
  9 -16   0  24
 11 -13  14  14
  2  -1 -21   8
 10   1  24   8
 22  12 -23  23
 12  18 -12   8
 21 -14  19 -16
  3 -23   4   8
-20  21  -6 -20
  8  10 -21   1
  3  18  14 -18
-21  -5  24   8
-22  20  -7  -1
 14  16   1  18
 -1  -7  -6  20
 14  -6   0 -17
 13   9  23  -2
 -9  -3  12  11
  5 -14  13 -10
-20 -22   7 -16
 -9 -14  13   3
 10  -1   5  16
  9  -7  22  19
 21  -1 -23  12
 12  23  15  -6
 11   3  -6  -8
  4  24   7  -2
 21  -5  -7 -10
 -4 -16   8  13
 19  12 -16  -3
 20  18  19   6
 22   4  24 -20
 14  20   0  13
 -2 -10  19  12
 11  -2  11  16
-21  -1   0 -23
 21  18  -5  10
-13  10 -11 -22
 14   9  23 -10
 11   5  15   6
 -9   6 -15  11
 11  12  17  17
-17   9  21  19
  7 -12  -1 -22
  3  -4  20 -19
-18 -19   0  -1
 16   2  12 -21
 -7 -18   2 -16
 21   3 -14  -4
 23  22   2   8
  1 -14 -21 -15
-24 -11   4  18
 -2  16   5 -20
 -9  24  24 -23
-19  14  -1 -11
 -7  15 -24 -22
 13   1  -3  13
  5  -7  21 -12
 -4 -23 -11  10
 -5  -4 -11 -23
 10  24 -22   1
-16  19   7 -23
-14 -22   7  19
-15  18 -23  19
-23  21  24  -3
-22 -21 -21  19
-13   2 -17   2
 -8  -7   5 -13
 -9  15   9   9
  2  22 -18 -22
 21 -16   9   6
  1  22  13  15
-17  14 -14 -13
 -1  -4   7   9
 -9  18 -21 -20
-18 -19 -16  22
 23  14 -18 -19
  5   4  -9  10
  5 -21  11 -20
 -9 -13  -6   8
-17 -21   9   4
 21 -22  -9 -23
 21 -14  12 -22
 15 -15  -5  16
-18  -8  -2  23
-18  16  14  -1
 20   6  20 -13
 -6   7 -24  21
 18  19 -12 -19
 -4 -17 -13  -4
 16   5  16  20
-15 -24   7 -17
 19   1   8  17
  0 -13   7 -11
 -7  13   1   4
 -4 -22  19  24
 -6  -4  17  12
 13  16 -22  24
 24  -2  18  10
 20 -23  -6 -22
 20 -18 -11  16
 18 -15  23  18
-10 -19  16  -3
 18  -2   5  12
 24 -14  22   0
 15 -11   4  -4
 16  12   2   9
-23 -16  16 -15
 13 -24   1 -20
-23   0  18   4
-23   0 -10 -20
  0  -1  14   9
  3  14 -22   5
 -8  -5 -21  10
-24  -3   7   8
 11 -21  -8 -24
 -9   8 -22 -12
 11  -7  -2  -9
 -5   9   7   5
 14  17  16  22
-10   7 -14  24
 -4 -17  17 -19
  4  -9 -23 -17
  0  21   9   0
-14 -20 -18 -14
  9  -1  10 -18
-17  13   5  -8
 23   1   6 -17
 24  14 -24  -3
  5  10  -5   4
  6 -13   9  -8
-13   7  20 -20
 12 -16  15   6
 -1  13  24 -12
  5   9 -20  18
 11  12  -1  -4
 20  21  -2  -1
 17   1   0 -11
-22  19   4 -22
  3 -23  11  21
  8 -18  -4  -4
-20 -16  22  14
 22 -11  21  12
 14  -4   2 -13
 -8  13 -13 -17
-18   6  -1  -3
-14   2  23 -13
 13   7  -9   0
-15   9 -12 -21
-10 -17  11  -9
 -8 -10   9  17
-16 -10  -8 -12
 -1 -18  10 -22
 -2  -8  -6 -24
-21  11  22  23
 17  15   2  -6
  2  12  24  -1
 -1 -16   2  23
 16 -22   2 -18
 15 -21  22 -21
-20  -5 -11   9
-17   0 -20  23
-12  -7   6  16
 16  -6 -13  14
 -1  21 -11 -15
 -5  23  12  24
-19  16   3  -8
  9  10 -24  18
-19   1  22 -22
 -3   5   5  21
-14  14  -2 -22
-15  -7   0   5
  2 -12  23 -20
 15  12  -5  -7
-17   9 -20  18
 -3  -8   0  -3
 19  23  16   1
 -2 -22   4 -24
  7  -4  24   0
  0  -7  10  -5
 16 -16  15 -19
-11 -10  -9   2
 18  17  -3 -17
 14  -8  20   8
 11  -3   7  24
-10  -1  -3 -13
 21 -16  -9  -5
  2  12 -15  17
 -4 -16 -13   5
-18  -2 -15   0
 14  20   8  14
 12  15  -8  14
 18  22  -2 -18
-22   6 -20 -16
  3 -21 -20   1
 18  23  19  -4
 -4  -6  -1 -24
 15  21  18 -16
 22 -17  -3 -18
 -6   0  -5 -24
-15 -22  17  -8
 -8  20  17  16
-24   6   9 -21
 -9 -16 -15  -2
  8   2 -16  -9
-23   7 -20   1
-15   8  -1  11
-14  16 -11   2
 11   9  -8 -17
 -8  -1  -5 -12
-12   1  17 -14
-22 -10 -13   9
 -6   9 -11 -17
  4  -1 -14 -23
 17  15 -23 -22
 10 -15 -22   7
 24  -4  21  18
  0  14 -10 -14
-13  16 -10 -20
 -7   9 -17   4
-12  -4  14 -15
 -5  13  -9  17
-13 -14  22   3
 10  16  13 -14
  2 -23  18 -23
 -5  14 -24  21
 10  16 -14  24
 -9 -16 -16 -11
  1  -4  -3 -16
  6  -8 -12   1
-14 -13  -5   4
-19 -12  24 -10
-14   6 -17   6
-22   7  11  19
 18 -12   8  18
-23  19   2 -14
  5 -11   3  15
  7 -16   9  11
-18 -11  10  -1
 10   5  15   5
 15  -1  16  10
 20 -20 -19  -7
  3 -24  10 -20
  1  -6  17   2
-10  -1  11  -8
  4 -13 -11   7
  0   1   5  -1
-14 -11  -9   7
-19 -18  14  -7
  1  21   7 -13
  9  24 -11  22
  5  15  -6  -8
-20  12 -22   0
  2  22 -17   3
 19 -14 -15  21
 -5  13   6 -19
 -1 -13  12  22
-10  11   3 -24
  8   0 -21   3
 -8  -5  18  16
  2  14 -12  10
  0 -16   8 -24
 -8  17   7   9
-23  23  16  -9
-19   6 -13  -4
  1 -14   8  21
-21  15 -18   5
 17 -21  -8 -23
-20  20   2  20
-12  -3 -22   9
-22 -24   4   5
  9  23 -16 -23
  8 -22  19  22
 -8  18  22   3
 -4  -5   3   1
 15 -21  10  14
 13  -7  -6 -23
  5 -17   4  -9
-14   4  23  -4
 -6  13   6 -23
-22 -20   4   7
  4  -5   2  18
  7 -14   3   0
 18 -24   3  24
  8  11 -13  10
-14  12  10 -12
 20  -9 -11   0
-24 -21 -19 -19
-21 -22  10   5
 10 -20   8 -23
-14  -1  -3  23
 20  -3   2  21
 23 -10 -18  21
-19   1   8   2
  7  -4  22 -23
-12   0 -22  -1
-15  -5  -3  20
-17  -4 -18 -17
 20 -20   2   0
  1 -21 -20 -24
 18  -6   2  18
 16  24  15   9
 16 -18  20  13
-13 -20 -15  24
-10   8  -4 -18
 24  -9   8  10
 18  17  20  -5
 22  16 -23 -13
-20 -13 -21 -13
-19  12 -24 -17
-10  -9   2   0
 10  13   7 -22
 -5  20  -8  18
-20  -3  -5  21
 -8  20  14 -20
  4  24  19 -17
  3  13   9   8
 11  16  14 -17
-14  -1   5 -20
 21  22 -10  24
 -2  -1  24  13
 11  11   2 -21
-12  24 -17  21
-14  11  -3  18
 10 -16  -2 -22
-18  22   6  17
 10 -10  15   6
-11  13  14  12
 14  -2  15  22
  4   0 -13  17
-22 -23  11   7
 18 -14  12 -18
-12  -5   3 -19
-10   9   4 -16
-11  -5   6 -12
 21  22  -6 -12
 18   4 -11 -21
-20  16 -14  18
-21   5   8  16
-15 -17  18   4
 -1 -10  -9  23
-19  22 -14  -1
  2  23  19 -13
 -6   7  -8  14
 -1   3   1  -6
-19  -8 -22  20
-21 -21 -24  10
 24  17  -8   2
 24 -12  -4  -7
 21 -14  15  17
  6  -8   5 -12
 11 -24   3 -14
-11  -4   9 -16
 -3  22 -18 -22
  8  18  -3 -12
 21 -13   8  20
-22 -22  19   2
  8   8 -10 -13
 12  12 -16 -12
-12  15  -7 -19
 -9 -10  -6  -7
 19   5   6  21
-22  -7 -22 -13
-22  22   2 -19
 -6   3 -11  -9
 24 -20  18  17
-20   5 -14 -10
 -1 -17 -22  -7
  6  20  23 -20
 14  15 -15   3
  7  15   8 -11
  9   0   7 -14
 21   3 -14   2
-20   0  -3  -8
 19 -13  14  17
 -8 -23  -7  19
 -2   0  -9  -4
 24 -22  -7 -18
 13  23  23   7
 19  -1 -13  13
 -7 -13 -19  18
 16   1 -21   0
 19 -11  19 -19
-18  14  -6  24
-12   5  11  10
  8  17 -24  12
 24  -3  15  -5
 12  -6 -19   0
 11  23   0  16
-10  16  20  -5
 22  24  24   4
 14  14   7  -4
 20 -11 -15   8
 18 -16  -9 -22
 -3   0  11  18
 21  16  19  24
-16  21  15 -19
 23  22 -12  12
 -4  10 -16 -14
 14 -23  11  -7
  8 -23  -3 -22