 -6  10  24  17
 12   1  20  22
 12 -10 -21   7
  9  24  -1  12
 19 -10  17   6
 16   0 -18 -17
 12  23  15  13
-24  13 -18 -24
 -1   8  16   7
-20 -12 -23   6
  3 -22  -8 -22
-14 -18 -23  -6
-21  22  22 -21
-21 -20  15   7
-23  15  10 -15
 23  19 -21  11
  5 -16 -18   9
  8  12  19 -17
-14 -14  13   7
  3  10 -10 -18
 22   4  22  -6
  9 -13 -12 -10
 -3 -20   3 -18
-13  15  17  11
 22 -19  -8  12
  2  15  18 -16
 -8   9  19   7
-17   1  -4 -21
 -9  -3  16  17
 11  -6  -7 -12
-12   6  13  22
 11  -2 -17 -14
-15  -2 -18   7
  9  17   4  -8
-12 -17 -13   8
  7  -5  12  17
-12   9  23 -16
 12  21  21  -9
-18  20 -15  16
  3   6 -22 -15
 13   6  -8 -12
 -9  -3 -11 -13
 21   7  17  -8
 13  -7  -8 -16
 24   9  -9 -20
 16 -19  12  -2
 17   2   5 -18
-18  19   8   1
-10 -18  22   6
 24 -14   4   9
 -5  -1  -3  23
  6   2 -20 -18
 -2  17 -18  -2
 13 -10 -12   4
 -8  11  -3 -24
 -5  -3 -10 -20
  1  -8 -11   1
 -8   2  -3 -22
-24 -17  -2  22
-22  -1 -13   9
  6 -14  -7 -13
 -9 -19 -14  10
 15 -19 -11  -7
 11  -9   6  -7
 23   8   8  22
-14 -20 -19  12
-22 -17  -9  16
-11  11  -4  23
 14   4  13 -22
 -8  17  24   6
 21  15 -21 -16
-23  23  24 -22
  3  -4  16 -10
 22  -4  13  -7
-13  -3 -24  23
 20 -23  19  21
 -8 -11  19 -10
-15 -21  -8  -9
-21 -10  -1  23
 17 -20 -11 -20
  2   8   3  12
-12   4   1  16
-18 -11  23  -5
 13   1  12  -9
 -8  16   7   0
 22   1   5  18
  4   8  10  24
 19   7  14  -5
 -6  19  -8 -24
-16   7  -3   1
 24 -21 -14 -22
 24 -20  19   3
-10   6 -23  14
-12  18  16  11
-20   7 -17   8
-19  22  16  14
-19 -22  -9  22
-18 -21  -7   4
-13 -23  12   2
-17   6 -18  17
 20  20  -9 -13
 19  -9 -11  -7
  3   4  17  19
 20  24 -15 -19
 13 -10  15  13
-11  15 -16 -15
  7 -21 -21 -18
-14  -7   0  18
 -3 -20  -8   4
-10 -12 -16   4
-15  10   4 -15
 10 -12   0  -9
 -5 -10  -4   2
 10 -18  21  13
-14 -19 -17 -22
-13   4 -21  -1
 -5 -19   0 -15
-20   5 -11  -7
 21  22 -12  23
  7   4  10 -20
-18   4  -7  -7
  0  -5  16 -20
  5 -23  20   7
-24  14   7  -6
  0  24 -23  -7
  9 -10   9   0
  7  20 -19  -6
 10   3 -15 -10
 23  -3  19  21
-11  -7  23  18
  1  -9 -10  -5
 15  14 -11 -22
 13 -12  14 -24
-20 -19 -14   3
 -4 -16   4  -6
  5  20  18  -2
 -7  12  13  -7
  6   4   6 -14
-24   3  18   7
 -2  12  20  23
 10   5   9 -12
  8   2   7  -2
  0 -14  -3   0
-16  19  23  -7
 -1  19  -1   7
-18 -12  -7 -15
 -4   8 -21  11
 18  19 -22 -17
 -1   3  23  16
 -4 -22  13  17
  8  -5  24 -17
 22   7 -21  -5
 -2  -2  -7  -6
  5 -20 -22  11
-15  19 -17 -15
-20   8 -12  -5
  2 -16   4  -5
 -7 -14  23  20
  4 -13   4 -21
 21  22 -24   6
 -7 -17   7  -2
  9  21  12  -5
-18  14   4  20
 -4  -5 -12 -12
 16  13  17 -19
  4   9   7  12
  6   6  -4  19
 17 -13 -13 -19
  9  23 -17   0
 23 -11  24   9
 -4 -22  -9  10
-11  -8 -18   0
-14  -5 -20 -15
 -4  -5 -10  14
 19  21  16 -15
-19   9  23  18
-17  -7  15 -18
  7 -20   3  -3
 21  -1   3  -6
 19  -4 -10  -8
 17  -3 -14  -2
-24  13   5  19
 12   0  -3 -23
-12  -5  20  18
  0  13  20  -3
  8  17  16  16
 13 -18 -11  -9
 12  -7 -24  18
 16   8  -6 -24
 18 -20   8  -6
 -9   0 -13  17
-13 -24 -14  12
 16 -22  21 -13
  0 -19  -9  -6
-16 -16 -11   4
-23 -14 -11  22
 -5 -12  -5  24
 15  19  -5 -19
-13 -21  15  12
 -3  14  21  -6
 -3 -10 -11 -15
  8 -18  10  16
-20  22  -5  -4
-18 -19 -15  -6
  0  -3  22 -19
  4  -1  -5  19
 14  10 -23 -20
  7  16 -22  -9
 -4 -21  19 -24
 20  12  19  17
 -8  20  24  -5
  3 -13 -23  17
-15   8  -1  12
  2   2  -1 -23
 14  -3  -4  16
 20 -14   1 -19
 18  20  24 -16
 13  -6 -22 -24
-17  14  15  -1
-11 -14   8 -19
-21   9 -10  -7
 13 -20  -6   5
-18  11  21 -13
 -4   0 -23  18
 10 -13 -24  16
  2 -24   5   9
 23 -16 -19  22
 -3  21   2  23
  9  13  21  13
  8  24   8  13
 24 -19   2   0
  1 -19  -1 -12
 -7  18  -5 -18
-18  15  -1  24
 24  -1  24   5
-11  24  -8  16
 10  22 -16  11
-23  -6  14 -13
-12   4  14   5
  6  14   4   4
-23  21 -15   7
 -2  22  -8  22
 19  22 -12  -7
-21  -4  16 -13
 -3   5 -23  21
-24 -20 -24  17
  5 -23   0 -15
  7  -9  -3  22
  8 -15   6  -3
  9   7  14  -3
  0  23  16  -8
  4   1   6  -4
 -6 -18 -23 -19
-19  21  -6  -8
 12  -4  14  12
 18  -2 -18 -22
 17   3   7  -3
  3  11   3  -2
 15  18   2   9
-18  21 -16   0
 10 -23 -13  13
-13   7  -3   3
-21  21 -16  10
 19   8   0  -9
  3  -3  14  -7
  6 -17  -7  -9
-16 -22   9 -18
 -4  15  -8   5
  3   9  -5 -19
-22  14  22  11
-22   9 -15  19
  1  18 -20 -12
-11   2 -10  21
 21   2  20  -3
  1 -23  -8  24
-10   6   8   2
  6  -4  -4   6
-24  -4   5 -21
 18  13 -19  17
  2 -10   5  -1
 16  -2  14  11
  3 -13 -16  18
  3  22  -7  -6
  1  20  -9 -19
 -3 -10  -7 -21
-19   0  19   1
  0 -13  21 -16
  6  -1   5  24
 11 -14 -13  -8
-23  -9  14  18
-18 -24   2   4
-19  24 -15   8
-24 -22 -19  23
-20 -23 -15  -1
 11 -22 -17   2
 23  12  -9   1
  9   6 -11  -4
-15  15 -14 -24
  3   6 -20   2
 -6  -2  -6 -13
 14  20 -22  20
-20  11   3 -22
-17 -17 -14   0
 -8  22  -6  17
 -8   1  20  20
-17 -10  13  17
  5  -8  12 -12
-14  -5  12 -10
 -6 -14  11  11
  4 -10  14   1
  9  -1  16 -21
 -8  18 -13 -16
-13 -15  10 -19
 19   1 -19  16
  7 -11  -7  -9
-24  15 -20  21
 20  -5  23  12
-14   5  -7 -10
-22  16   7   3
 24  24 -12 -11
-17   5   8  23
  0  -9  -8 -17
  8  13   8   6
 15 -14  19 -10
 16 -21  19  17
  7  -8  21 -10
-15  17 -12   4
 -2  -5 -13 -14
 24   7 -13 -11
 -8 -11  14   2
 16  11   4  -4
  5   7  18   5
-21  24 -11  23
 -7  23 -22  20
 17 -24   6   2
-19 -19  19   0
 17 -19  10  -2
-12  21  -6  15
 24 -10 -16 -20
-23 -20   8  -1
 23  -8  23 -23
 -2   5  -7 -20
  8  -8  20  11
 10  -6   1  -3
-23   8  20 -23
 -9  14   4  -3
 -7   9  -9  17
  5   8  23 -24
  4 -19  -4 -23
-24 -23  17  24
 12  -6  -3   1
 18   5  -2  10
-10 -21  10 -19
 23   4 -17  13
-11   9  -9  19
 -3 -19  24  24
 -6 -17   8  -3
 23   3 -15 -10
-24  -1   2  -8
 19 -15 -23 -21
-18  18  15 -23
  0 -13  20   7
 -4   8   9   1
 22  20 -23  -2
 15  22  16  -6
  9   4  -7  10
 -4  15  -6  -9
 17  10   2  13
-24  -5  15 -13
-10 -17  18   2
  1   8  17  12
 10   5  16 -11
-24  -4  -4 -21
-24  -5  16  14
 22   8  -6 -11
-20  21  -9   7
-24  16   7 -18
-18 -10 -23  12
 19   8  -6  21
  0  14  21 -14
 11   2  -4  17
 -1   8  16 -16
-10   1 -12   9
 17 -16  20  20
-14  24   4  -2
  2   5 -17  18
-20   7  12 -20
  5 -21 -20  12
 -8   1  15  -9
 22 -15  -9  -5
-19  21   1  -2
-24  16  -5 -14
 13  -5  13  24
 -9  20 -17 -16
-19   9  19  12
-19  -5  24 -23
-12 -13  -4  -2
-23  -1  10  12
 -2 -16  21  21
  5  14  18  20
-10 -23  -5  -3
-16  17  -7  15
  2  19   7  -6
-18  -4   7  10
-23 -14 -23  17
 -9  -6   6 -18
 -7 -12  -1  16
 -2  18  -8  22
  6   9 -19 -23
  7  18  21   5
 20  -3  13 -19
-24  19  -9  -8
  4 -19  -1  22
 11  16  22  14
-18 -18 -21   6
-24   8 -10  -3
  4   8   2  -6
-22   6  10  -5
  7  15  -2 -22
-22  -3 -22 -21
 23  14  10  17
  6 -12   5  20
-22  -2  -2   0
 10  24 -16  -2
-15 -22  11 -19
 -4  -7  12   8
-12  -3  16  -7
 13   7   7   9
 23   6 -14   1
 24 -20  17  -6
  8   4 -24 -12
  7  18  24  -3
  1   2 -12 -16
  2 -22 -14  -1
-19  -3  13   8
 -1   4   5 -10
 23   3  24  -1
  6  -4 -23 -17
 14  -4  -6 -22
 23 -14 -10 -10
 13  15 -21  18
-12 -10   3  23
-21  -3 -17   3
 13  -4 -10   5
 11   2  -9 -14
 21  18  20 -23
 -5   9   3  -9
-17  10 -12 -17
-17  -5  19 -18
 23   9  -5  19
 -9  -2   1 -10
-15   4  -9 -11
 -2 -14  -2 -18
 -1  16  19  21
  5  -8  13  -6
 -4  24 -12   8
-10 -16   5  22
-19  13   9 -22
 17  24   3   1
-16   3   8  11
 14   2  23   0
 12  22  24  -9
-15  21  13 -24
  1  -7  17 -24
 -3  -8  20   7
  2  15  10  -4
 15  -8  19   6
 -1 -12   2   9
-18   6 -12 -23
  4 -19  19  -2
-22  -9  11   7
-11 -24  -4  18
-12  -2   8 -16
 20 -22 -24  13
 17 -18  -4  -1
  1 -13  22  13
-19  -2 -21   7
-20 -15   8  23
  3  10  11  -3
 22  16  22 -17
 13  15  24 -20
  8  -5 -11   1
 23 -11  23  -3
-22  15   2 -17
 -7 -21  -3  11
  8 -11  24   5
 -6  23  -3   3
-17   9   0 -12
-22   2  22  -6
  9  11  17  -4
  6  -2   7   6
-14  -5 -21 -14
  2  -9   8  21
 22  -9  -1   4
  3  23  11 -23
 22  -1 -14 -19
-21  15  21   4
-14  10  19  -4
 -9 -21   7 -16
-21  22  24 -23
 -4  22  -6  13
 18  -7   5 -19
-14  12   2 -15
 -4  -9   2 -15
 -1  17  22 -18
  8   9  22 -11
 15  23 -19  24
 18  -5  23  10
-16 -15  16 -21
 12 -22   5  24
 -4   7  14 -13
  7  10  23 -20