  8 -16 -23  -5
-17 -23 -17 -23
  5 -21  24   8
 10  14  22 -15
 -2   3   6   2
  6  -4 -11 -11
-21  13  12 -22
-21   8  -2 -11
-16  20  -1  10
 -5  19  -7 -12
  9 -10 -13  -1
 18  -3  -5  19
 -3  -7 -15  21
 -7  -7  -9   5
-21  18  -8  16
  6  23  -3  17
-15 -13 -23 -20
  8  13  23  23
-11  -6 -15   3
 -3 -14   0  15
 -6 -11  19   0
 18   5  14  19
-19  23  12   6
-20  11  23  24
 10 -21  -7 -15
 13 -10  14   6
-10  12 -18  -4
  0  -5  -5  -1
 16  15  -6  -3
 17  13  -9  12
  8  17  18  -9
 19  23  -9  23
 23  17 -17  18
-20  14   0  20
 -5  22   1   0
 -1 -11 -10   9
 10   2  12  22
  5  -8 -12  13
 10   6  -3  -6
 14  13  11 -14
-19 -12  -3   9
  7  15  -7  22
 21  12 -20  -3
 14  -8 -12  15
 -4  23  -1  12
 19 -12  20   2
 -6  24   4 -18
 -2  -5  22 -14
-10  12  11  19
  3   2 -23 -22
-11  18  20  11
 -3   6 -13  19
-17 -11  -5   7
-24 -14  -9  11
  6  -1  20  17
 23  -4 -24  -9
-13   5  24 -11
-24   3  15   4
 17   5  14 -21
 23  14  15   5
 11  -7 -13   1
-10 -15   5  16
-10 -14  15   2
 12 -16 -21 -23
-23  24 -11  -4
 23 -17  20 -24
  4 -15 -14 -13
 23  21  -1  -1
 16 -23  -9  10
 19 -21  14 -21
 -7 -24   4 -23
 21 -10   5   3
 17  -5  16   9
 13  20  -3   5
 23  24 -13  21
 -9  20  -6  15
 18  17  -5  -5
 24  -6  10   6
 12  -1   0  -5
-13  -3   6   2
-12 -12 -19   4
 17  12 -23  13
 20 -20  22 -19
-13  16   9  12
-12   5  -4   6
-19  16  -6  21
-16   5  -5  23
  6 -23   1  -9
 -2   3 -14  -4
 20 -17 -17  21
-21 -10  -4 -21
-18   4   8   0
  9 -10   4 -21
-19  19 -19  10
 11 -15   6 -24
 12 -10 -24   6
 -9  -5   4 -18
 23   8  -7  10
 23  -9 -17   3
 -2 -12   4   4
  5  -8   1   5
 18 -16   1  17
-10  24 -18 -23
 -8 -14   5   1
-16 -10  22  18
 12 -24  -5   1
 22   1  23 -12
  4  20  23  15
  0  -8  15   5
-18  -8 -19  -3
 21  12  22 -13
 23  16 -19  -6
 19  13 -21 -19
 11 -23 -21 -18
-23 -10 -23  -9
-17 -17 -16   2
  5 -20   7  17
 12  -8  22  10
-21  11  15 -24
 -8 -19  12  10
-20 -22  -2 -15
  2  -8  -8  -7
 20  16   2   4
 10   0 -13  -1
-23  -4  15  12
 22 -15   3  -2
  6 -15 -19  11
  4  -5  19   1
 18  23 -17   9
-21  15 -14 -12
-24 -21  -4  19
 23  -7  24  -7
 -8   6  10  16
  6  17  22 -12
 11 -14  24 -10
-21  21   7 -13
-11  21   0  17
 -1  10 -13  -2
  0  21 -16  -9
 21   4  -8 -23
  4  -9  11  20
 24   5 -11 -12
-19  14 -20 -11
-23   0   3  -4
 -2  -5   3   7
-13   1  15  18
 -9  15 -23  11
 -2  -9  -1   9
 -9  15  -1 -17
  7 -11 -17   8
 10  22  15  -7
-15  15 -22   4
 -4 -13  23 -11
-22 -13   5  20
  9 -19  16 -16
-12  18  20 -10
 15  -4 -14  10
 23 -17 -20 -23
-23  21 -10  19
 -2   8  -1 -14
 19   7   4 -19
 22  -1   4  -6
  8  13 -11   7
 -5 -13  23   3
  7  18 -20  20
  5 -11  -1   4
-19  21  -6  10
-11  10   3   9
 11  14   7  -9
-18  18  13   4
 15   0 -17  22
  6  -3 -15  21
 16   8   4 -15
-24   8  19 -11
 24  17  -6 -12
-15  23   4  10
-19  12  -5 -14
  9  12   5  -7
  4 -16  12 -15
 16  16   1 -23
  5  -6  18 -15
 -9  12 -22 -22
 -9  12  20 -19
  5  13 -20   6
  8  -4   3  22
-24   4  14  -4
 24 -23  11  10
 15 -21  19  16
-18 -16 -14 -14
 14 -21  -3  10
-18  -9  -4   4
-19  -9  24  -7
 22  21  18 -20
  0  19 -24 -23
  9 -10 -20  14
-13  18  -7  14
 -3   9  13  -1
  3   5 -11 -18
 11  -1 -11 -20
 21 -20   4 -16
-21   6   3  11
 15  17   8 -24
 10  20  12  10
 23 -22  11  11
-19  13  -1 -24
 10 -16  15  19
 10  17   5  -9
  2  22   5  17
-16   8  -1  15
-18  -7  -4  -4
 -2   8 -10 -12
  2 -24 -22 -19
 -8 -21   1  -9
 -8 -12  -2   4
-12   2  18  13
 10 -17  16  -2
  6   4  12  -5
  6  15  -3  16
-19  15  -5  -4
-19  10  12 -23
 22  22  11  -1
 17   6  23 -10
  7 -23 -20   3
  4   6 -18  -7
 -6   2  11  -3
-16  13   0 -11
-18 -16  -4   0
-18 -12 -14  12
  6   8 -18 -14
 19  16 -11  -8
 17 -16   3  22
  9 -18 -17 -17
-12 -15  14  17
 17 -24  -8  -6
  6  -4   7 -19
 11   1 -14  17
  6 -15 -18  -4
-14  14  21   5
-14 -19 -16  10
 -3  12   0   1
-15  -6  10   0
  2 -18  -4 -14
-19   0  12 -20
-10 -13  -3  -3
-20  19   9  23
  3  -1 -14 -14
 19 -10 -17  16
 -9  13   4 -17
-16   0 -17  15
-17  -5 -19 -17
  1   2  23 -21
 -1  14 -23   6
  7   6  -8   0
 19   2   3  -5
 -8 -18  -4  -9
 20 -17 -15   9
 22  22   4 -12
  2  -5  22 -15
 24   6  22  17
 10 -13 -23 -15
  8  -5 -15 -22
 -1   4 -11  17
-10  -5   7 -20
 -1   4 -12   7
 15   3  -5 -14
 15 -22   8 -21
 -5  22 -12  17
-16  -7  20  11
 -7   9   1  22
-12  13 -22   4
 22  19  17  16
 -2 -18  23 -15
 20  -2 -17 -16
-16 -11  20 -11
 22  20 -24  19
 -7  -9  -6 -20
-13 -19   0   6
 -3   8  -9  -2
 -4  17  -4  10
 -8  10  18 -17
 10 -16  22 -22
 -2 -18  14 -19
 -2 -20 -23  12
-15 -13 -17 -15
 -6  -6  -7  -6
  7 -12  10   0
 -6  -1  20 -18
 24  23  -9 -14
  5 -13  -4  23
 23  19  10  -3
 -9   3   8   5
 12 -13  -4  -4
  3  15   1 -17
-20 -18   9 -13
 21   2   4   2
 -7   2  -6  14
 22   5   8   6
 19  14  23  -3
  5 -12   7  22
 -7  -4   5 -21
 23  21   9  22
  2 -23  -3 -21
 18  10   7  -9
  3   7 -20  -4
-21  23  -1 -17
  5  21  20   1
-19   8 -24  11
 14   5  18  19
-24 -20  12   9
-23 -23 -12 -20
-17   7 -17   2
-21  -2  14  15
 -2  17 -15  10
 -3  13 -21   0
 11  -8  15   7
 11  20 -18  -1
-15  23 -10 -23
  1 -15   4 -11
 18  24  13  17
 14   5   1  12
 12   1  22  -6
 18  19 -21  -2
 -2  21   6  16
 15  11 -21   9
 -9  23  24  14
-13  19 -13  15
 23 -12   7   3
 -9 -23  19   7
 23 -22  -9  -3
  4 -10   3  -3
-11   6   0  20
-22   5  23  10
 -1   3 -10  23
 24 -17 -20  -8
-19  20  15   1
-11   8  16  14
 22   4 -10  10
  9   9  17  14
 17  22 -24   0
 17   9  21 -21
-16 -16 -11  -5
 13   4   8  -1
 -2   5  21  -6
-17  22 -14 -24
-18  -8 -16 -23
  7 -11   8 -13
-12  -6   3  11
  3 -22  23  -3
 -7  16 -20   7
 -4   7  12  12
 -1  -1  19  13
 12  -4  22  -2
-24  23  21  11
 15  -1  -8  17
 16 -19   7   3
-20   0  12  23
  0  23  16  -7
-24 -14   2 -20
 -9 -14  13   8
 15  12  24 -21
 19   4 -11 -14
 11 -22   3 -18
-13  24  14  -8
 -6  10 -15  22
 22  15   8 -10
 17  -6   1  19
 20  -5 -18  23
-13 -12   8  19
 24   8 -20  -3
 -4 -18  -8   5
  6 -13   5  15
 16  -8  14  -1
 11  -2   3 -22
 17  11  -4  -1
 18  -7   1  -6
 -6   2  17 -21
  2  14  16  23
 20  -9  16  11
 20  22  -8  -4
  0  10 -24  21
-15  -2  23 -19
 16 -18  -5   2
-16  16  -4  23
 22   8  24  14
 21   5 -23   7
-13  20 -15  14
-11  19  22 -18
  6 -12 -17 -13
  4 -23 -20  -7
 16  -3 -21  18
 18 -11  14  -7
 13   3   6  -6
  0   5  -6 -12
 -6  -7  12  16
 13  14 -22   2
-23  -3  10  22
-20   0  11   0
  9  23  11 -12
 20 -11 -23 -17
 15  -3  12  -6
 -1 -14  -2  12
-11   6 -10 -20
 -4 -13  24   7
-23   4  12  20
  8  -1  18 -21
 -3 -11 -24  -6
-13  -7  22 -13
 21  24  -9 -17
 21   7  11 -24
  1 -23   2  16
-12  24 -23  15
 15  -5  21 -11
 -3 -24  -9 -11
 22  10  -5  -3
  7   6   3  19
 -6 -18   7   0
 -3  -6  10  17
  4 -18  -8 -10
 11  22  19   8
-14  23  -4   2
 22  -1  -2  15
 -4  19   9 -22
  0  19 -10 -16
 -5  -2  18  -9
  7  22 -15  10
-13  15   3   2
-22  -5  -6  -8
 -1 -16   3  23
 -3 -20  20 -24
  4 -16  17  19
 14  -3 -16  -7
 21   8  -4  11
 -1 -23  -6  -1
-16  14  12  -8
-22  -5  17  17
 17  24 -18 -10
 -8 -16 -23 -12
 -1 -20  19  11
 -4  15   7   1
-10  21  -9  18
 21   2 -23  16
 22  17   3  -4
 11  -6  -6  -7
-13  -8  17  19
 -8   8   9  -8
-19  17  13  11
 20 -14 -20   3
  4  13  23 -14
-10  -4   7 -12
 10 -19   4 -13
  1  13 -21 -16
 20   7 -12 -19
-14 -18  20 -13
-18  -5   2   4
 10 -15  16  24
-12  14  17   2
 10  12  -1  24
 10  -7   4  10
 14  -2  -1  19
 24   6 -13   1
 17 -11  12 -24
  3 -22 -20  20
 19  20   4  -7
 10   0   1   0
 14   1   8   1
  5  10  -8  14
 15  -8  20 -11
-23 -10  24   5
 21   9 -18 -20
  5 -16 -14 -18
 -6  -9  12 -24
-14 -12  12 -17
-15  -2  -4  14
-15 -17 -16  -9
-18  -9   2 -20
-12  13   8  23
 -4  -7  21   4
-19  -6 -13  15
-21  19  24  21
-22  23  -4  -4
 14  13  17  12
 19 -17   8 -24
-24 -21  22  -6
 -5  23  19   4
  1   8  12   5
-21  -8  14  -7
 -3 -16 -24  23
 -8   3  -5 -14
  8   8  -9  -1
-18  15  19   9
-13 -18 -21 -12
 22  -6   0  14
  7 -12  -1  20
-12   8  -2  -5
 -5 -24 -17 -17
  1   2  14  21
  1  14 -20  22
 10 -21   0   3
 12 -20  -4  12
 -7   3 -11  15
  1 -24  10  -8
-15  22 -10  21
-20 -22 -12  -8
-19  20  -5 -15
-13  20  19  -3
 -8 -21 -13  24
 24  15   8  19
 -2 -22  12  -7
 13  -8 -14  -7
 18  10 -23   1
 19  18   7   0
 -6  11  22  21