 13 -20 -20  24
 19 -18  10   4
 -2  -2   5  19
-23  23 -23  13
-15  15  23  19
 -4 -21  16  -9
  6  23  12  18
 20  -1  -3 -24
 19 -16  -6 -12
 -9  22 -18  14
-10 -14  -5 -13
-19 -16  -5  19
-18  -3  -7  15
 12  -3  11   4
 -5  19  24  -7
  0 -17  18 -12
 21  17 -18  20
  7  16  14  21
 22  18  16  -4
 19  19  23 -12
 20   2  23  19
 -8  24 -13  -4
-19 -17  -4 -20
 -2 -15  -1 -10
-14 -12  -1   6
 -2  16 -24 -16
 -9  -8  17  10
 -6 -21 -12   1
 -1 -18 -21 -20
-15 -14 -12  -6
-21  -3  21 -19
 18  17 -21   7
 12   8  13 -19
-15  -3  17  23
 -9  -7  11 -14
 21   2 -10   3
-14   9   6   5
-11  -7  23 -19
-12 -23 -12  -9
  1   5   4 -14
 20  20  13 -15
  7   1   6  20
 14   7 -24  12
 -8   4   3  -1
 -8 -24  -3  13
-18  11  -7  19
 23 -14  -1  -1
  3   3 -13 -24
-11 -24  14  18
 23   0   5  -2
 24   0 -20 -20
 14   2  -3 -12
-15 -21   0   9
  2  15 -14   7
 18  16 -22 -21
  3 -19 -19 -13
  2 -21  15 -22
-11  19   0 -18
 12   4  -9   9
 14 -19  15 -10
-12 -23  11  -2
-14  18  15  17
  6  -7  16  14
-12 -12  10   0
 17 -19 -12  13
 -7  -4 -20  13
  8   9 -21   2
-20 -12 -12  -2
  9   4  -3  20
 22 -15  -7 -20
 21  -8  -3  -4
 17   0   0 -22
-22  -4   4  13
  9  12  22  23
 10  16 -16 -16
-20 -14  -8  21
  5 -14  21   8
-12 -23  -5 -22
 15   2  -2   5
-17  22   3 -19
 11  10  -9  20
-22  -5  15   3
  6  22 -10  -5
 16  24 -12 -11
 13 -10  -8  -7
-16 -16 -14 -14
-18  20 -22   3
-15 -21 -15   7
  1  17   3 -13
  7 -24 -19  19
-19  17   7  -7
  0  14  -4 -10
 23 -24 -12 -23
  8 -13  19 -17
 -3 -13   6 -24
  3   1   2   4
-24  20   1  -3
 17 -12  -3  14
 -2   3  13 -10
-22  -4   4 -19
 21 -22 -18  17
-23  -3 -11  23
  1  17 -22  22
 21  -7  -8  23
 16  15  -6 -19
-17  -4  21 -20
 19   2 -14  20
-20  19  -1 -10
  0 -12 -14  17
-14 -15  -8  16
 -4 -18  -2 -10
 -3   3 -16  15
-15 -13 -10  -2
 -8  -2  -8   4
  6   2 -12 -19
-21  -8   6   4
 -9   8  15  21
 -6   7 -17  -5
 -2  17 -14  18
 13 -12   0 -11
  9 -16  20   1
-16  13  19  10
 14  -4  17 -13
 22   0 -18  -3
 19  15   4  21
-12  11  -8  16
  8 -20  -3 -11
  6   0 -18   3
 14  -9   5 -21
  5  22 -18 -11
  1  24 -18 -11
 16 -21 -19  15
 -5  -1   9  18
 17  10  19 -24
-24 -12   7  16
 19   4   4   2
-17   0  -3   7
 -1   4  13  20
-21 -10 -13  -1
-14  -9 -18  19
 14  20  -5  -8
  6  22 -17   4
 -8  -8 -24   1
  0   1  -8  22
  8  22  14   8
  7  -7  19  17
  4 -18 -13  -1
  8 -10 -14   2
 17  -4   1   5
 11  -7  -1  10
  8 -19 -15  14
-16 -23  21 -18
 22 -22  -6 -21
-17  22   2  23
 -2  -6  23 -19
  5 -12   9  -1
 15  15  -8  -7
  9  24  -7  13
 -4  -1  14  23
-10 -15  -7  22
 -5 -15   1  -7
-16  17  14  16
 -8 -20  -3 -16
 -2  10  12  -9
-22  22  18 -14
-20  12 -16  11
 -3  11  -8  14
 23  15   8  12
 16 -16  17  10
  4   7  14  12
 19   8  19  21
-24  11  -5  13
 10  -7 -11  -8
 -5  18  11  10
 15  20 -12 -23
 -5   4  -5 -12
-13 -10 -15  -2
  5 -20  -7 -22
-20  13  18  -9
-22  15 -17 -15
 -1  24 -24 -20
-19  18 -24  20
 21 -13  -7  24
 18   3 -24  21
 14  16  23   2
-15  15 -15  16
 18   7  18  20
-23  23 -24 -15
  9  12  -6  -9
 -1  11 -14  15
-11  -8 -16 -11
-21  -2  -9  17
  6 -13 -18   2
 20   8   3  -1
-21 -17 -11  13
-23 -14  13 -16
  0 -17   4   1
-15   3 -18   0
 -5   9 -15  -2
-11 -23  -6  -5
-20 -20  15  13
  2 -17 -23 -18
 22   1  21  10
 -5 -14  13  -6
  6  -1  -6  20
-10  -4  -5  -1
  6 -21  17 -17
 15   5 -23 -22
 10  -9  13   3
 15  -3  -2  22
  0 -22 -10  24
 16   5 -13   0
 11  -6  10   9
-12  12 -11  12
  0   0 -12 -21
 15 -21 -19   6
  1 -13   4  20
 13 -24 -14   0
 -3 -21 -15   9
-20  18  14 -14
 10   7   3  14
-21   6 -13 -15
 23   1 -13   8
 -7   6  15  17
-18  10  23   2
  0 -19 -17 -10
 13  21  13  20
 23 -22  -6 -14
 15   0  12  -1
  4  10   9  18
 18   8  -3 -21
-19  16  11  19
-11 -12 -10  13
 21  -9  13  14
 10  -8  24 -23
 11  11 -17  18
 -7   2   3 -10
 14 -23 -16  18
  0 -11  -5 -22
 -5  -1 -19   2
 -2  13  -2  -9
 11 -23  -6  -7
-19  22 -15 -18
 -8  -9   4   7
 -6  21  20   8
-15  -8  14  -4
 -3  -6   6  -4
-12 -15  23  13
-15   2 -14  -3
  9  -8 -18  10
 -2 -22 -12   2
 -9 -18  -1 -10
 20 -23  14  -5
-11  15 -16  23
 -8  18 -23 -12
  6  12  -2  20
 -6   1 -14  -2
 15   0  -5  -8
 16  -4   5   4
-23  15 -12  -9
 19  14  -4  -4
  5   3   6  15
 24   2  10   8
 -5 -22 -16 -19
-18  11  -2  19
 23  11   2 -13
 15 -18 -14   9
  6   4   6   4
 16  24  -1 -14
-15  19  22 -22
  0 -14 -19   6
 -5  -3 -22  -1
 10   3 -21  -7
 -7   9  21 -14
 19 -12 -21  18
 -8  21  -2  -4
 14 -19  15 -21
-18  20 -12  -1
 19 -21  -3  -8
 24  15 -17  -9
 11 -14 -11  17
-13 -19  16 -23
 22  24  18 -17
-13  -8 -11   6
 10   3   4  -1
 22  13  -6 -15
 -6 -10  -6   6
  5  13  -4 -20
  2   1  -5 -20
-13 -10   2 -10
  9  -6  -5 -18
 -3 -23  -9   8
 16  23  -2   2
 -1 -24  19  -8
-11  17  10  14
  1  12  20  19
 -1 -22   8   9
-23 -23  -2 -19
 -5   4 -24 -19
  7 -19  -7 -23
 10  13  -2  19
-23  11 -18 -13
  1  -8  11  -9
 12 -19   7 -18
 -9  12   1  11
 -7 -24   7 -16
  7  17   4 -24
 20  -8  12   0
-24  21  -6  17
 18 -24  13  19
  2 -12  -3 -17
-16   9  -6   4
  8 -22  -1 -12
-19  -6  -3   7
-13 -16  -8   8
-14   7 -10 -18
 11  15 -17 -10
 -3 -11  18  22
  6  -2  -7   6
 22  15 -15 -15
  2  -7 -11  17
 -1 -10   1   6
  6  20 -22  19
 20   0  20   0
 16  11  14   1
 13  -7  12  11
-16  22  13  -9
  6 -21   8   4
 18  -6  10 -18
-16 -20  -8   7
-24   7 -10  13
  9  24 -13 -13
 17  19  17 -14
-16 -22  18 -20
  9   7  -8   2
 13 -12 -20  18
-21 -16  17  -7
 13  19  -9  -5
-22  17 -14   1
 13  11   1  -6
 14   5  -1  15
 -8  11   2 -14
  5  -5   9  12
  5   9  16 -11
 11  -3  18  -4
-13  -4 -12  22
 12 -15   8   9
 22  12 -11 -14
-14   8   8 -10
  5   1  24 -17
-12 -13 -18  14
 15 -19  10  15
-12   6  -7 -11
 22 -11   9  15
  6  12  15  18
 23 -10  23 -24
  0   7   3   4
-19  -5  12  14
-13 -18 -21   6
-14  14  -5 -15
 -5   0  -2  -4
 -7  23  -7  11
  1  21 -12  14
 24 -18  24 -11
 21  -1  -5   9
 10   5  12 -24
  3  -6  22  22
-10  -7 -12  -2
 -5  -1 -19  -9
-11  24 -21   0
  3  18  -3 -20
 21  21  17 -10
-22   9 -21   2
 20  17   1  14
 20 -17  19  13
-18  17   3   2
 20  -6  13  16
-21  11  -1  -1
-19  10  24 -13
  4 -10 -20   2
 -5  17  12   6
 17  21  -8  -2
 -3 -19   5   0
-10 -14  16  17
 -3 -22  -9  -2
-14   4  -6  15
 -1  -2   1  -5
 14  -7   9 -19
 15  21   0  13
  6  -8  10 -20
 19  11   4   8
  7 -24  -8   5
-23  10  14   2
-11  18 -18 -21
 -2 -19  16 -10
 -3  20 -16 -13
 20   2 -12   5
 16  22  16  18
 -1   4   3  -2
-14   0   2   2
 16  15   0 -13
 21 -12  19   5
 -5 -23 -10 -15
-14  13   9  -9
 21  13   1  15
 13 -10  -5  -7
 -7  23  19  -4
  4 -19  -8  19
  6 -15  20 -22
-20  -6  19  -7
 23  -7  18  14
 23 -16  18 -17
 17  -7 -21 -13
 -7   3 -24  17
 -9  -2 -14 -18
 -7  -5  -6   0
  3  14 -18 -21
-20  -2  -5 -19
  0  19  13 -15
 16  -8 -16 -20
 15   8   8  -2
 16 -12  -5  -6
-17  -5 -21   5
-15   0 -22  23
 -8  18 -16 -18
  0 -16 -18  -4
-18   1  -9   5
-10 -14  23  23
 18 -22  -4  24
  0  24 -17 -22
  2 -22 -19  12
  5 -10  11  -7
  1  13  10   5
 -9 -12  23  -5
-16  11  11 -10
 10  18  -3 -12
-17  19 -13   5
  1  15   2  13
-12 -15 -24 -10
 16  22   5  10
 -4 -20   0 -18
-19   6  -6   6
-20  19  -6  -3
  6  17   0 -14
-21  10  20   5
-19 -22  17 -23
 -3   1  13 -23
 14 -10 -24  10
-17  15   4   9
 -3  15  -3 -17
  9   6  23  -1
-22  -7  14 -20
 22  -2   3  19
 11  16   9 -23
 -2  -6  -6 -10
 -3 -16  19  14
 -1 -11 -13  18
 -8  -2  -4  20
  4  17   2   3
 21   2  -7  -7
 14  -9  19  24
 17  13  16 -15
 22  -4 -22  12
-19 -13 -17 -20
-13  18  16  21
 -4   1   5  -8
 -1   9 -12  -2
-10  15 -17  -5
  6  12  -9   5
 23  -1  18   1
  6  20 -20  -9
 22  -7  14 -22
  8  24 -21   5
-24 -12  21 -15
 15   5  -6  21
 16 -11  -7  14
  6  15 -10  -4
 21 -23 -17 -21
-12  16  17 -11
 -7 -20  16  -6
  3  22   7  13
 -8  14  19  -5
 21 -12   3  12
 24  24 -10  23
-10 -17  -2   5
 11  23   5 -20
 10 -12   1 -18
 16 -16   1  -3
-21  22 -22 -17
 19   8  19  12
 -5  -2  20 -22
-10  -8   8  -2
 24  14  -9  20
 17  24 -10  16
 15 -18   5   1
-23  -9  11  -3
-24  10  24 -16
 24 -14  -8  -3
 -4  20 -17   7
 10 -24   1  10
  9 -20 -14 -14
 -5  -2 -13  10
-18   6  13  12
 18  22   3 -15
 -7 -24  24   3
  5   7  21  20
  1  18 -16   7
-13 -17  15 -16
-22 -17 -18   4
 19 -15  14  16
-15   1 -20  16
  7   6 -20  -5