-15  14  -9  -7
-11  11  15   2
 22  -5 -14  20
 -6 -12  -3  19
-20  15  11 -19
-10 -12 -20 -19
 10   9 -14 -21
  0  14 -21 -19
  5 -10  -6  22
-22  14 -13  17
-10 -21  -5  -5
  5  24  22  21
  1 -18  18   8
 15  -8  15  22
-12  -4 -24   6
 13  18 -12   6
 23   4   0  10
 14  -3 -16 -13
-10 -11  -4   9
-23   1  14   0
 -1 -11 -13 -14
-19  20  -5  13
 -8  -6  -4 -11
-19  -1  12  -4
-10   4 -13  16
-13   8  19  -6
 19  14  -7   7
 -9 -18   4 -18
  9   5  24 -22
-11  16  12 -13
 -8  10  -2  22
  7  13 -12  -5
-17  12   2  22
  0   0 -14  18
-23  16 -10 -11
-17   3  17   0
 23  24 -22   5
 20  10 -20   1
-16 -14  24   1
 -1 -24  20   0
  2  16 -22   9
-18  12   0   9
 11   0  15 -17
 -5 -15   7  13
-12  13   1 -17
 -7  -9  11  12
 21  16   4  16
 15   2 -10   1
 -7  19 -24 -24
-11 -17 -10 -16
-11 -16   6  -6
-15  11 -13  22
  5  -3  -6   3
-15 -16  -6 -24
  1  21  11  24
 23  -3 -15  -7
 -9  -2 -10   7
 -1  22  -4   5
-20 -12 -12  24
 -4 -19  -5  23
 -8  19 -14  -3
 22  23   8   2
 -1 -13   0  22
 -8  -3  16 -10
  4  16 -17  16
 -6  17   5  -2
-19 -20 -18  -2
-19 -23  16  19
 15 -20  16  -5
 10  10  -3   9
 16 -14  23  -5
 -5   3  -2 -22
  0 -17 -23   4
  7  -9   9   6
-17   0  10  -7
-20   0 -22  11
-18  15   8 -16
-21 -12  -9 -15
 -9 -17  11 -11
-24 -18  -7   7
 19  -5  -3   5
-13  24  17  -5
 18  -8  16   5
 13  -8  16   7
 -6  19 -16  24
 15  16  -6 -11
  6  21 -19  -6
 21  19   8  17
-21 -24 -10  -8
-13  15 -11  18
  3 -11  16   3
-24 -11  15 -10
-21  18  11 -19
  8 -16  -5  20
 21 -18   6  15
-10   5   6  -3
  3  13  13   9
-22 -24  10  22
 11 -19   0 -10
 -4  -8  15 -10
-14  -6  13  14
  5   6  -2  -8
 15  -2  -3  -1
 16  24   5 -18
  8  -7  -4  19
 -4 -24  23 -15
  5 -10  22  -9
 -3 -23  20   5
 16  -8  12 -12
 -3 -13  18  15
 24 -21  11  19
 11 -24   7   4
-14   8  12  10
 13 -10  -9  -6
-17 -22  24  13
 20  13 -12  20
 13 -22  -7  -4
  5  12 -20  -4
 -2  13  -1 -20
-11 -13 -13 -16
  6  21  17  -8
-23   6  22  -2
 19 -19   5  17
-13   2  19 -24
 14   2  12  23
-16  -9 -19  -6
-20  21 -22   7
  4  -3   8  -7
-24  -7  -4 -16
  2  -3  23  18
-13  15   0 -23
  8  17  24  -8
 -7  -1   2 -23
 -5  14  10  17
 -7  12 -11  10
  3  23  22   4
 16  13  22   4
-15  19  19   4
 15  17  -3  12
  0  -4   4  21
 13 -18   1 -16
 13   7   9 -14
-12   9  12  21
 14 -21 -16   6
-11  12   3 -20
-17  16  -9  -5
 13  14 -12  14
 17  -5 -18  -4
  5  23 -11  -6
 18   1  -9   4
  6   7   0   2
 -3 -14 -11   9
 11 -11  11  12
  0   9   0  -4
-22  10  -6  23
-12  18   6  15
 -7  -2  11 -10
  2 -15   6 -22
 -1  13 -14  24
  1  20   1  11
 -1  -4 -18  20
-13  19   4  -2
-21  -3  23  16
-11  -4 -21 -22
  8 -10   6  -6
 23 -15  22   7
 23  19  -3   7
 14 -15 -12  -5
 -1  10  -4 -12
 15   8 -12   3
  0 -22   2  14
 13   3  15  -2
 -6  -9 -12  -9
  0  14  22 -22
  1  -4  -5  -5
 -7 -20  -9  14
 -3  11  10 -17
-20 -13  15 -24
  0   2 -11  23
  6  -9 -20 -13
-21   0   5 -24
 15 -12   2  14
-20 -14  -7  -3
 21 -19   1   3
-14   3   6 -23
 -3  14   8  -8
 22 -12  24  -9
 11  19  23   9
 15  21  12 -13
 21   1 -18  12
  0  13  17  18
 12 -19   7  -4
  4 -14 -14   7
-21  15  11   2
  8   9  14 -13
  0   7  20  17
 22 -18   0  18
  7  15  -1  10
 10 -18  14  21
 -4 -20  -9   3
-12  -7   8  14
  7  -5 -24  12
  9  22   2 -15
 11 -20  14  -7
  3  10 -13 -10
 21   6  11  -3
-12 -18  20 -23
 -2   5 -23  21
 -5 -11  12  19
 -4   7 -24   2
-21  -2   3 -21
 -3   8  20  18
-24  13  23  -8
-14   4   8   5
 18 -22 -13  24
 18   2  11  22
-13   7  15 -23
-17  22  -5   8
-21   1 -11  10
 13 -11 -19  24
-15  11   8  20
 -5   0   1  21
 24   2  -4  21
 12 -19  17   8
 -6 -23  15  -6
 18 -11  12  -6
 -2   1  24  -5
 16  15  -7  24
  4   7  21  -1
-15 -13  -3  11
-17  -1  22  -3
 19 -18  18  -7
  4 -16  10  13
 24  16  11  13
  2 -23   3   0
 19  -5  13  18
-18  -9  -6 -13
 -4  10 -17  -4
 22   4  10   6
-13  -5 -10 -11
 20   6 -23 -12
 -4 -12  15  -3
  2  18 -24   4
  4 -13  -7 -21
  4  -4  22 -23
-12  -3  -1 -19
  1  22 -18  -8
 16 -23 -15 -12
 13  -1  11  -8
  4  20 -23  -4
-19  18  -3 -16
 19 -14  15   3
 23   1 -17 -21
 -1  14 -19  -8
 13 -16   9  10
 21  -1   9  16
  4  -6  -9 -20
-19 -23  23  10
 -1  -6 -12  19
  6   3   6  -6
 17 -22 -23   3
-21  -5  13  18
  1 -11   2   2
 -2   2  11  14
-18  -7  11  -2
 10 -14  23  21
  0   4  -6 -20
-22   6 -15  11
-10   1 -16  -5
 16  -2  18  10
 19  13 -17  11
-15  15   6  -5
  2   1   7 -19
-10  21  15  21
 10  21   5   6
 22 -11   2  24
  1  16   4 -19
 12 -18   0  21
  5  22  14  22
  7  10 -23 -21
 14  15  15  12
 18 -17   6  14
 10 -11   3 -22
  0  18  24   7
 -4  -3 -21 -20
  5 -12 -17  21
 12  14  -6 -17
-23  17  13 -20
 15   5 -22  11
-21  22  13   3
  8  -3  15  21
 12   2 -11  13
 -1 -12 -11 -11
  7  14 -15 -23
-17  19   7   6
-13 -11   9  -9
-21   5 -17 -18
 13  13 -15   8
-19   8   2  10
 24   0   8  -9
 18  20 -22  -1
-21  24  24   5
 11  -5   4 -17
 21  -1  22  13
 -2   3 -17 -14
  0 -20 -17   9
 -3  -9 -16  22
 10 -23   0 -20
  1   6  24 -20
 -4  15  -3 -22
 16  -7  -9  11
 17  24 -17 -15
 -5  20  23  15
-10  15  15 -23
 17 -10  -1  19
  3   8  10   0
 -7 -23 -18 -24
 -4  15   0   7
 -6  14 -10  -9
 14  23  15 -22
 17 -21   6  21
 23  24  16  13
-23 -10  -5  18
 17  17  23   7
-22 -15 -18 -12
-16  -2   4  14
  0   6 -18   2
  1 -21   4   9
  8   5 -24  20
-21 -16 -14 -18
 10  15  19   5
 -6  16  13   0
 -1 -14   4 -18
  7  -3 -15  21
 -4   3  11  14
  3  -5 -16  17
  5 -10 -21  23
-17  23  10  20
 10  -2  18 -19
  4  22  23   6
 11 -12 -24 -12
  2 -23   0  -1
-15  23  20   3
-20  14 -16 -14
  0  -1   9 -20
  2   3   2  -7
  8 -14   8  22
 22   2  -4  -9
 11  -3 -15  -9
 19  23  11 -21
 20   8  20  -1
 10  10   5 -13
 18 -12  12 -24
-12  14 -16  -1
 17   9   7 -13
-21 -11 -17 -21
 21  -3 -13 -18
 19 -23   0  14
 -1  -9  10 -16
-12   9  17  15
 24  -2 -14  -1
-17 -11  14   2
 15 -18  17  -4
  2   2 -24   7
  1 -20  24 -20
  7  12 -20   4
-24 -17 -18 -10
 15   3   2  20
 -7  -7 -12 -22
 16  -6 -13  11
 15 -12 -19  22
-13  20  10 -15
  6 -12 -20  -3
 21 -18   5  14
 -5  22   1  16
-11  -1 -20 -19
 -2  -4  10 -15
 17  14  12   9
  0 -22   2  -5
 -8  -1   2  -8
  4 -11  19  24
-19   1   1  -8
 18  -8  -7  24
 -4  19  10  -3
 -2  10  18   1
 19  10  -2   9
-12  17  16  21
-10  11 -13   9
 17  11 -22   4
-15  -3  -1  -7
-23 -18  -6 -17
 17   7 -19  -3
 24   9  22  -2
 -8  -1   2  12
  1  14   3  -6
 21  12 -10   9
-16 -10  -6  -1
  2 -18  19  -5
-21 -11   7  19
 16  17  -8  11
-19  10  -3 -21
 -2   9  14 -15
 17 -14 -20  -5
 19 -12 -18  18
 17 -13 -10 -24
  8  -9 -24 -18
  3  -6 -16 -16
 -2 -22  -4 -17
 21 -20  -1  -7
 22  -6  10 -10
-22  24  11  21
 -4 -19  -3  11
  1 -12  17  22
  2 -21  24  20
 24 -19   1   3
 10 -10  13  13
-17  15  16  -7
-23 -16 -22 -15
 17 -10  21 -22
-15  19  22  16
 11  -6 -21  -3
 14 -19   5 -24
 -2  19 -24   6
-23  14 -17 -19
-15  -5   8  11
-14  15  -1  17
 24 -22 -24  14
  8  -6   1 -23
 -1   7  16  13
  3  -7   6  11
-17  16  18  -8
  9  21 -23 -20
-23  15  -1 -24
 10 -20 -14  17
 -7  12 -21 -15
 21 -18 -18 -12
 -4 -19   9 -19
  9   2  23  11
  5 -12 -20   8
 14 -16 -17  -1
  0  21 -19  -3
  1 -13 -22  -3
 11  -8  22  -3
  6 -14   4  13
 -4   0   0  -6
-23 -19  24  24
 17 -20 -17 -10
 -3 -22   8   7
 22 -21   0  12
 12 -11   0  11
  8 -16  24 -24
 -4 -14  24  -5
-20   2 -12   6
  2 -15   1   4
  0  15  16  -8
 11  10 -17  -3
-10   0  23  -4
  4 -16   6  11
 16 -16   6   8
 -8   0   7  -7
-15  -8   7  -3
-22  14   2 -10
 -2   7   5 -20
-18  -8  -8 -16
  2  -4 -16 -15
-22  15 -17  12
-12 -16 -22   4
 17   3  -8 -18
 14  16  -3  -6
  9  24 -12  14
 -9  -8  10 -23
-20   7   7  -8
-14  16  15  -6
-12 -16   5  -4
  8  24   0   5
 10 -12   9   6
-14 -17  19  24
 20  18   4 -11
  8 -13  15  -9
-13 -10 -23  12
-22   7  16  -3
 13  -6  -6   6
 24   3  -2 -12
-18   2  19  20
 16   0   5  23
 24 -19   1  -2
-12   0 -16 -15
 19  12   9  -7
 24   9 -11   7
-21  18  20  -2
  9  -5 -22  -4
-24   6  -5   8
-15 -16  21  -1
  7  20  -7 -16
-17 -13  20   8
-17   7 -24 -21
-19  10 -15  -4
-24 -11 -17 -19
  6  20  21  -6
 -3  22   7  16
 23  24  -3 -14
 21 -15 -22 -23
 22 -18  13 -11
-23  -5 -11   2
-20 -24  18 -22
-21  -7 -17  -7
  8  18   6  12
  2 -22  -8 -18
  7 -12  -7  11
-16   2   2   4
-14  18  -7   1
-20   7   8   3