 -1   1  -5  13
  9  -9   0  23
 -3  -5   4   2
 21  11   5   8
-22 -13  17  -9
-14  21 -13 -24
  2  -4  10  12
 23  -8   4  13
 19  -2   9  24
 14  -7 -22   2
  6 -24 -10 -24
  9 -14   7  24
-24 -11 -10  -8
 -3 -23  24   8
  0 -20 -18   4
 -5 -24  -5  22
-16  -6 -18  14
-23  12 -13  18
-12   5  10  -4
 -1 -10   9   9
 18 -18  12  11
 -9  17  24   7
-16  -7 -19 -19
  8   2 -12  -2
-19  -7 -17  24
  3   0   8  -1
 -4  11   0 -12
  1 -24   6   5
 -1 -24 -20  -1
-22 -18  23  14
  1 -21  -4  15
 13 -16   9   1
-23  -7  -8 -14
-22 -17 -20 -23
-16 -14  -2   0
 13  18 -15  19
  4 -13  21 -11
-11  -7 -17  15
  8  15 -10 -21
 17   9 -11   7
-22 -24 -18  23
 15  15  10   5
  2  18  15  -3
-18   6  -5   8
 20 -10 -23 -21
 16   2   8  24
-10   4  15  17
 14  -3  -9  22
 -8   0  19 -16
 10 -12   8  19
-15   2 -23   4
 -1 -15  19  13
 -5  13  21  13
  1   1   9 -11
 20   5  21  -8
  0  -4  -3  -4
-13 -10  16  15
 -8 -19  21  -8
-10  -5 -12   1
-20  14 -20 -17
  4 -10 -19   7
-22 -23  23  24
-23 -12 -16   8
 17  -8 -23   6
 24  18  -5  -3
 14 -17 -12   4
 -6 -15  13 -15
  9  -8 -16  10
  9  21  -3   2
  1 -24 -12  17
 -4  -7  14   7
-21  20  20  22
-11  -8   0   6
 22  12   6 -23
-23  21 -11 -18
 -3   2   8  13
-13  16 -18  20
 11   6  -9  10
  6  15  -7 -23
 21  19  -9   6
  0  10  -4  12
 -6  -7 -21  11
-19 -23   8 -17
 -7   6  -7  14
 18  11  -9 -18
 14  -1 -15  12
 15 -22  12  18
-10  20  24 -23
  4  12  -3 -16
 13  21   0  24
-17  -2   8  16
 11  21   3  -7
-19 -12  20  13
-11 -15 -10  -3
  5   1 -15 -22
 -3  -3  21  20
-24   1 -14 -22
-13  10  -6  -6
 -7  11  12  -6
 11  14  18  17
-13  10 -16   3
  9  -3   9  24
-17 -20  -7 -23
 -6   0 -22  21
-14  -5 -23   4
-14  17  10  -6
  5 -17  24 -23
 18 -21  -3  20
 17   0 -24   6
 24 -22 -15   2
 11  -3 -10 -11
 -3 -16  -9 -14
 -4 -11 -14 -21
  8  -9   0   4
-24 -13 -14 -14
 -8 -21  22  -3
 23  12 -11 -22
-13 -22 -23   9
-24  -2  -3 -13
-21  16  24  -2
 -8 -18   4   0
-15  -9 -16   3
 -7   2  15  -3
 13  11 -19  19
 16 -12  23   7
 -6  14  -2  23
-12   3   8 -23
-17  -7  24   6
-18 -10  -9  17
 -5  -4   8 -24
 24  -9   0   1
 15  12  16  -4
-20 -15  -2  20
-16  -6 -12 -10
-14  -2 -14  -9
  2  17   8  -8
 -1  24  -9 -16
-19  24  18 -22
 -5  -1  15   5
  0  20  -1 -18
 12 -16   2   3
-22 -21  -6  19
 -6  17 -20 -24
  4  -2   7 -21
  8 -12  16 -20
-22 -16 -24 -23
 -3  23  17   9
 23  24 -18  -8
-12  -2  -2 -12
-19  18 -16  20
 12   3  20  -5
  0   2 -16  -4
 23   7   9 -10
 -7   6   2  -2
 22 -12 -18  22
-21  12  -7  22
-12 -11  10 -23
 -1 -19  15  -8
 -3  -1  22 -10
-13   9 -12  21
-16  -1   3  -1
 10   3 -17  12
-23  13 -15 -17
-24  20  18 -19
  4   5   8   5
-23  -2  17  21
 24  -8 -14  23
  0 -16 -17  -3
-10   8  -2  18
 10   7  21 -11
 19  23  -4 -15
 -4   6   7 -21
  6  23 -14  14
 11   6  11  19
 15  20 -16   0
-12 -22 -11   8
-19  11 -17  19
  1 -16   9   2
  0  19  -8 -20
 15  -5  -3 -13
  9  11 -12  18
  1  16  23  15
  9  -7   1  15
  5  -4   9 -17
  1  13   9   3
 -9  10   5   0
 20 -12   6 -11
-21 -11  -1   2
 21   9  24   9
-16   0  -7  14
  1  -8  -4 -14
-23   6 -14  -8
 -3  -5   0 -21
-10 -10 -17 -12
 -9  17 -13  18
 11  -2  -1  -8
-13 -16  13   6
-14   5 -22 -11
 17  19  -9   6
  3  14   2  13
-14  13  18 -11
 20   6  18 -10
 -9  17   0  14
-16  -5   5  -4
-23  16  13 -20
-10  -6  21 -15
  0 -12  16  19
-19  18  -5 -12
 -9 -15 -17  10
 12  -5   8  18
 11  18   3  -8
  0   6   4   4
 -4  -8  -4  -4
 -9 -21   1  -8
  8 -15  23  -4
 -6  -6  -7 -16
 23 -19  24   8
 14 -20  12  -5
-13 -11  10 -16
-22 -20 -14  -4
  1   4   2  15
-21   9  14 -24
 -9  17  -4  15
 -3 -14   9   2
 21  -5   5  23
 -5 -16 -22   5
-19   6   0  19
-12  17   8  22
-16 -17  12 -23
-13 -17  22 -23
  0   0 -13  23
-11   2   6  17
-12 -16  24  -7
-20  20  18  12
 16  20  -1 -24
-23  11 -21  -4
 13 -22   1 -15
  7   1  -3 -23
 15 -16  10 -11
-16  23   8  -3
 13  -5   9  -8
 22 -21  21 -13
 -6   3   3  11
 -2 -10 -11  -7
-12 -10 -18  -4
 20  -8  13 -15
 14   8 -15 -11
 19  16 -18  -6
-11  21 -14  -2
 10   1  19  18
 21  18  -7  -1
 16   9  13  12
-18  11 -21 -11
-19 -13   7  -1
 21  12  19 -18
 13   8 -19  24
-13   7  -7  -7
-16  22   2 -17
 -4 -21  -8  13
-14  21 -13   2
 -5   2   2  -7
 14   9  21  -6
-10 -10   3 -24
 11   6   7   5
 13   7  21 -17
 19   8  17  -6
  4   7  11  18
-23  13  20   2
-19  12  -3   1
  1   8   1   8
 19  21  14 -22
-24  -5  -4 -13
  2  22 -15  24
-12  12  16 -20
  3  -9 -13 -17
 18  21 -10 -24
 18  18 -23 -11
-19 -20  17  16
  1   4 -18   9
 15  -7   5 -17
  0  20   7  18
-20 -13  13   6
 -1  -7  17  -4
-10  22  -5  15
 14  -9 -21  -1
-16  17  12   7
 -7  -6 -12 -18
-16   2  17 -10
-24 -12  12  -7
-15  14 -22  -1
-24  21  -6   7
 13  -7  11   1
 17  10   1  14
  0 -19 -20  10
 21  20  -6 -23
-23 -13 -23  -4
-24  20  21   6
-23  10  14  -4
 22   3   1 -13
 15  13   1   0
 10 -10 -24   0
-16  -4  24  24
 19 -13  -6  23
  4 -12  22  16
 12  21   4  11
-16  13 -15 -13
  8  22 -14   4
 -7  -5 -15  11
-23   7  22 -10
 -1   2  -9 -20
-10 -14  -9   9
 18 -13  -5  20
-10 -10 -13  15
 -3  19  18  21
  9   0   8 -21
  0  13   1 -12
-24 -18  22  20
  3   1 -12   9
  8 -12 -15 -13
 11  10 -13 -21
  7 -24 -21 -21
 10  21   4  15
-11  19   0   5
-16  22  18  -8
  6  24 -17 -11
 20  17   7  12
 10   5 -15 -21
  2  16   4   1
  2  11  20   6
-16  14 -19 -15
  6   4 -19  18
 -3 -12  -3 -20
  9  -3  14   7
 15  14  18 -14
 -9  -3  16  11
 15 -20  14 -13
  3  22 -21  19
-14  -4 -15  12
  0  -6  16  -6
-16  10  20  -5
 11  -5 -10  -3
 -3  12  15  14
 20 -24   8   7
 15  -7  22  -2
-23  -7  -8   1
  8  -1  -2 -24
 14 -24  21  24
 22   0  19  15
 -1 -10  13   9
  5  15  -4  -2
-18   5  21  22
 10  23 -24 -24
-18  -6   5   3
 15 -20 -13 -20
-11 -22   5  18
  5  -3 -15  17
 -1  15   7 -20
-20  -8 -16 -14
 -2 -16   2  14
 -1  -8   6 -14
 -4 -13  24 -22
-22  -2   0  -8
  9 -11   8 -11
-16  -7  11   8
  4 -13   7 -11
  9   2   5  21
 18  23   7 -15
 12   6  -6  17
 -4   0  11  -9
 16  -6   9  20
-14   1  15   0
  6   0   5  13
 -9 -17   3 -11
  6 -14   3   4
-13  -6   2 -13
-13  21 -16   5
 24   3  23  -5
-12  15  -8 -23
 -5 -16  21 -15
-18  -9 -21  23
 -5  22   5  15
 -5   8  24 -12
-13  -7 -15 -18
-12   6   0 -22
 19  12  15   9
-19   3  22   0
-14  -7  -5 -22
 -7  -9  -6   2
 13  -5 -16   0
-14   4  -6  -2
 -5  -7 -24  17
-24 -10  17  11
-14  23   9 -19
-24  18  -5  16
 -5 -16  24 -22
-23  13  17  22
 19   1  24  -8
 -2  -5 -11  23
 -5  20  22  24
  2  21 -22 -18
  3  -1  14 -14
-24 -23 -20  19
  6   6 -20 -18
-16 -19   6  24
 19   0  15  -9
 -6  -9 -10   3
-17   8 -23  14
-21 -11  14  15
  8  16 -11  -2
 20  17 -10  21
  3  10  15  14
 -3 -24 -18 -18
 -9 -18   8  12
  3   8  15  -3
 -5 -22  17 -20
 22   9  22   0
-17 -10  23   9
-19   0   1   4
-21  -8 -18 -22
 10  -1 -20  -4
 -4  -2  13 -11
 23  -5 -23 -21
 16  21 -16 -10
 14 -23   9  -8
-13  18  -7   1
-16 -13  -9 -21
 13  20  21 -23
 11   9  16  12
 -8  22  -3  -1
 -1  14   0  -4
 21  21  11 -18
 14 -12 -24   9
 -9  -9 -22  -8
-15  12   1  10
 -8 -17   5  13
 15  13  12  -6
 20   8  -5   0
 19  10  12  11
 15  -8  23  -2
 -8 -11   9 -23
-10 -20  22  -3
-10 -18 -12   7
 18 -16   7 -15
  9   0 -13  12
-23   2   1  -3
  5   4  13  -4
 20   5   2  22
-14   1  -3 -15
 13 -13  14  23
 -7 -21 -10  23
  8 -11  -3 -14
 -1  21  15   2
 13   8 -20  -8
 12  20   5   0
 -1   3  19  -2
 17  10 -20  22
-16   3  24  17
  0   3 -16 -21
 17   1  16  16
 20 -12  24   6
  7  -2 -21  -4
 -9  23 -16 -20
-12 -16  -4  23
 -5 -11 -17 -14
 16 -21  10 -15
 10   2  -6  16
  9 -18  -5   3
 12   2  10   4
  6 -17  -1 -21
 -3 -20 -17  24
  1  -9 -19   8
 13   3 -24 -23
-14   6  16  21
-22  11 -20  21
 -9   7  -1  21
  0 -24  20 -16
 -2  24   7  -3
-20 -16  14 -20
 14  -3  24  13
-17  -4  -4 -16
-23  -9  -1  19
-23 -24  18   6
 24  24 -22 -17
-18  -8  10   6
-12 -13  -3  -3
 24  16   0  18
-12   9 -13   7
-23   1 -22 -20
  5  13   9 -13
-17 -16   1  22
  6  19   0 -18
 -7   3   6  10
 13 -19 -15   3
-18  11  -7  21
 -8  15   0 -13
 10  -6 -20  17
  6   6  12  24
 -1  18  -8   3
-12  24 -17  15
  1   6   9  -2
 -4  -5  -1   8
 -6  17  15  -7
  1 -15   8   3
-22 -21 -12  -2
-20  10  10   4
 23  10 -17   7
 21 -15 -16  15
  6 -20 -19  -7
 10 -21  -4 -14
 -5   0  -8  -1
 -7 -13 -24  -4
-23  19  -4   1