 20 -17 -18  14
 22  17  22  16
-11  -9 -11  18
  9   9   6  13
 20 -22  20 -20
-18  -8  -9   9
 -2   9 -17   4
 14  20  15 -17
 -4 -17 -17 -11
 -5  10  -1 -16
 20  -4  20 -18
-16 -19  -8  10
-19 -13  -2  23
  4  -9  22 -21
  9  -8 -19   3
 20  22  16  -6
-22  17  20 -10
-13  -7  17   5
  1  13  21 -20
 -6  12 -20   2
 13  16  24 -14
 19   7  23   6
 15   9  -9   5
-21   2   1   8
-13   0 -12  -2
  8   8 -11  20
 11   6   1  -2
  0  12   8 -18
 -8 -15 -24  24
-13 -20  24 -13
 21  22  -5  -7
 17 -20 -13 -24
 12   1  -8   1
 16   7  17  12
 -6  16  10   4
  8  13  -2  10
 19  -6   2  16
  7  13  18  19
 17 -10 -10  -5
 -9 -11 -24 -15
 13  10 -17  -7
  0  13 -13 -18
 21  11   7  19
-17  10  22   1
 24  11   1 -21
  4   9  14 -16
 22  24  10  22
 -2   9  21   8
 -2 -24   9  18
  3 -20  -2  24
-10 -10   3   2
  1 -19  -5  19
 20 -20 -22  -4
 -2 -14 -12  -3
 15  -1  -8  17
  1  18  23 -21
 -3  21 -20 -11
  1  14 -15  -7
  1   1 -17  -6
 18  22  14 -24
  3   6 -16  21
 -2  -5  10 -22
 12  18  15  22
-16   6 -14   4
 19  -2  16  -9
-22   1  14 -23
-20   1  10  17
-24  -8  17   6
 -5   1  -6   9
 19  22  -5 -24
 24  22   1  13
-23  -5   2   2
 23   9  16  15
 15  13 -10 -16
-19  -3 -13  22
-22   5 -18   6
-11  -6  -6  18
  2  -6 -20   8
 -8 -22 -24 -11
-14  -8 -24  14
-15   5 -19  -2
 24 -12  -5  -2
-21  -2  21  11
-20   6   6   9
 -5  15 -12  -4
  5 -14  24 -18
 13  23 -10 -15
 22  15 -18 -22
-22   3   1  -1
  8  23   0  -3
 -6  22  -6 -16
  4 -16 -24  20
 19  -6  21  -4
  9 -19   7  23
-14 -17   4 -20
 -1 -12 -12   8
  7  -2   8 -14
 12   3   3  -2
 -8  12  10  24
-11 -23  14 -23
 20  12  16 -12
 -3  13  -1  -8
-11  -2   9  14
 23  -7 -10 -12
 22   5   9 -10
 17   2 -22 -15
 -6  22   7 -18
 -8 -21   9 -13
  2  -9  24 -13
 -4  -2  -7   5
-22   9   1 -18
-21 -13  16   1
  1 -10 -19  12
  7 -13  17  14
-20  14 -17   1
-11  11  -5   4
 10 -17   9  23
 20  23 -17   4
-16  -3   6  21
  8 -13 -18   3
 19  -3  20   4
 10  -3 -13  18
 -9 -10  -4  -1
  2 -17 -11  -5
-14  -3 -14   0
 10  -4  -1  -8
 10   9  -2 -12
 16 -20 -20   7
 14  15   5 -20
 21  16 -17  -3
-23 -15   0  -9
  0   8  -1   2
-19  -3 -22   1
-18   2  10 -11
-22 -16   4  18
-22   7   9  20
  4   9   6  11
 18 -13  16   9
-23   7 -14  -2
  9   1  -6   7
 12 -24  22   8
  7 -23   6   0
  1  14   8 -13
 17  -4  15  -1
 -7 -11   9  -2
 17  16  -3 -24
 -1   3  19 -14
  5  14   0  16
 24   1   6 -18
 -1  18  14  17
 10 -11  14 -11
 17  18 -23 -10
 14 -13  21  13
  1 -16 -14 -15
 -8  -5  19   9
 12  -3 -19  -1
  1  -3   4  -8
  4 -17 -11  -5
-17  19 -18  -5
 10  13   6 -21
-12 -16  24 -13
 -9 -16 -18  -8
 -6 -18  -6 -10
 -6   6  23  -7
-12 -22   3  -2
 -3  20 -18  -5
 -6  -4 -12  -7
 -7  -8  22  22
 -4 -13   4  16
  9   1 -19 -24
-15  13  -4  -7
 15  -4 -21  -2
 11 -10  15  21
-15  -2 -20  -9
 13  19   0   0
  5 -15  19  10
  3  22  -8 -11
 -7  -9  -3  -7
  4 -14 -24   8
  4  14  17   0
 -3  -2   7 -23
  7 -19  -4  19
-13 -22 -12 -13
 15   1  12 -13
-11 -21  11 -11
  4   3  -1  24
 -3 -23  -7  22
 -2 -23   4 -19
 14 -19   3  -5
-23   7  -4   1
-15  10  20  11
  1 -15  20   8
-18   1 -15 -12
 15  21 -21  16
 -9   6  10 -19
  6  23  23  18
  8   0  19  -2
  2  -4 -14  -2
 17  -7 -14   2
 24  -7  10 -15
 22   6 -21  21
 -7   5 -23   8
-24   8  17  23
-11 -12   1  20
-12   9  21  24
  4  -1   1   3
 -7  -4  18  14
-13  22 -14  23
-12  -4  -3  14
 18   8   8  17
 11  11  21  -7
 -7   6  12   8
-23  16   2  -2
-15  15  22 -11
 -7  16 -24 -22
 -7  18   9  16
-12  13   4  -1
-24  11 -14 -22
-12 -19   3   5
-15  24   3  -1
-15  -5  16 -22
 14  -6  23 -18
  0   8 -22  23
 14  -2  23  13
 21  19 -16  10
  8  -7  -2  -8
 20  -3 -22  12
-14 -23 -11  19
-22   6 -10   9
-13 -10  -2   4
 -8  -4 -16  21
 15 -17  12  -3
 -6  -1  -3 -14
 13 -24   2  15
  8  -3   5  -2
 24   9   1 -22
  0   9 -16   6
  4  18   9 -10
 13  11   1  21
-11 -13  15  20
  3 -23   8  -2
-13 -13 -19  11
-17 -23  24  -9
-22 -14   9  -3
  8 -10 -18  11
  7   3  -2   5
 -2  12  10   3
  4 -14  14  -3
 -1   9 -17  12
 10 -13  16 -15
  2 -22 -19 -11
  5  -6  -3   5
 -6  19  21  17
 -7  -2 -24  24
 17  11  -9   6
  6 -21   1   1
 17  -4 -16 -19
-16  24  18   6
  4  10 -17 -11
  7 -17  20   4
 -8 -22 -24   4
 12 -14   9  -5
 23   4  22   0
 15 -15   4  15
 18  -4 -22  22
 23 -13  19   7
-21 -18 -10   2
 -8 -16  16  12
 -4 -18 -21   3
 19  13  -4 -17
-17 -12  -3  22
 15  14  -5 -16
 14   7  12  12
-10   6 -21   1
 20   4 -13  -2
-15  20  -1  18
-17  -6   5  -8
  0  13   3  23
-19  20  21  -3
 -6  19   3 -10
 22  20   3 -11
  7  19  12   0
 12   2  17  20
-19  13  12  18
  5  22  -4  16
 16  15   7  -2
  7 -22  -3  10
 19 -20 -14 -16
 12  11   1  15
-12 -13   7 -15
 23 -10  -3  13
-20 -15  15 -22
 10  22  19  -6
 12  16   9  19
 21 -23  12  -3
  9  22  -6 -23
-18  20 -19 -12
 18 -17   7 -19
 21  22  11   6
-10  -4   4  12
 -2 -21  18 -10
  5  -9  10   3
 -1  21   7  17
  3 -20 -10   3
 -9  18  -6 -24
-10  -4   2 -11
 17   0 -19   9
 22 -12 -23   8
  1  22 -11   4
  5  -3   7  -2
  3  23 -14  -1
  6 -12  10   7
 -7  -9  16  20
  5  24  10 -14
 -8  -1  21 -12
 -8  -9   1 -15
 22  15  22  24
 -2 -16  -5   1
 -2  -7  12   3
 15  24  12  -2
-18  10 -20  -9
 -1  -2  -2 -19
 24   4   5   3
 17 -19 -16   1
 20  18  23   6
-13  -2  -3   4
 10 -14   7 -18
 -5   8 -14  20
-16  21   6  11
-24  12  -1   4
 -6  22   3  16
 19  10  21  14
-10  17 -13  23
-19 -14  13  14
 19 -19 -10   1
 23 -23  22 -16
 19  21 -17   2
 -9  12  16  22
  0 -16 -24  11
 -9  17  13 -16
 20 -16  15   3
  2  16  -1  -4
  0   3  -9  12
  8 -20  18  -8
 16  11 -12  14
-11   0  -5 -10
-13 -12  23   8
-11  19 -15 -19
  6  23 -15 -16
 -9 -15 -23 -24
  1  11 -21  11
 19  -3 -23 -19
 15  17 -12  16
 -5   4 -20  22
 14  19  -7   4
 -8  -7  12  -2
 -4  14  17  24
 15  13  -1  20
-23  13  21   8
  2 -14  -5  24
 -6 -21  -9   7
 22  -7 -22 -15
 14 -13  -4   1
 21   1 -24  23
  8  -2  18  13
 -8   1  22  -3
-23  -9 -21 -21
 -4  20  13   1
 16  -2  22 -10
  1   2 -19  14
 24  17   3 -21
 17   4  -5 -12
  3 -19   3   0
 13  23   1   8
 11  21 -22  24
  5  23 -22  13
 23 -22  -2 -24
 -3 -20  12   9
 -3 -18 -14 -22
-14  -9   3 -16
-17   5  -3  14
 12   0   3  17
 22 -15   6  -6
  0 -11  11  -4
 14  20 -11  -9
 -1  14  -2  14
 12  21  23 -22
 -9   1   1 -21
-21 -12  -4 -18
 22  -6  11  21
 -7  18 -12  17
  3   1  -4   4
-11  24  22  23
 -8 -12   5  10
 15 -19  15   6
-22 -19 -14   8
-24   4 -23 -11
  5   1 -15   3
 16  19  -9 -22
-13   2  11  11
 -9   3   6  22
 -5  12   4 -23
 17   0 -20 -14
  8   8  -4  -7
  2  -8  10 -21
  8 -11 -11  13
  0 -23 -19   6
 15 -15   8  -6
 21  23 -18  -3
-15 -14  -3  18
 -6   4 -12  -6
-12  24   4 -24
 -3   0 -14   3
 -1  -8  -7   4
-14  24  12   9
 13   3 -19 -19
 19  18  10   0
  5  13  -2  17
-24   3  -8  19
 11  -3 -15  21
-21   7   0  24
 -5 -20 -21 -16
-14  -4 -10  -5
 -4   7  -7  24
 -6 -19  13 -20
 23 -10   2 -19
 19  16   1  23
 -3  -1  19   2
 10  -7  24 -16
-21 -19  -9  18
 -4 -18  12   1
 20   0 -22   1
-15 -18 -14  21
-14   2  19   7
-13  -5  20  24
  7  -7 -19  24
-22  -4   9  -6
 12 -20 -19  18
 18  10  19   8
 -2  15  -4  -7
  6 -19   0 -16
-22  15  21   8
-10   6  19 -16
  7   5   2 -20
 10   0  -4  22
 19 -19 -19  -5
 10 -16 -12 -13
 16 -22  20  -9
 15 -16 -13 -23
 11  17 -16  13
  4   1  16  11
-20 -14  18  -8
-11  23 -24 -23
 14  -3  -3  -4
-19 -15 -11 -22
-24 -14   1   0
 14  12   8  -9
-14 -21  -9   7
 13   6   2  12
  4  24  15  -4
-22  23  10  -8
 -1   1  12   9
-19  22  -9   0
 13 -22 -17   4
  8   3 -12   7
-16 -24 -13  -9
-22  16 -11  -7
-17 -20 -21 -21
 24  -3   4 -13
  0  12   0   0
 -6   4  22  12
  3   7  -1   9
-19  20 -20  16
  9   3  15  20
 -8  -4 -12  12
 -4   5 -16 -16
-17  -9   8   2
 -6  16  -7 -18
  6  21 -11 -22
  3  22 -13  11
 12  14   2  19
 -5   1   8 -11
 -4  -6  -9  -7
  6  -6  19  18
  5  10  -7  24
 13  22 -12 -21
  6  12  -8   0
-14  24 -14   4
 -1  -6 -14   6
 -9 -12   7 -20
 -3  23   3  -2
 -9  24  -7   3
-20  13 -19  13
 19 -15  -3 -21
 16  16 -12   9
  1  15 -12  -6
-16  -3  -6 -12
-12  19   8  21
 10  -9  -9  -8
-21 -20  23 -14
  8 -14 -10 -19
-19   6  17  15
  1  -2  -7 -21
  6  11   6 -16
  3 -22  -8 -20
 23  -4  23  13
-18  -4 -24  21
-22 -17  -2  -9
 16 -19  13  15
 20   3 -24   7
 -1   9  -4  -3
 18 -24   4  20