-22   9  20   9
 -6 -20  -1  24
  8  21   8  -6
-12  13  -5 -13
 -9  -6 -16 -11
 -2  -8   4  22
-21 -22  -2  -7
-15 -23  -2  -2
-12  -9  15  -4
 17   1 -10  17
  8 -20 -22 -22
-18  -6  24   8
  4  14  12  10
 20  11  -7  14
  2  19  23   2
 -2 -21 -23  20
 -6  -7 -23  13
 -2  -3  -6   0
 -2 -17 -12  12
  1  -1 -10   9
  2  -2   8  15
-24  -3 -23  18
  4  21   1  16
  6 -17  22  -4
  6   5  -6  18
 20   8  -3 -13
 -6 -11   5   0
  8   6  15  16
 19   9   8 -18
-24 -10  -7 -22
-12  -5  -4  12
  3  -1  13 -17
 -1 -13  -2 -21
 22 -19   2  14
 11   0 -15   7
-10 -13  17  12
-24  -6 -20 -21
-16 -20  17  19
-10  23  11 -20
 15  12  14 -17
 -4 -14 -22 -20
-15   0 -24   2
 19  -5 -24 -20
 -6 -22  12  -7
-21   2 -18  21
 14 -11   9   1
-18 -23 -14  -4
 12  12  23  15
  5   6 -18  -9
  2 -12   3 -14
 14   8 -11  19
  6   0 -22   4
-10  -8  18  10
 -3   9   7 -16
 23 -11  10  18
 18  13  -1 -13
  6 -13  -5   3
 21  11  12  20
  7  -7 -15 -19
  5 -20  13   0
-18  -6   3 -13
-10 -24  11   0
 24   0 -13  17
 12  -3 -21  -9
 14 -12   4   8
 -8  -8  21  -2
-17   5  -5 -18
  3   7  18  17
 -2 -10  24  -4
-21   8 -24   9
-19  -6   6 -16
 23   9  11  -2
  2 -17 -12  11
 -6 -21 -11   7
 -2  12 -19  16
 18   0  -2 -10
 -4  11 -22   4
  1 -16  -7  18
-21  12   9   8
  1 -14 -17 -10
-20   6  11   8
 15   9  20   6
 24  -8   3   0
 -6  -4   3 -19
  9  15 -21  -2
 15  17 -10  -5
 -5   1   3   4
 -5  -7   3 -22
 24   2  10 -15
 -8 -14  11  10
 -4  11  21 -14
 13 -16  -4 -11
-13   3 -18   7
-18  23  10 -21
  4 -10  11 -22
 20 -23   5 -14
 15   2  12  -6
  1  15  13  14
-12  15  -9 -12
  2  10  21 -11
 22  21  -4  -9
 -3   9 -22 -16
-19  -1  -6  -6
  3   8  -6 -19
-21  12 -13 -12
-12  -7  16   5
-11 -10  24  -2
  0  11  22   7
 15  -4  -4 -23
  8 -23  14  13
 11  17 -24  16
 14  -3   3  24
  2  16  17 -23
 13 -21   4  -8
 -8  21  -2  -3
 13  -7  22 -15
-20   3   3  -5
 -7  -5   7  -4
  2  22  14   9
-14   1 -16  24
 -3   2  -3 -21
-18   2 -18  -8
  2 -14  18   8
 -4 -13  20   4
  4 -19   5 -23
 19  14  -1  12
 21  24 -17  10
-13  23  21  10
-18  -4  -7   5
 -1   1  24  -8
 -3 -20  24  14
-11 -22   2   9
  4   2  11  12
 -5  24   9  -4
-23 -23  -6  -7
 -8 -11   0  -6
 16 -17 -13  18
-13 -14 -23  -9
-13  10  22 -17
  8  12   6 -20
 20 -14  11 -15
 24  14  -6  17
 13 -16  20   6
-21 -18 -17  18
-22  -6   1  13
 15  -2   9 -19
-15 -15  24  11
 -4  14  14  15
-22 -24   7  -3
  2   3 -13  -5
-22 -14  10  15
 10  -1   9  -8
-10 -22  17   0
 18  -1   2   5
-21  -4 -11  -5
  4   0 -13  -6
-12  -8 -14 -21
  8  24  13  23
  5 -21 -19 -16
 24  18  24  16
 23  12 -10  15
-14  -7   6   6
 -2  18  15   9
-15 -12   5  21
-10 -24 -17 -15
 -5  -2  23   4
  4   8   5  -2
-21 -17 -24  20
 23  -5 -15  12
  4   0   0   4
 12 -18  22  20
  8  -4   9   3
 -9 -14   5  -4
 -8 -15  17   3
-13 -14 -11  13
 15 -17  -9   4
 11   8   1  23
 24  -9 -18  10
 19  -8   3  -4
-18  15  24  21
  8 -15   9  -5
-22   2  -9  18
 14  24 -17  12
-23 -12 -12 -23
 -9  10  24 -12
 12  22  19 -12
-12   2 -16   2
 21 -17  21   2
-13   0 -22  23
  1  20  17 -10
 17   2 -10  19
 22 -16  24  12
  0  15  -9  -5
  6  -5  12   5
-22  -1  19 -10
 -4  12   3  15
-14   6 -20  18
 -6  21 -22   5
 22  -2  -8 -17
  1  11  -5  22
  9  14  22  16
 13 -16 -23  -3
 17  19 -17  12
  3 -18  21   7
  6 -23 -23  -6
-13  -8   1  -1
 12  10 -21  -7
-22   3   5  -4
-23  13   6  13
  8  12  18  18
-11  10   9  21
 15  19   1 -12
 22  14   6  21
-18   0  23 -11
 12  -6   9   6
-19  -7  24   4
  8   2  17  12
-18  -1   5  14
-10   6  -7  -1
-11  -8  23  12
  9  16 -17 -24
-13 -12  -8  -9
  7   7  -1  24
-14  -5 -20  17
 -7 -22   7  -7
 -7  10 -19 -20
  1  -8  -4 -19
 17  -8  11  -2
  7  -9  21  17
  9   0  12   5
 21   2 -10  -7
-20  11   0  18
-13 -12  -1  17
 -4  10  20   7
 23 -24  20  -9
 15  17  20 -19
 24  16  22  24
  6 -16  -5   6
-10 -16  11  -9
 -4  17 -12 -11
 22  -8  17  -9
  5 -18  20  19
-14  -6   2  -4
 14   0 -12 -10
-11  -7 -24 -23
-23   5  20 -13
-19  23 -16  13
 23 -14 -20  17
 -8 -14  14  20
  3   1 -20 -14
-11  24  15  -6
 18  10   5   7
-11  -2 -21  18
-20  -2  -7 -16
 -4  16  22 -23
-10   5  12  17
-12  -4   3 -19
 -9  17  19   2
 -5   3  23  -5
-22  18 -17 -13
-19   3   8 -14
 -2  -3 -16 -14
  3 -16  17  21
 21  -3 -15 -13
 23  -3  18   2
 -2 -17  -1 -17
-24   2 -15 -14
 19  15 -12   1
 12 -10   3  12
 -1  12 -17 -23
  4 -22  -7  -6
-10 -23  21 -22
-13   8 -15   9
 12  17  23  12
 20  -6  13  -8
 18 -19  -5 -11
 10   1  21 -12
  1   5  21  21
 14 -15   4  14
  5  -3  -4  10
  8 -16 -16   3
  7 -15 -21  10
  9   4 -23   8
 24  23 -24  21
-22  20 -24 -21
 16 -14   7  17
-13  -9  -8  -2
 -4   9  21 -24
 22  16 -18  19
  8 -23 -23  22
 -8   2  -2  -8
  3  11   1  14
  0   8  22  -7
 -4  24   4 -13
 -6  -9 -20  17
-13  -8 -11 -21
-23 -18 -22  22
-12   3 -19 -13
 21   9   2   1
 18  22 -20   8
-15  -3 -23  -5
 -8   1   0  18
 -8  12   5  11
 12   3  11 -11
  2 -19 -14  -6
-19 -10 -14  14
 -3  18 -24  -6
-13   8 -20  15
-15 -19   1   3
 22   7  10 -11
-14   3 -16   5
-21 -24 -24 -13
-23  15  22   8
 24 -10   4  18
-10   0   5   6
 22 -16 -15  -7
 13  19  -4  -9
-23 -16   4 -23
 18  21  24  -1
-22  19  11 -22
 22  -2 -18 -10
 10  -8  -4 -24
-21 -10  15   2
 15  11 -19   6
 -9  23   6 -18
 -7  22  20  13
 -4   2 -17  -9
 -3 -16 -15   3
 15   3   0  -4
 -4 -19  18 -21
 20 -13  -2  19
-22  13   7 -19
 24   9   9   0
  5  -5  18  20
 22  12  19 -21
 24  21 -24 -18
 20  15   7 -16
-10  -3 -19  -7
-10 -17  11  19
 -9 -13  -6   2
 -4  23  -2  17
-14 -17  24   4
  9  17   5 -12
-19  10 -11 -12
 12   1  18  19
 13 -16 -12  16
 -7   7 -20  20
  5  12  11 -10
 -2 -18 -15 -20
 22  -5  19  18
 20   1  12  12
  8  18   6  14
 24  24  11 -18
 -1  -4 -13  18
  4 -13 -11 -17
-14   9  -9  -1
 17  -2  -6  -8
-15  16  -9  15
-11  18   6  23
 -5  14  14   7
-10  17  16  10
 14 -19 -20   4
  8 -18 -14  -3
 -5 -18 -20   4
-15  23 -12   6
-11 -14  -1   1
  6  12   8  13
 10   8  10  -5
-11   8   0   6
 17  -8  -1  24
-23  -7  17  10
 18  24  -4  17
-11   5  -6  19
 21  15 -13  18
 14 -24   9  11
  5  10  21  10
 13   8   6 -24
-22 -20  11 -19
  4  -4   1  10
 12   2 -22 -21
  7   1  -6  10
 22   3  20  12
 -5 -19 -23  -1
-23 -20  23  -2
-14 -17  16  14
 17   1  23  -4
-18  19 -22  -9
-21 -17  16   1
-22  -6   0 -22
 13  -1  24  20
-18  -7  -2  23
-18  -1   0 -20
 13 -10 -15   9
 12  -1  23  18
  3 -15  10  -3
  0   5  18   4
-10  18  -1   2
 13  11   5  18
  4 -15  -7  -3
-17 -18  -8  -6
  0   4  22   2
-12  12  16   6
-18  -7   6   6
-12   8   8  -1
 -4  -8   0   7
-19 -21 -17  17
 17  19   8   5
-22  22 -22  20
-15   0   8  -2
-22   9 -13   8
  6 -24  21 -18
  6   5  11   1
 -3   7  11  -7
 20   5   7  22
 -6  -1 -22  22
 24  16  -2  -4
-23   5   3   0
  9  10   1   7
 23  -1   4  -5
 11 -12  -7  15
-16  19 -24 -21
 21  20 -23  14
 -9   7 -23  11
-10 -22   8 -23
-11 -24  -3   9
  4  16 -22 -19
 15  20 -23   8
-10  13  -7  -6
  4  10  19  21
 -7   1   1   4
 15  -2  23  24
-24   6  20  -7
  0  -9  22  -1
-18 -16  -7  24
 19 -13 -13  12
-13  23   4   8
-19  21   7  11
 17  23   9  17
  3 -18  19   3
  3  19  24 -15
-16 -14  21  -7
 -8 -15  16  12
 12  14  18  23
 18  -5  -8 -16
 24  22 -13 -17
 22 -10  -6   3
  4  -2   0 -15
 -3  -2  -4  13
 21  13  11   3
 -3   0 -16  -9
-16  16  -5   8
 15   8   2  24
 22  -2  13 -20
 -5   0 -17  17
 -4  -5 -15  14
 -8   0  -1 -20
-23 -14  23  17
-17   4 -22 -18
  1   1  22 -23
-10  -2 -11  19
-13   6   0   3
 17  -4   7 -14
 11 -14 -16   5
 19  20  -6   8
  5 -15  20  17
 11 -22   5 -17
  8  10  16  10
  3  -9  17  16
  3   4 -17  15
-21  -9  14 -14
 12  19  11  -4
  5  12  -2  12
 -5 -11  13   7
-11  24  11  17
 -6  22   2  -8
 15   4  12  -5
 -1  19 -12   1
  4   4   8   7
-12  -2 -23  23
  1  -5   8  24
  6 -24   8  12
 -7  16  19  13
-13 -16  21  12
 -2  17  12   2
-12   6   7  -3
-18  24   6  18
-17  12   7  15
 -7   3   2  -3
 11 -10 -19  22
 18  10  -9  10
 15  12  -2  12
  5  14  -9 -23
-14  -9  -3 -14
  1 -24   4  -9
 24  19 -16  19
 -5  -4 -24 -16
-20   6 -20 -19
  6  19 -17  -8
 -8  -7   2   1
 -6   0 -24  -9
 10   9  -1  -2
-19  14 -12  11
 22  18  -5   7
 12  -6  -8 -18
-10  21   7   0
 11   7  -5 -10
  1 -24 -22   5
 15   4  10  17
 13  23 -24  -6
-20  -9  -6  -9
 -3  10  -1  18
-16  16  22  -3