  8 -13  16 -20
 -3  19  -1  20
 -8   8  10  -8
-13  17  21 -17
 23 -22   3  23
 18  11  22 -12
-19 -11  19   6
 17  -5  -7  -7
-15 -15  -8 -21
  9 -11  15 -23
 15 -18 -18  12
-18 -17  13  19
  8  -1 -22   5
 -1  21   9 -17
 -2  10 -20   9
-12  -3 -13  -4
  6  15  23  23
-15  -6 -14 -10
  3  20 -23  17
-19  23   2   2
-16 -15  17  19
-22 -15  13   1
-14 -13 -18  10
-23  19 -24  15
 17  14  22 -18
-21  -1 -15  13
  4  13  19  19
 12  22   7  -5
  5   6  -7 -24
-20  24  -4 -24
-11  13  -9  -9
  2 -19  19  -4
 13 -24  22  16
 15  23  19 -15
-15   3  19  17
 14 -11  11  22
 -7 -10   1 -21
-12  17  14 -21
  0  -5   2 -19
  1 -21  11  -4
 15  22  -3  -5
 18  23 -19  17
  8   9  11   5
 24 -15 -16  -3
 17 -10  -1 -23
-20 -20   4 -15
 -2  -6 -15  21
-15 -14  -2   3
  4 -10 -11  19
 21   7   9   6
 11 -12 -18  -7
-20  23  20 -24
-22  11  21  24
 -3 -12   2 -22
 13 -24 -21  22
 21  -8 -21  17
-18 -14  20   6
  5  14  -6 -21
 21 -15  24 -20
 -3 -11  -5 -13
 22  23  -5 -17
  6  -2 -16 -10
 10   0   2  18
 -6   0  15   7
 13   9   0   9
 20   2 -17   8
  0   2 -15  13
  3 -19 -21  12
  0 -11  11  16
 16 -17   5  -6
 -3  -8  19  13
 22  -3  -3  -3
 21   5 -21  12
 -3  19  12 -13
  7   7  23   7
 -8  -7 -14 -22
-23  18   9  12
 15  11  15 -23
-11   1  19   3
 12  15  -2 -16
 -4  17 -14  18
-11 -22  14  15
 -9  18 -18  -8
  3  18   1  -8
  4 -22 -21  11
  4  -6  14 -12
 -6  -4  -4 -17
 -3 -23   5 -19
  1  21  -7   9
 -6  18 -13 -15
-24  -9  -5  14
 22  16 -16  -3
 16 -16  24   9
 -5   0   3  -2
-20 -12  15  -5
 23 -12  -9  24
-11 -14  -2 -20
 17  22  -3   4
-20  -7 -17  14
 -1  -3   1 -14
-15  20 -15 -10
  6  13   8 -17
 12  10 -14 -15
  9 -19  -8   1
 14   3  13  -3
 14  10  13   8
 13  24 -10  -6
 17  20  21  -5
-24  -7  11  11
-20  15  13  16
 -2 -17   4  -5
-22  23  -7   1
  1   6 -13  -9
-22  21  -5 -11
 13  23 -10  14
-24  20  -1   6
-18   1   4 -14
  9  11  22  24
  1 -14 -12   3
 -6  -8  -2  -1
  9 -18 -15 -12
-16   4 -20  21
 -6  19  15   2
-16   8  24 -17
  6   7   2  -1
-12   2  -8  -8
  7 -17  21 -21
  4  -3  -2   2
 21   8  -6   1
 -6  -5 -20  24
-21  -2 -11  21
 13  18 -11   0
 10 -16 -18 -22
 11 -15  24 -23
 19  11 -16  21
 12 -12 -23  22
-16  13  -9  11
-21  -7   8   9
 15 -24 -16  18
 16 -21 -11   8
 -5 -15  -9  11
 -5  16  15  -8
 -7  15 -12  21
-16  15  20  10
  7   3   3  10
 16 -19   3   6
 21  16   2 -17
  0 -17 -17 -15
-10  21  -5   4
 -5  18  10 -11
 20   5 -11 -13
 -4  13 -20  23
 -1  19  -5  17
 13 -21 -24  -7
-20 -19   2 -16
 23  -9  -6 -17
 -9 -10   5   2
 19   7  -5  21
-13 -13 -12  -8
 20   1 -11  10
 19 -11  12 -16
  2  -8  -3 -24
-10  -2 -23  11
 -4  22  -9  19
  3 -12  16  11
  5 -11 -22  19
-23 -19  19  -9
 12 -14  21 -17
  1 -10  24 -11
-21  -2 -24  14
 -5  10  20 -24
 15  -9 -15   9
  5  -5 -17 -12
-17  13  22   2
-23   3  -3  22
-24 -14  18 -23
-20 -18 -17  23
 20   6 -22   7
-13  22   7  14
  1  -1 -13  24
  7  19  19   1
 11 -23   3 -15
 -8 -13  -7   0
-17  21  17 -22
  3  -5  15  -7
 -2 -24  -3  17
 23  24 -17 -18
  2  19   9  -8
  3  11   8 -16
  4  -6  -5 -15
 15 -19  17  -4
 24 -16  23 -23
 13  -2 -14  -2
-16 -16   0  -7
-22  17  -2   3
-14 -11 -15   6
-19 -13  15 -19
 11   7  -9 -15
 11 -10   8 -20
 14 -17   2  11
  8  14  -5  20
-20  24  22  -2
-15 -23 -20   4
 13  16  20 -24
-11  24  20 -13
-23   4 -22 -22
 -6  10 -11  -1
 20 -11   6   1
  0  -2 -17 -15
-21  24  -2  -9
 -8  17 -14 -24
 -4  12   8 -14
 23  21   8  24
 20 -14   3 -23
  4  10 -14 -14
-19 -11 -16  -6
 17  -3 -17  -2
 23 -17 -12 -16
  0   7  -1  13
-23  -8  -2  -4
 -8  18  -1  17
 -4 -23 -23  18
 -2 -10  -3  -5
 19 -22  16 -21
 -3   5 -13  -5
-12  -6  10   3
 23  -3   8 -17
 -4 -14  -9 -18
 23 -13  23 -15
 -3  17  -1 -17
 12  20  16  -6
  8   8  -3   9
-14 -14  13 -12
 -5 -15 -13   1
  6  -5 -18  18
-23   1  -1   8
 -2 -19  23  10
 13 -23   5 -11
  7  15 -17  -5
 -4  11   7 -16
-23  -5  18  13
 13  -5   1  11
 17  16  -3   4
-12  21   3  -6
 19 -15 -19 -21
 15  10 -12   5
  2   1   8   6
-15 -17  -2  20
 -5 -19   3   1
-11   9  -3 -16
 16 -11  23 -24
 -6   6  18 -12
 -2 -17  19  15
-18   5  20  18
 18 -13   4  15
-12 -21   8  19
  4  -3  -2  -7
 -3   5  19   4
 17 -21   9 -24
 19  11  20 -20
 19   7  24  -4
 15 -10  19 -11
-10 -16  23  17
-17  10  -1 -10
-20   8 -19 -22
  1  -2 -13 -24
  4 -23  -7  13
-12  -9  10  -2
 16 -17  22  -5
-22  -5  22  12
 15 -24   6   0
 -9   2  -9  -2
-24   6  17  14
-24 -19   8  24
-16  21  -5 -12
 -9   6  10   6
-14 -12  -6   0
-21  15   4   0
 -8  13   6 -16
-13 -16 -14  24
 -7  11 -20   9
-16  -4 -22 -12
-18  -3 -14   0
-16  -9  -1  10
 10  12  16 -12
 -8   5  21  -4
  5  17   9 -12
 -2  -4  -9   4
-12   1 -20  24
-16  10  -9  16
-17  -1  16  11
 -9  24 -14  -5
  2  20  -7  17
  4  10   9  17
-15 -10 -14   7
-20  12  21  13
-21  20 -15 -24
  2  20  20  15
 10  22   2  11
  2  -6   6  10
 19  17 -14  -7
 -2  14 -12   4
-19 -21  18  -4
 -9 -20 -24 -19
 10   8  -6  -9
  9  -3  12 -15
 -2  17  21  11
-10 -17  -4   1
-20  13  20 -20
  6  -1 -19 -16
 16  23   7   4
-14   1  18 -24
  0  -5  14  21
  2 -18  -5   0
  6  10 -22  14
  2  11  15  18
  4  12 -12 -11
 10 -21  21  -3
 -8 -19 -10  17
 -5  14 -21 -24
 -6 -10   4  18
  1  -8   2 -22
  0   9   4   2
-23 -13 -12  11
 -2  -5  13  -5
  5 -20   1 -10
  4  16 -16  18
 13  24  10 -16
-11 -15   3  15
 10   6  15   5
 -7 -19  -3  -2
  3 -16  13  18
 14  -6  18  16
-14 -12   0   3
 22  16 -23  13
 10  16 -19  -1
 24 -12  18 -13
 19 -18   8   2
  6   4  -1   9
 20 -11  11 -19
  3   2 -18  -6
 -8   2  13   5
 -3   3  17  11
  6 -23 -11 -20
-14 -12   1   9
-23  10 -19   3
 13  11  16 -17
-24  16  18 -15
 -9   6 -15 -11
-16  19 -24  14
-21   5   0 -15
 -2   8  -5  21
 23  11  -9 -17
  9  -5   8  -5
 -7  -8 -24   3
 15   2   7   4
  2  19   5  -7
  0 -10   0 -18
 18  21 -11   1
-24  15  -2 -20
  5 -12  -7  20
-18 -19   3  -3
  9 -14  22 -16
 15 -21  -6  -6
  6 -20 -19  18
  1 -11 -11  -7
 20  -6 -15   6
 12  11  16  -2
-13  -3 -15  -3
 17  -2 -12   2
-17   4  10  24
 -9 -18  12  11
  3   7  18  15
 18 -24 -16   2
-15 -10 -10  20
 16   6  11 -13
-24   0 -13  -6
-15 -21 -21   5
 11  18  14  -8
 -5 -15 -13 -15
 17   4 -18  19
 -2 -16  20  23
 19  -5   1   0
-22   4  17 -10
  0  16  16  20
-12  -3  11  14
 -4   7  -3 -21
  8  -2  18  -6
  0  17  22  20
  8  -3 -22  -3
 16  20  23   4
  0  12 -12  18
 16  10 -14   5
 -4 -15 -23  -8
 -5  -1  22  -2
  1 -19  14  10
 11  24   5  15
 20  17  -5  24
 -8  20 -23  20
 17   8 -17  11
 -4   2  24  -4
 -9   7   5   8
 16  -2  -4  -9
 11  13  21  -2
 18  19  10  -5
-12  -4   5  18
  5 -19 -13 -16
 -2  23 -21  19
  8  20 -21  17
 -9 -16  15   4
  6  -1  20  22
 -9  -5 -23  -5
 10 -22   0  14
-10  -5 -13 -18
  8  18  -5   2
-13  11 -14 -15
 -5 -13 -15  18
 22 -15 -10 -12
-14  22   0 -19
-11 -19  10  -3
 14 -10 -17 -21
-21   9 -18   7
  4  22  -6   0
  7 -12 -12  -4
  3 -16  -5   8
 21  -3  -3  13
-18  17  24  -3
 11   7 -18  12
-11 -22  14 -18
 -2  -2  14  20
-12 -21  15  15
-21  -6   4  11
 12 -15   6  -6
-21  22 -22  21
 24  10 -22  11
  2  17  18   3
 21  -9  15 -17
  0   2   7  -3
 17   8 -23   8
 18 -20  -9  24
 24 -15 -18 -22
 15 -20  -2  -9
 14  13 -13 -22
-19 -24 -17 -11
  7 -20   8 -23
-18  12 -24  24
 -9  18  -7 -10
-17 -17  14  -8
-16 -12 -18   0
 13 -10  -9  14
-20  -3   7 -15
-22  -3  -1   9
-18  17  -5  21
 11  -2  12 -21
-17  12 -11   9
-13 -16  15 -23
-14  -4  -4  -6
-13 -22  10 -20
-24  -3  -5  -9
 15  22  12  14
 11 -14  20   0
 22  -5   3   1
  0   8 -16  21
 -6  -2   5 -21
 22  -3   9  20
  1  -7  22  20
 16   8  15   3
-19  23   9   5
 -9  -9  -3   5
 -1  -6  -8   9
  4  -6 -15 -17
-22  -3   4  15
 -4  16   8 -16
 -3  24  -1 -20
  0  19 -15 -14
 -1  -7  10  -3
-18  22   1  14
 -2 -22  12  12
-24  -2 -16  -4
  0 -21  14 -24
-19   1  10  -2
 -6  11  24 -16
 -4  -8  -5  16
 -4   1 -17  -1
  8 -15  -4 -22
-21   1  22 -12
  2  16  -4  11
 -1  20   9   7
 -1  -9   3  12
 -7 -17  12  15
 23  10  10   7
  0  -6 -20  -7
  3   9  -9 -11
 18  -2   3  20
 17 -20  17 -11
 -2  17  17 -21
 -3  24  11 -21
 13 -20  11  -6
 -5 -13 -21 -19
 16 -16 -24   7
 16   0  -3   1
 23 -22   4 -24
 22 -14 -20 -19
 10 -18  -8  -8
-21 -15  14  12
  0   3  21 -16
 16  13 -17  19
 -9  18  -1  20
  9 -23  15 -11
 -5  -8   6  23
 15 -10 -16  10
  1  23  11   5