-24  18  19 -11
-14 -20  20   2
-23  13  10 -10
-24  13  17  14
-15  17  12 -15
 18 -14 -23  10
-23 -12  -4 -14
-11  12  21 -18
 13  -3 -22 -17
-13 -22 -15   3
-12   5   4  21
 -2   3   1  -2
-16  23   1 -19
-16  19   3 -14
-13  -8  21  12
 -6  -5 -15  20
-18 -23   1  -4
 -2  -6  19 -12
 -2 -11   8 -23
-15   6  -1  20
 10  -3  24 -12
 -5 -10  -6  18
 21  18  19  13
-18 -13  -1 -20
-11  -1  12  10
  8   5   8  18
 12  15 -12   2
-23   1 -11 -19
-22 -10   0 -12
 21   4  -7 -15
 12  11  10 -15
 -9  -2  -1  24
 12  -4 -21  -9
 20   2  -4  19
 13   6 -19  19
 23  18  19  14
 -2  20  -5  10
 16  -2 -23  -9
 16  -8  17 -11
-10 -24  15  10
-21 -12   0 -19
  2  24  12  13
  4 -19 -24  13
-18 -17  22  -2
 -6  -1  14   5
 19  20  15  -4
 -6 -16 -15  -5
  4  21  16 -21
  8 -18 -17  -7
  6 -12 -14  11
 -3  18   8  20
  0   9  13 -10
-16  -3  23  12
  3  -1  -6   8
 -2   4   7  -1
 14   4 -10 -23
 10 -16  12  -8
 23  -8  17 -13
 18 -18  -5  -3
  8  16  19  -5
 -6 -10  16  12
 -8 -22  10  20
 21 -15  -1 -13
 22   6   5 -16
  6  24  -8 -15
  3 -15 -24   7
 -1 -23 -19 -18
 23  -8 -10   2
 -3  22  12  -2
-23  14  -8  21
-11  -3   0   8
  5 -13   4   9
 -2  -1 -22   9
  0  12  -1   4
  9   2 -20  13
  0  24 -17  -3
 19  19  -8  23
-13   5   3  21
 13 -13 -10  19
-15 -23  -8   2
  2 -24   5   6
  4  -8 -19  -1
-15  20  -9  -6
  4  23   0  21
 23  19  13   7
 16 -14 -21  -7
 -9  13 -23  18
-15  -3  24 -12
 17 -18 -21 -12
 -1  22  14   8
 21  13   4   8
-17  10  17 -10
 12 -11   0 -19
  9  10 -11  23
 22   1  14   0
 24   6 -14  21
-14 -12 -14   3
 -4   8  11   3
  7 -12 -11   5
 11   1 -21 -21
 18  10 -12   8
 22 -17 -13  15
-12 -22   9 -21
 15   1  -9 -22
 20  10  20  17
-18  -7  11   6
 14  13 -24  -1
  5  21   9 -18
-10  16  14 -19
  5   3   7 -14
-13  11 -18   6
 17  16  -3  14
 -6  -8 -10 -12
 14  -1   6  19
 -7   6 -19  22
 -4 -21   0   7
 16  11  14   1
 15   3   9  -7
-24 -10  12  19
-13   5  24   4
 13  14 -14  16
-21  16   2  22
 21 -17  -6 -18
  2  -5  21  14
-12  20  -6  -4
  9   3   5  20
-19  22  20  14
 -5  12  10   2
-22  11   8  -7
-15   2  19  -4
 13  23 -16 -20
 -5 -23  18  -3
 -3 -17  -9   4
-15  -8 -22  -3
  6  21 -11  21
-13  24  -7  23
 13 -22 -16 -21
-22  -4 -11  -6
 13  16  10 -22
  0  -5  -6  11
 -5 -17  -8 -18
-12 -23   9 -20
  7  11   7  20
  6 -15 -19  -3
  3   0 -24 -18
 18  19  -1   1
 17  11   2  16
 24 -19   6  -5
-18  -6  -1   4
  3 -14  17 -23
 22  13 -15   1
 17  21 -20   7
-13  -1   1 -17
  1  12  24  -9
 23   1  19  15
-17   9   5  -5
-12  -4 -19   5
 16 -12 -14  14
 14   1  20 -15
-15 -21 -18 -22
 19   7   7  22
-14  21  -1  -2
  4  10  19  -2
 13 -24  16  -1
-24 -23  11  -6
 11   5  -4  13
-21  11 -22  -7
 22  18  -4 -17
 14  -1 -22  -9
-14  20  -3  13
-24 -21 -19 -22
 21  20  15 -23
 -7  -6  14 -17
  6   8  10 -20
 11 -22  20  14
-18  -7  -5  24
 22  18  13 -23
 22 -24  16  15
  2  17 -21  -8
 14  15   4  10
 -1 -11   8   7
-21   9  -6   1
-15   0  16  -4
 -6 -15   2  13
  0  19 -11  19
 17  24   8  15
 10  10 -13 -13
  7  -6  11  24
 11 -24 -16  -9
 22   1  11  22
-19  -9  23  17
-18   5   2  -5
 10   8  17 -14
 -1   2  11 -12
 14  -8   2  -8
 -2 -22  12  -5
  7  -3  17   7
-16   5  -4   3
-14 -24  -6 -20
-12   7 -21  17
-20   3   7 -10
  1 -21  -5  -3
-11   4 -21 -11
  9  13  24 -24
 12   9 -11  17
 18   5   2  24
  6  -5  -4 -21
 24   5  -9  18
 11  13   4  -2
  8 -11  -4 -13
 -8  10 -17  -3
 16  -3   2   0
 16  20 -16   1
-18  -9  23  -2
-11   8 -10   6
-13  -9 -15  22
-20  -4   1 -20
 21  -4  21   1
 -4  -3  -7   9
-14 -20 -13  10
-17 -11 -22  -9
 24 -10  -9 -22
-14 -18   7  -4
  3  -6  -6  14
 -4   7  21  23
-12  17  -2  -8
  5 -23 -20   5
  2   4 -24 -24
-22 -18  -7   7
 16 -19  22  -6
 24  12  12   3
-19  14 -21  -2
 14  19 -23  16
  5  17  17  -9
  1 -21 -19  14
 -3 -20 -21  -5
 -8  18  16  -1
 22  -5 -14 -22
-21  23  -8  -2
-11 -13 -12  23
 16 -12 -13 -15
-19  17  19 -24
-11   1 -20  23
 -5 -14  23   6
 -5 -17 -15  24
 14  -1  16  16
 13  18 -12  20
 -9  -2 -11  -1
 -8  20  -9  22
-20 -19   9 -19
 15  13   3   4
 -6   3  15   4
-19   2  17  -8
 21 -15 -10 -22
-11 -18  15 -11
  6 -21  11 -18
  3  19   1 -12
-20  -9  -2  17
-14 -17  -5   2
 19   0 -22  22
-14 -10   0  21
-13  17  -6   7
 -7   2  -5 -12
 -9   6   6 -10
-10   1  23  14
 20  22  12 -17
  0  21 -13  16
 -5   7  -9   2
 10  -1  24  24
-13  23 -24  -7
 13 -16 -24 -14
 19   9   6 -19
  9   8   8  12
  7 -23   5  16
  8  -8  -3  21
-22  14  21   1
 -6   8  21 -16
  8  24 -24  18
 -3  22 -24   4
-21  18  -3  15
  3 -23 -15  16
 20 -14  22 -21
  7   3  -3  18
 10  -1  -1   8
-22  20 -13 -24
 21  -5  18  20
-22  17  -8  15
  7  18  -3  -6
 19  -4  16 -15
 23   3   8 -11
 14  15 -11 -14
 21 -10  -4  10
-13  -9  15  -9
 10  -9   7 -22
 13  14 -19   5
 -4   5  22  -8
-13  15   4  23
 -1  -5  20 -17
 12  -2 -20  -6
 11   9   9  17
 16  13  -2  -6
  4   4 -18  -6
  5 -16  -5   6
 21 -10 -22  -3
 -2   0   8  -8
 13  21 -14  -6
 20   3  10 -22
-18   8  17   2
 -5  16 -12  10
 11  15 -17  21
-22  19 -22  18
  6  -1 -19  11
  7   6  19  -8
 17  12 -23   2
 10  10 -14 -12
  3 -19  20  18
 -8  22  -2 -23
-20  20  23 -10
  0  -9   3  10
-23  12   0  19
-11   6 -17   5
 23 -20 -19  -9
 22  -4   4   4
  8 -10  -8  -5
 20 -10  -7  -4
-16  23   4  22
  9  23  19  11
 -4  14  19  24
 15 -20  12  -5
  0   3  -1  20
-23  -1  22  -3
-22 -21   4 -21
-13  -7   1 -11
 -9   0  22   0
-22 -19  18   6
-18  -1 -20  20
-14  -5  22  -5
  2  -7  14 -21
  9  24  15  14
-21  23 -17  -3
 22  -9 -18   7
-15 -22  -1  17
 -9 -24 -14  24
 11  -3  10 -12
 14  17 -21   3
 -5 -24  18 -18
-10  16   1 -21
 20  -3   0   2
 20   3  -1   4
-20   0  -6 -20
  4   7 -19  15
 20   2  10 -22
 19  -9 -20  18
-19  13  19  15
 -7   2 -18   1
 -4  -7   5 -19
 -7 -23  12 -18
 11  19 -17   8
-20  11 -10  -8
 12   4  -8  21
-11  24 -22 -21
  6 -16  14 -22
-14  -8  12  24
-21  -1 -12   5
 20   0  16  -8
 23  11   0  -9
-24  18  22   7
  4   4 -17  20
 10  23   6 -10
 -4   4  -2  -1
  0  16 -21 -12
 12  -7   1  20
 23  22  -4  -5
 22   9  -8  15
-22   3  -7 -11
 -4   2 -20   6
 19   3  15   4
 22   2 -16  -3
 18   3  22   1
 -5  -3  -6  18
  8 -22 -11  -1
 11  20  -4 -15
 17  19  -9  22
 13  16  24   8
-12 -17   1   9
-11 -12 -23  19
 23  16  20   6
 21  -8  22  13
 19  17  24 -22
 19  -8  15  15
  2  20  10  21
-22 -14 -17  14
  6 -14   1 -10
 -9   6  -8   8
 -9 -20 -24  -3
 -9  14   1   9
-17  -1  18  -6
 11  18  22   4
  7 -24   6  11
  1  16   5  15
-19  22  15  20
 18 -10   1  -3
-24   4  20  22
  3 -10  12 -22
 -2  18  24 -24
-19  18  10  -4
 21  21  24 -22
-17 -17   2  -5
 11 -24 -23  -7
 10 -22 -14  20
 16 -11  16   1
-22 -16 -21  11
-10 -17  22  23
 -3 -19  21   6
-18  11 -19  -3
  7  -9  18  20
 -2  -5   6   1
 14 -22 -23  15
-11  -5 -24 -10
  4  -1  13   5
-14  -1   8  -6
-18  -1  -6 -10
  8   9  18   6
 17 -11   6 -19
-19 -18 -18  10
  3 -12  -8 -24
 10 -10 -17   7
  9 -22  21  21
-13  12  -5  11
 -8  -9   1   4
 24  13  17  -5
  1  20   9 -23
 -4  -9 -24 -20
  3  -4  -2 -19
  1  20 -16 -22
  9 -20 -13 -17
  4  -7   2 -18
-20  -8   6 -20
-16   7  17  11
  9 -23  -8   4
  6 -19  -1 -10
-24  20   1 -14
-12 -15 -13 -15
-13  13  -8 -20
 13  16   0  -6
 21  14   0  24
  8 -22 -16   7
-14 -16 -13  20
  2   9   4  23
 20 -19  -6   1
 21  11  -6  -2
  2 -11  16 -11
  0 -11  15   7
-23 -12  -4  16
-19  19  23 -10
 22  -8  18 -18
  8   8 -17 -13
 20   1  21  -7
  0 -17 -22 -16
-20   9 -22   9
 -4 -19 -11  12
  2   2   0  22
-22 -11  15 -23
-21   3  -4   1
  2 -19 -17  21
-13  -5  19  -3
  6 -17  14  14
-12  10   2   3
-19  -8  18  -6
 24 -15  12   9
  5  12   0 -18
 -9 -16  13  17
-24   2 -13  20
-19   7   9   9
-11   6   2 -20
 14  10   7  16
 -4  21   4  19
 19 -23  14 -15
-14  14 -11   5
 20   1  -7  15
-14  16  -4  11
 10 -11 -12  -9
  7  24  18 -21
-19  -3  19  -2
 21 -23 -14  24
 13   7  10   6
 20  11  -6 -14
 -7   1  10   6
-20   7  16 -19
 11  14  -9 -24
 -2  16 -13  18
 23  18  22  16
 -5   9  14   6
 23  20  12  -6
  1 -19 -12  21
-11 -12  20 -23
 23   7 -23   5
  6  -5  11  21
 -2   1   3 -11
  2  15  21  23
-18  -9 -19  11
-20 -22  -8  16
 -3 -11 -10  -5
 23  17  -2  21
  0 -14   6  15
 19  11  -4  24
  3   4  18  -3
 -5 -12  10  12
-23  13  20  24
  7  23  23  -2
  0  -7  18 -17
-23  16  13  19