  3  20 -12  12
 20  17 -10 -19
-23  15  21   4
  6  12   4  13
 16  -5 -12   7
  4  16 -17  -7
 17 -13  15 -18
 22   1 -12  -2
  7 -18  -2 -11
  8  -7  16   0
-17   8  16   0
 -9  19   9  12
-15 -20   6 -16
-15  -5  -3  22
 20   1  -1 -17
-21   1  -5 -14
-17   8  21 -23
 -8  11   1  10
 23   7  -1 -14
 -4  -1   6   2
-22   8  -9  -4
-18  13 -14  24
  6 -18  14  -8
-11 -22  24   9
 16  23  22  12
-16   5  22  12
 22  24 -12 -10
 18   5  -7 -18
-21   8  15   2
 20 -21  13  24
-15  -3 -22  24
  1 -23  24 -19
-11  23  10 -12
-22   7  -5  11
  4   9 -19   7
  6  18   6 -22
 18  23 -19  22
 14   1  24  10
 17  16  11  13
 -9 -23   9  -2
  0  -6  -6  -8
  5 -14 -20   3
-17  18 -19   1
 -8   7 -19  -5
-17  -8  -8   1
-14 -23 -22  -9
  0 -21   0  24
 -9 -10   7  17
 -7  -8  21  13
  5   8   4 -16
-15   4  22   5
 18  18  -8  19
 13 -21   0  11
 -8  -5   5  -5
  9   7 -23  12
-23   7  -1  -2
-20  18   8 -14
 -3  -9 -18 -16
 13 -14   9 -22
-10 -19  -3  17
-11 -20 -19  -7
  3  -6 -21 -22
  9 -11   3  13
  4  -9  23  22
 -4  -7 -13 -14
 17  20  17 -16
-11 -14  21  22
 -3  -8 -23  -7
 10  21  20 -19
-10  20 -23 -16
  6  10  22 -15
-20 -17  16  21
-13 -23  -6  19
 -3  -4  -4   4
 16  15  14  -6
 16 -16  12 -23
-12  13  18 -13
  0  12  13  -2
  6  -6 -12 -19
  0   7  10  14
  4  23  -6  20
-10  -7 -10 -18
-13  13 -11   5
-21  21   6   5
  0  -6 -22  12
 -6 -19  12  10
 -5 -10   7  -3
-11  15  19   8
 -7  18  -5  23
-18  -6  -5   3
  1 -21 -14 -17
-24  20  -3 -13
 11  -3   3   1
-10 -23  10   4
 -3 -19   2  10
 -9  24   5 -20
 15 -14 -10  -3
-10   3  -4 -19
  1  17   6   7
  6 -24   0  22
  8 -24  18  -2
-21  15  -7  18
 -2 -11  -9 -14
-17   2  19  -9
-19 -17   8 -17
-17  -3   6  -6
 -4   7   3 -20
 -2 -12   0 -18
 17  -5  -1   9
 23   1  -6 -19
 -6  19  -2 -12
  6  -1  10  17
 24   4  15  12
 -2  21  -2 -12
 17   3  -1  -7
  1  16  13 -15
 23   0  -3   1
 12  24  21  -1
 24   7  19   1
  4  19  -7  12
 -2  13 -12 -12
  7  -4 -13  12
  7  22 -20  10
  5 -10  18   3
 16  -9 -22  -2
 -3 -10 -14   4
 14  10  24  -3
 -7  -1  -2 -22
 19  -6   4 -19
 16  -8 -21  -1
 21  23 -20  17
 22 -20   7  24
-19 -20 -20  -4
 -6  -6   9  -3
-11 -10 -20  -7
-22 -12  -7 -10
 15 -10  23  21
 -9  21 -18  24
-24   6   9   7
 11  11   1  -2
  8   2   3   0
-21   8 -16 -18
-11 -12  -6   3
-15   0 -12 -17
 20   4  17 -14
  6   3  12 -13
 -6 -14   5 -10
 22  15 -23  13
-10  -8  20  -2
-20 -18   5 -15
-23   3  23   8
-16 -16   8  18
 24  11 -14 -10
-21  -3  19  21
 -6   5   9 -17
 19  20  18 -18
 24 -14  -6 -12
-16  21  24 -24
 19  -7  24   3
 10  -4  15   1
 -2  21 -20 -15
 22 -11  21  -7
 -6 -22 -13  24
 -4   4  -6 -23
-13  20 -17 -18
  1  18 -23  10
-22   1   3 -23
-21   5  24  15
 22   9  -2 -21
 -9 -16 -17  -6
  6  21  -3 -21
  7   5 -11   2
  9  -6 -18 -10
-11 -10 -18 -18
 24  21   2  14
  9 -17  -1   1
 -3   2  -2  -1
 23 -19  -9  -4
  6 -10  -6   9
  6 -11 -16   2
 -4  11   9  -5
 -9  -5  10  21
  4 -20 -18 -24
-21   7   3  -4
 -5  15   2  15
 15   3 -16  22
-13  12  -7   8
-21 -20   5  21
  2  17   5  22
 -8   6  15  24
-24 -19   2   0
 10  -3   4   4
 -3 -24   4  20
-13 -16  -4  18
 -5  10 -15 -10
-11  -6 -20 -18
 20  -2  -2   5
  2 -23  21  10
 -7  21 -24  22
-21 -19 -17  -4
-15  13  14  24
  7  22  17   0
 15   5   3  -9
 19   8  10  -2
-22  -3   2  -8
  6   3   9 -11
 14   8  22   9
-11   1  20 -12
 -2  -5 -10  12
 13  12  -7  23
  4  -3  22   4
  4   3  20  -6
 -9   8   6  18
-11 -13   0  20
  8   2   7  17
 -2  16  24  10
-13  20  18  -4
-18  20   4   3
-12  11 -24  24
 -3   0  10 -11
 24 -21  16   2
 -5 -16   3  16
-13 -22  -6  -1
-12  19   8 -10
-21 -14   1   3
-10 -22   0   8
  0  17   1  22
-21  -2 -21 -16
 12  -3   9  -9
  8   1  -1  14
-17  19 -19  -3
 18  -9 -14 -14
 15  -8   3   8
 -3   7  -4  13
  3  -6   6 -23
 -8 -15  14  13
-23 -16 -17  22
  2   6  18  -4
 -3  17  16  15
-21   5  14  -1
-19  10  14   6
 17   5 -10 -24
-22  -2   3   1
 -4  20 -12  -6
-10  21   0 -14
-24 -18 -11 -12
 24   7  22 -17
  9  -2 -19  -4
 15  24  -1   3
-23 -19  14  -1
 10  19 -19 -19
 -9  18  24   7
 -9  16  14  18
  5  -7  21 -13
 12  14 -21   6
  9  -6  -3 -24
  3   3   4 -19
-13 -23   1  19
  6  10   8   7
  8  -1   6   8
 -6  13 -24 -17
 12 -23  24 -10
 16 -15  10  -1
 24  -2 -24   8
  4 -11 -21 -14
 20  23   7   8
-23  -6   1 -24
 -9  -6  -5 -10
 16 -17  21   7
  9  -8   0 -24
 20  -1  -6  15
-17 -21 -18 -16
 22 -23  13 -21
-19 -13 -15  -4
 23   7  -8 -17
 -3 -16 -22  11
-24  24  -2  -3
 10  24   3  19
 22 -18  20  22
-19 -21  15  -7
-11   1  21  21
 19  23  -6 -21
  6  -3 -10   6
  4  24  19 -13
  9 -22 -15 -24
  7   1   3 -14
-15 -10  18 -16
 -7 -20  11   2
 14 -16  19   6
 10 -24   9  13
  8  15  16  20
  3  -6   0  10
-19 -15  -8  12
-13   3   2 -17
  6  -5  -1 -13
 -4  -2  15 -13
 -6   0  17 -12
 14   1  12  22
 24  13  22  -7
-21   4   2  10
-13  17 -15 -19
 -3   4   8 -19
-11 -11 -16 -11
  0  -3  10   2
 13 -10  21 -15
  5 -14  -1  -3
 -5  23   4 -19
  1 -16  14   6
 -5  21  -9  21
-13   0 -23  -2
-13  -3   6  20
  2   6  -8  -9
 -8  -4   9  -6
-22   0 -12  24
 22  11  24 -10
-16  11  19   4
-10   5  -7 -14
 24  18   4  -6
 12 -14 -12  -9
 11  22   2  19
 -1  -6 -19   3
 15 -23  -3 -21
 -3 -18  12  15
-19 -14  -5  22
-19 -19 -18 -10
 19  -2  -6 -13
 -7 -22   4 -12
 -5 -17 -23  24
 10  22 -23  24
-24  20 -10 -19
  9   1  18  -3
 24 -18   2   4
-12  -8 -13 -10
 -2   1  22  18
 21   0   3  12
 -2 -10  -4   2
  6   0  19   5
 23  13  24   0
 -4  -8  17 -17
 14 -23  16  -5
 17  -2  -3 -21
-19  19 -10  23
  4   1 -24 -19
-19   1 -21  21
  0  -4   7   5
 24  14   4   5
  1  21  22   6
-22  20   4 -15
 24  15 -24  23
-11  17  -8  -1
 -9   0  19  -4
 22  11  11   4
-15   3  -1  19
-10  15   2   1
 11  23 -20  23
-21  -7  12 -12
  5  16 -23   6
  0   3 -11  -9
-20  -2  -3 -10
 10  13 -15  -6
  6 -17   0  10
  6  -5  -4   0
 -4  11  13 -17
  8 -18  13  24
-18  -9   2  19
  1  -9  -1  15
 12  24 -14  -2
  1 -20 -18 -20
  6  18 -15   0
-13  -5 -10   4
-24  -4 -15 -20
-24 -10  -7  12
-10 -15  -1 -14
-17   2   0  22
 22  -5   7 -20
-17 -24  -5  -7
-22   8  13 -24
-13 -12   2  -9
-20   7 -10  18
 -5  -8  14  24
 10 -16 -10   4
  2 -14  -9   7
 -1  -7 -11 -22
  1 -14 -11  12
 12 -19  17 -13
 14 -20   5 -23
-17  -3   7 -10
 -8  -8   2  -3
  7  13 -18   6
-22  14  21 -12
-23  -1  -9  -6
  5  -9  -7 -20
  1 -24  -3 -24
  9  -1  17   4
 -6  10  21  24
-24   2 -16  -6
 22  19  -9 -16
-13 -22 -14   3
  5 -24 -18   8
  3  13   2  11
  1 -18   1  -9
 20   6  -9 -10
-14  24 -17  13
 24   2  -2 -12
 19  14 -21  -6
 -5 -22  -9 -16
  2  10  19 -23
-17  18 -22 -11
 11  19 -23   8
-18  12 -13   0
  4 -18 -23  -3
 19  -9 -15  -8
 -4   4  14 -16
-10 -21 -11   6
 -9 -13 -17 -12
-18  -1  12   1
 -5 -21  18  17
  8  23   2  -9
 10  19  -4  11
-10 -12 -10  22
 13 -18  17  14
-24 -11 -23  22
  1  -5 -20  19
-10   2   0  19
  4 -24 -10 -23
 15 -19   7   1
  6 -14  16   0
 -7   2   2  -9
-23   9  -6   1
 10  13  -2  20
-12  15 -17  10
  4  22   7 -20
  4 -16  22 -24
-23  22  -3   8
-14  10 -18  -2
 16   5 -21 -23
 23  13  18 -20
-14   4  12   7
 21 -16 -14 -17
-11  -2  23 -10
 13  18   3  -2
 -6   4   4  24
 12   0 -24  23
 24 -15  -4 -24
 -8  11 -12  11
 22   7 -12 -22
-22  22  19  -5
  6  23  19   0
 -4  11   8  23
-10  22 -24   9
 21 -18  -8 -11
  3  -9 -10 -21
-16  12  -6  16
 -1  -9  -7 -13
  8 -12  18  -9
-10 -16  13  -5
 -2  -3  -8  10
 -2   9 -15  -7
-13   7 -12   1
  0   0  17   6
 12  -9 -21  13
-22  -3   5  -7
-24 -12 -22  24
-21  16 -16  16
 -3  17  15  16
  3 -20 -17   8
  2  -7 -23   2
  5  10  24  10
-23 -10   8 -24
  5 -19  20   8
 -6  15 -12  10
-21 -23  10  -5
  8 -17  19  -9
 17 -10   2   5
 13  17 -12  -8
  8  21   9   6
 -7 -10  19  14
-11 -19  21 -12
  5 -10  24   8
-21  17   8  -1
 -3  19  -3  -7
 16  -1  20 -20
 18 -24   8 -16
-21   4  10 -18
 -1   0 -17 -21
 14   1 -10  12
 12  11  13 -16
 17 -11  10  -7
 -2  -5  -5  -3
 -7  -8  -8   2
-23  22 -20  -6
-17 -17 -21   8
-10 -23 -14  21
 -6 -23  -6  20
  7  19  -1 -11
-18   7 -11  21
  2  24   3  -2
-19  -2  24  -2
  5 -11  24 -13
 -3   7  18  24
-23   9  20 -10
  1  -8   2   2
 -8   7 -24 -11
 21   0   4   2
  9  20 -12  12
 -4  24 -13  -3
 21  15  18   6
-15 -18  24   9
  8 -18 -24   0
  6  -2 -15 -11
-12  22 -11  12
 18  13 -11  -6