 -2  21 -17   1
 -6 -11 -12   3
  1  20 -23  -7
 20  13   5   2
 -3  22  19   7
-17  11 -17   4
  1  -8  22 -18
 -6  10 -23   2
 15 -11 -11 -23
-11 -12   2 -15
 23  -1 -11 -12
 12  13 -23 -22
 17  10  24   4
-18 -20  -3  -3
  4 -12 -22 -18
 22  15 -13  -5
-14  16  19  24
 23  19  -8   3
  6  13   5   2
 23 -18  22  20
-16 -15  -1   3
 -4  13  19  23
  0  21  24  -5
 13  19 -20  15
 -7 -13  -6 -14
 11 -17  23 -11
-16  23  14  18
 13  -7  12 -16
-21 -23 -21 -16
 -4 -18 -14   4
  7   2  14 -14
-23  10   6   7
  5 -20 -15 -20
 -2  21 -23  20
-17  24  -6  11
 14  -6  19  -7
 -5 -14 -14 -10
 13 -17   8   1
  9  11  -3 -10
-11 -11 -16 -17
-21  12 -17  -8
 -2 -17 -18 -18
  5 -23 -22   2
 10   0  17 -10
 -1   8  -7  -9
 -4   8 -23 -22
 -9 -13  -1 -10
 18 -13   1  10
 22  19 -13  -6
 12  -6   5  -9
 -7 -15  10 -15
 20   7  14  10
  7  -5  -6  -7
-21 -14 -17 -13
 17 -21 -10  19
-13   7 -20  -3
-16   8  24  15
  9 -10 -16  16
 -3 -23  12  -2
-21   4  12  21
 19  -4  -2  11
 -7  -7  24 -11
-11  11  -8   3
 -3  22  17  -4
  3  15 -17  18
 -5  13 -18 -20
-10  15 -21   7
  0   0   0  15
 -4  24  24  22
 -5 -21   7  21
-24  -1 -24 -11
 -5 -14  -9 -12
  1 -19  -5 -14
 -1  -8 -16  -5
-24 -23  17 -12
  2   4   5 -12
 18  11  -2   9
 -9  -1 -22  -7
-14  20   7 -12
-15 -15 -24 -21
 -7 -17  -5 -14
 21  -9  14  24
-14  13  -4  15
 -5  -6   8   9
 18  15 -15   0
-10   1  -4   0
  7  13   8  21
 19  12   4  22
 -7  -2   6  -9
  4  -3   7 -18
-17   1  15  13
 20  23 -10 -23
 -8  23  19  16
 -3  18 -14 -14
 -5  12  -5  16
-20   1  -9 -14
 14  15 -16  23
  1  -8 -11 -13
  7  23  -7  23
  5  23 -13   0
 23 -17  -1   5
 16  -4  21 -14
-10 -11  -4  11
 -1 -23  22  17
-15   0  13  -9
 -8  -5  17  -8
 -6  14   3  13
-11  -5  22 -24
 23   9 -22 -14
 -6   5 -22  -6
-13  -6   2 -23
 13 -16   5  -4
-15  11  15  24
-12   0  22  -9
 -3  13  -7  -3
  6   9  16  11
 -2  -8  19  -2
-23 -19   8   6
 -5   9   4  24
-22 -16 -24  16
 -8 -10 -12  -6
-11 -14 -19  15
 15   7  -8 -11
-20  -6   0  24
 -6  17 -18  23
  0   5  -3  -6
 15  -8  -3 -15
  4 -24  13 -21
-21  -3  -7  13
-15   0  20  22
-15  15  16   2
-20 -24 -15  -5
-22 -24   1   6
 11  16   8 -18
  6  -4   1  20
  4 -24   1 -14
 -7   9   1 -10
-11  -4 -23   5
 -2 -15  -4 -15
 21  -8  17   8
  1 -24 -17  -6
 -6  13 -16 -11
-14  13  -5   9
 -4  -7  15 -14
 11  17 -21 -21
 18  21   5  22
 -4   6  12   4
 -6  -8  11  14
-20  19 -23  22
 22   3  15  16
 17 -21  20   1
  9  -6  16  22
  9   5  11  -7
 13  22   4  -6
  7   0  21  21
-14  10  -5   0
-23  -8   7 -13
-14   1   9  12
 22 -16 -24  24
-23  13  -8  -6
  3   3 -10  24
-15 -10  -9  -3
  6  11  13 -16
-20  -2  20   4
-23 -13   0 -13
 -9  -3  -5  12
 -3  -2 -13  -4
 18   0 -18  21
 22 -18  14 -20
 23   1  -1  -6
 23  23  21  23
 21  16 -20  13
 -9 -10  12   3
 -3  22 -17  24
-20   0 -20  23
 24  -3  -3 -12
 -4  14  -9   1
 -8 -20   1  18
 22  -2   1  19
 15  22 -23  20
-10 -13   9  -2
 19  15  12  15
-22 -12 -20  20
-12  23 -23  22
 -9  17  13 -14
-19  -5  24   6
  6  -7 -16  12
-16 -19  11  -1
  7  19   3 -15
-10  -9 -24  18
-19  -1  13 -14
 19  -9  15  -7
-24  15 -15 -17
  4  16  11  20
-17  20  -5 -10
 10 -24  19  21
 17 -11  -4   6
 17  10 -17  -5
 23 -13  13  -8
-10  13 -23  21
-15  23  -4 -24
  1   2  -8  18
  3  20  16   9
-19 -16 -13  15
 21  10 -24  12
 -4  -7  -5 -13
-24   6  -5  19
  3 -14   6   6
-14  20 -10   0
  2  11  23 -19
 -5  12  -4  10
-14   0 -13  10
 -6 -13   0  15
 22 -15 -18 -17
 -6  -9  -9  -2
 22   5  -2 -14
-18  24  24 -21
 15   2  22  22
-19  16 -20  19
 21 -21  12 -19
 15  -5   7  10
 18  14   6   5
 24   3 -24 -24
  1   2   6  10
-10   6  -1 -21
 11  -3   7 -20
-12  -2 -22 -16
  9   0  -2 -13
 23 -24  20  21
 -5   7  22 -10
 10   3  -5  22
 12  20 -16 -19
-11  17  -3  12
-17  17  16  23
 12 -20 -17  16
  1  15 -13 -21
-12  -6  12   5
-18   1 -15  17
-23 -13   5   8
 23 -23  23   7
 21   9   9 -22
  0  -7  21 -24
 -3  23  11  -5
-22 -13  16  20
 -7 -10  11  18
 23  -7   5  17
 -9  16 -12   7
  8  -2   6  15
-16  -2 -20  -5
-15  -5   3  -8
-17  10  -3  20
 18  21  -6   7
  5  10 -16  24
-24  10  19  -2
 15   2 -14 -13
  3  16 -21  -6
 10 -18  -5 -14
 16   3  -6  14
-13  16  15  24
-13  -4  -1 -12
 19 -21  -2   3
 15  19  -9  14
  6   2  -5   3
  0   1 -14  20
 -9  -6 -15  -9
-14   2 -11 -19
 -9 -10  18   4
 -8  18 -12  23
 -9  14   0 -22
  9   6  13   4
 16  15  -1  24
 22 -10 -21   7
 17  -5   5  -5
-23   5  24   0
-13 -18  -8  16
 -4 -13  -4  19
  5  -1  -5  10
 23 -21  -5   7
 14   5 -19  -1
-17 -16 -23   5
  7  -4 -12 -19
-14  22   2  11
-22  15   3  20
 11   8  -3  24
-11   4 -20  13
-21   2  -1   5
 11  11  12  -9
 23 -14   9 -20
-13 -10  17  13
 10   1   1  -1
 13  10  -8  19
-24   1  11  14
 22   6  -4 -18
  1  11   0 -14
 -3   8  -8 -21
 11 -15   3  -2
 11  -3 -21  -7
-20  -1  10 -20
  9 -13   9   1
 18   6 -23   9
-20  19   5  21
-18   1  -1  20
-10  10   8   3
 12 -17 -14  18
 14  21 -22   7
 -4   3   3  12
 23  -6 -14  14
-10 -10 -23  17
-15  11 -23  -2
 20 -10 -20  -6
 10 -24  -1   8
-23   5  21  23
 22  20 -16  21
 -8  15 -10  10
-21 -17  17  14
 -4  11   7  16
  0   0 -20   0
-14   5  -8  10
 21  24  22   1
-16 -14   3  20
 11   0  19  -4
  5   1 -17   8
-10  -9   1 -24
-12 -12 -11  15
-21   3  18  23
 10  22 -17 -21
 -6   1 -22  -5
  5  -3  14  -5
 21  -5  -3 -23
  8  17 -22 -24
-21 -12   2  21
  9   6 -14 -23
 24 -14  10  -9
 10  16  -1   7
 18 -21  -6  19
 21 -19 -10   3
 -6  -5  -5 -16
 -3 -17  -6  -5
  6  12 -16  10
-20  -8  16   2
 -3   6   7 -24
 22 -15 -16  -6
 -7   2   2 -21
-18  -3   8  -6
-12   1 -18   1
 -9  18 -11  -3
 11  -4  12 -19
 -1  -9  10 -16
-16 -11   2  24
 22   1 -12   3
  2 -22 -16  18
-10  -1  16 -14
 11   9  19  13
 23 -19   8   0
 20  -8 -11   2
-20  -1  20  21
  5  -1  -5   3
  3  23 -15 -21
  6  24  19  18
 10   5  14  -9
-15  -6  14 -20
-24   6  -5 -21
  0  11  15  21
-21  -2   9   6
-14  16   8 -15
 -6 -16   8  23
 -1   0  -8  12
 15  14 -23   9
 -2  -7 -14  18
 14 -10  -2 -22
-22   4  -5  23
-17   2   5  12
 -4 -14 -19 -18
-11  24   0  -9
 19  14  -1 -19
 -1  19 -13  23
  5  11  -4  12
 10  15 -18  24
 24 -13   1 -13
  9 -15 -24 -21
 13  19  21 -21
-11  -8   7  -4
 12  -5   5 -23
 23   6  -6  -2
-10  15 -22  11
 15  23 -13 -17
-15 -13   3 -14
-23 -15  21  -8
  0  -5  14  22
 23 -21 -21  11
 -4   1 -21  -2
 22   7 -21  19
 15  13   6  -9
  6  20   6  15
 19 -14   3  10
-15  14  24 -15
-17  13 -10 -21
-15  18  22 -15
 12 -15  19  18
 10  -2  -2  -4
 17  15  -4  13
 14 -11  -2 -11
-12   4  15 -16
 16 -18   4 -24
 19   5  15  24
-17  15  -5  22
 -2 -15 -12 -14
 16  11  14  18
  2  14  -8  14
  2   4   4 -10
 -3  -3  12  13
 15   9 -21  -7
 16   6  20 -15
 11 -18   8  22
 14  22   3 -24
-14   7 -23  -1
-23  10   2   3
-20  17  17  -6
 -5  12   3 -10
 11  16  17  -3
-17  15  -2  -8
 23   8 -15  -5
 14 -15   0  17
-16  -4  -5 -22
 19 -16  10 -18
 20  11  -7  23
 10 -17  19   9
 -2   2  17   0
-18  17   6   8
  4  12  -8  22
-14  -9  23 -21
-24  -7  15 -18
-10  12   4 -21
-24 -14  16  18
-20  -2  18 -16
-10  -6  -3  10
 -7  12 -23  22
-10  -2 -13  10
  9  20  -9 -14
 19  -9  -9 -14
-17 -21  22   4
  2  21   7  17
  9 -18  -2 -23
 12  -7 -11  -6
-14   7 -20  -9
-19 -24  14  20
 -9   1  -8  -9
-13 -13  14  -1
  3 -21 -11  15
 11 -23   2  11
-22  15  -2 -11
  7  23   9  24
 12  15  18  24
-20  -1  -1 -21
  7  13 -21   8
-17  14   6  13
-22  14   3  -8
-22  22 -15  -8
-12  20  -5   1
 -1 -19   2 -20
-16  22  21  22
  5  12  23   5
 -4   7 -13 -16
 24   7   1   5
  1 -12  -3  -8
 -6 -17  -6  -4
 -6   1  12 -15
 -2  24   2   1
-18  -8  18 -18
 18   1  23  10
  7  10  -5  13
 16   7 -23  -2
 17 -23   6 -19
  0   6 -11  19
  2 -23   3   9
  4  17  -8 -11
-23   3 -21   2
-14 -17 -19 -13
-23 -16  -4   1
-15  15   0 -24
 -4 -11   7  23
-11 -24  -9  14
  0 -23 -19   6
-12  21  13   2
 -4 -15  -9 -24
 -4  11 -10  23
 22  -9  24   6
-22   0  -2   2
  0 -15  15   0
-24   0   7   6
 20 -19 -24 -11
 -9  -2  19  -2
 15  22  -4 -23
 23  -7 -20  -7
 -7  -1  -6 -18
 22  15   9 -15
-13  15 -12 -20
-17  15  21 -22
 -3  -3  15  21
  2   1 -18  16
-11 -13   2 -19
 21 -19  23 -18
-15 -18 -15  -8
 -2 -13   8  -9
-14  23  11  -3
-15  19   9 -14
-24 -11 -12  23
 -6 -17  -8  18
  8 -19  23   8
  3 -14 -17   4
  2  22 -24   4
 24 -11  10  18