 21 -21 -17  -2
 22  17   6   7
-14  -6  14   3
  5 -14  15  10
 -2  10  -6 -17
 21  -6  23   3
  2 -18 -20  -7
-20  -1 -16 -14
  9  20 -21   1
-12 -10  13  -3
 -7 -18  10 -17
 23 -21  18 -22
  6 -15 -14 -19
  5   6  -8  20
-22  -9  15  -1
-12  22   6 -17
 14 -16   5  -3
 14 -16 -24 -20
 20 -22 -14   8
 -1   0   7 -14
  5 -13  -1  17
 17  18   6  14
 14   9 -24  15
 24  21 -19 -17
  4 -24  -6  -1
-15   2 -16  17
-11  12  24  22
-19  -8  12 -13
 23   7  -7   4
  2  12  -9  -1
 -6  13  21  -2
 18  14  -9  -8
  2  15  16   1
  5   6  14  21
 13 -14 -19  24
  0  -6  -3  12
 22   3 -20 -22
 15 -12 -15   6
 -1  19 -23   7
 -5  22 -14 -14
-13  21 -14  -9
-10   3 -19  -9
 20 -13   1  -8
-15  -3   9  21
  8   9   8 -16
  4  20  -9  22
 -6  -4 -17  -8
 24  -8  -3  23
 21 -10  -5  13
  9   6  -7  -9
 -1  14  10  19
-19   5  20 -14
-14   3 -13   8
 10  15  -8  -2
 18  12  24  12
 18   4 -16 -10
 14 -24  13  12
-19 -13   7   8
 -9 -23 -10 -19
  7  24 -19 -24
 -3  22  -9 -14
 19   8   2 -19
-24 -13  -1  14
 -2  -3 -12  18
 -8  23  22  -7
 17   6 -15 -13
  5  22   0  21
  3 -15 -22  14
-12 -24  14 -16
-22 -20 -15  -8
 -5 -17 -19 -13
-14   9 -21  -9
-15  20 -15  -7
-12  -2  23  17
 20 -24 -10   4
  3 -17  -1   9
-10  24 -12  -5
-17   8  21 -21
  5 -15  -1 -24
 -1 -23  19  20
 11 -24 -19  11
-19   2  12 -17
 19  -3  15  15
 -6 -13  -7  -9
 21   9  10   6
  2  -5   6  15
 17  -8  17  -8
 19   1   6 -23
-24 -10   9   8
 -8   0   3  22
  1 -14 -19   8
  8   8   5  18
 -5   5  22   2
  0  13 -11  -6
 22 -17  -4  17
 16  -5 -14 -19
 -5  19   0   3
 -4   1  24  -2
-11   9 -17 -11
-15   6  -7 -11
-23  24  -3 -13
 21 -19 -15 -13
 19  17  -9  -6
-14   2  -4  19
-10   8  19 -19
 11 -17 -21 -14
 -7  12  19  21
 -7  13   7  -7
  5 -10 -22  -1
  3 -16 -22 -15
-19  18  12 -24
-17 -24 -21 -22
 24   4  16   5
 -6   3  21 -15
-21  20 -18  -5
 18  17  23  10
 -9   9   1  24
 -4  13  -6 -24
 -9   2 -14 -12
 21  -4   1  -8
  9   5  11  -3
  6  -8  19  -9
 21   9  21 -11
 24  21 -15  -3
 12   2  -7 -16
-11   0 -16  -1
 -9 -17  -5 -15
  1   0   8 -18
 20 -10  23   1
-15  14 -19  -9
 15  13   6  21
-19  13  -6 -19
 15  21 -15  18
 20  24  11 -16
-16  21 -15   9
 -5  11 -20 -19
 -2   5   4   9
 22  -9 -24  -4
-23  10  -7  23
-15 -15   2   7
 17 -10 -16 -21
-11   4 -21  -3
  5  -1 -22  -4
  0  22  22   5
 16  -2   2  -3
 -2 -22  21   5
 -4  20  19  24
 21  13  23  10
 16  12 -19  23
 15 -11 -23  13
 12  10 -22   1
-18 -15   7   7
 12  -4   5 -19
 13 -11  15 -15
-16  24  15 -16
 22  17  -8  12
 18 -13  -3 -21
 10 -21 -18 -20
-20 -15  -2  18
 -3   6   2 -23
 -5  12 -14  10
-13  10 -11 -10
-22   6  10 -21
-17  -4   8 -16
-24  -4   5  12
  4  -5   6 -16
 -2   6  -3   2
  1 -17 -21 -21
 12  -7  -7   1
  0 -18  14  -6
 -2   8   5   3
-21  10  -3  23
-10 -20  -9  -8
  5 -13  12  13
  1  19  -5  14
-16  21  23   8
 -8  13   8 -20
-10  19   9 -19
 20   4   0  20
  2 -14 -15  14
 13  -7  -8  -6
-14 -23  22  16
 20 -16 -11  24
  4   7 -21   7
-21  -5   0  -6
  6 -12  18 -23
-16  20 -17 -18
-18  -2  14 -12
 -8 -11 -21  17
 23 -17  17  -5
 -1 -16 -21 -24
 11 -13  10 -19
 24   0  18 -20
-18 -24  -4  -2
 11 -24   5  -6
 -9  19   7   8
 -8   6  -8 -12
-19 -17 -13 -24
 -7  21   3 -23
 -5  22  -3 -15
-20   0  -9 -24
 -9   7  20   2
 15   6  -8 -17
 22  22   5  -2
  2 -21 -16  21
-22 -24   6  11
-22   9 -18  13
  6  18  16  16
-19 -17  14   5
-23 -20 -22  17
-19 -22   1   7
 -2  -3 -15  10
 11   2  14  -5
  9   3   2  16
 11 -11  21 -24
-10   6  -7  -4
  8  20   9 -21
 13  13  -2   4
  5 -22 -20  15
 14   7  22  16
 -4   3 -15 -19
-11  -4 -13   2
-16  11   7 -23
 -8 -11  19  -6
 -5  15  11 -15
-21 -21   1  17
-13  -1   1  13
 12 -16  18   1
 18  -5  24  -6
 -1 -15  -7 -11
 -5  10   2  15
 21   0 -14  20
 14 -12   3 -18
  2  22  -6   8
 23  -3  10  -5
-21 -20   7  -6
 14  -5  -2   7
-24  -6  11 -19
-14   1  22  24
-14 -20   9  23
 -7   2 -16   8
 17   7  22  24
  0   5  -7  22
 18  16   4  24
  2 -19  18  19
-14 -15   8   9
  6   8   5  -2
-18   6  18  -8
 -3   6  -2 -15
 16   7 -16   8
-22   7 -13  -7
-11  -7 -20   7
  2 -24  -7   6
 17 -23   8 -20
 -6   7 -18  17
 13   3  21 -24
-16   3  21 -20
-22 -20  12  21
  0 -11   5  -3
-11 -21  -9 -18
 18 -15   1   1
 20 -22  20   4
 19  14  12  -1
 10 -23  -6   2
 23  23  20  21
 23  -5 -15  -7
-16   8   8 -16
  9  11 -24   0
 -2   4  16   0
  6  -5 -14   8
-11 -11 -23   7
-24  23   7  11
 24  11  -5 -22
 15   3  -8   7
  4   7 -22  24
 14   6 -22 -16
 16  -3  -7  -5
  3 -10  -7  -5
 12  -6   5  -3
  8   5   3  -6
  8 -14  15   1
  9   5  13  -8
-17  22  -1 -19
 12 -23   7 -15
 -6  19 -17 -17
 17  21  -1   6
-20  -5  -4   4
 -1 -19  -4  20
 -7   0   9  14
-11   4 -15  14
-18  12 -10  13
-16  14 -17  13
 22 -12  18 -22
  3  17  19 -19
  4  -2   2   7
 24  20  18 -17
  3   6   9   9
 18  15  21  22
-16 -22   5  12
  2 -12  -8   2
 10 -17  13  17
 13  -5  14  -7
 -5 -17 -19   1
-13  12   8  18
  4 -22  19 -21
-17   5  18 -21
 24 -13  -1   6
 19   2  -1 -24
 15 -17   4 -14
 17 -15 -17  12
 12   5  20  12
-15  18 -13   5
 24  -9  12 -24
-18   3   3 -17
 -9  17 -20  -4
  5  -6  -6  -4
  7  10  19   7
 -6   7  -7  21
 -2 -19 -10 -16
-13  17 -10 -24
 -8  -3 -22 -11
 10   5   6  17
 19 -11 -21  19
 20  16 -16  -9
 19   1  -3 -19
  6  -3   5   5
 -2  13   8 -24
  6 -19  12 -16
-22   6  24  -5
 11 -13   4   7
 24 -11   5 -16
 -6  12   0  21
-15 -19   4  24
 24 -13 -22   3
 -2  13   0  12
 -9  -8  18 -24
  6  -3  10   8
-15   5   6   9
  5   5  18 -21
  9  21   0 -16
  5   6   1 -17
  8  23  21 -22
 11  23   2 -13
  0   6   3   9
 21  18  23  17
 -1   9  13 -21
-19 -18 -24   2
 -3   7 -17 -17
  9  24  -5  -6
-21  22   9 -12
-22 -24  10 -18
 14  -6  13  15
-24 -22 -23  10
-22   8  19 -11
 -5  21   9 -21
-19 -17  11 -15
 -6 -22  17 -13
  8  20 -17 -20
 12  18  12  -4
-20 -23   9   6
  8   9  23  -8
-19 -21   1   4
-14  -1  -2  14
-14  24  -6  12
  0 -12 -15  22
  5 -22   9  10
  9  23   6   2
 18  -6  12  10
 -7 -15 -22  -4
 -6   7  22 -16
 24  20   5  11
 15  16  -4   5
 -8  -3  23 -10
-21   7 -24   5
-14 -21 -10   9
 11 -11   3   0
-11 -10  -7 -23
  4 -17 -22   5
-17  12  15  -6
 -7   8 -21 -11
  7 -14 -17  24
 15 -23  21 -20
  3 -11 -11 -16
 15 -19 -24  21
 17  22 -20  -9
-12  11  18 -14
-10  19  -9   5
  6 -10  -6  13
-11  14  -5  11
 19   4  -6  13
 -9  11 -22  23
-18   8 -21  12
  3   1   7  -1
-18  -3  15 -18
 24  17   9  13
  2   8  15 -14
-23  -6  -9 -16
-22  13   6  14
 16 -19   8  12
 -1 -11  -7  10
-13  16  -5   8
 11 -16 -10   3
 -7  13  17  -1
 10  -2 -12 -22
 -9 -14 -16  22
-10   4  11  22
  1 -17  -6 -23
-20 -19  -3  14
-14  -8 -18 -12
 22  19 -18   9
-14   1  -4   4
 13 -21 -11  12
 17  -2   5  -6
 22 -17  20  10
 21  -8  17   6
 15  -3 -23   2
-11  12  14  -6
  9   2 -15 -21
 12  20   4   0
  4  18  24  12
-15   8   6   5
 13  -1 -24  17
  7 -13 -11 -12
  2  12 -17  17
-10   4  20  -2
-13   5  12   3
  0   0 -20   4
 22 -17  -2  -1
 15  -1  23  21
 -3   1  18  -2
 21 -20 -18   7
-11  18  -6  11
 -1  24   8 -11
-10  19 -18  -7
 22   3 -10  12
-15   7   8 -20
 21   1 -11  -7
 -8   5  21  -6
  8  -1   1   1
  4   3  -2 -11
 -6  -6  -9 -19
 12  -3  18  -8
 11  13 -10 -22
 18   2   0   1
 12 -15 -13 -17
  9  -2   1   1
 21  19   0  11
  0   0   7   0
-13   6  -3  16
-22 -14   0 -13
 19  -2   8 -19
-24  -6 -10   6
-10 -12   6  -6
-10  24 -24  23
 11   9  17  18
  1   3 -16  17
 10  -8  -2  12
-24  -5   1 -19
 -2  22  -3 -22
-21 -10   7 -19
 10   9 -13  20
-16  11  11   6
 23   2  -6 -24
 22  15  -1   6
 19  -1 -24 -24
 19  -6 -24  15
 19  -7 -19   7
 -7 -14   4  -9
 12  20  16  -2
 -1   4  21   9
-20   4   0  17
 -1   2   6  -6
 10 -19  -1 -24
-10  -5  10 -17
  4  19   2  -1
 -5 -12  18 -16
  3 -19  23  17
 24 -22   7  -8
 23 -21 -18  -8
  2 -23  11 -15
 16   9 -23  19
-14 -15 -21 -15
 10  -3 -17   6
 13 -14  16 -17
 12  -2  19   4
 14   3 -14   0
-17  15  -3  22
 16 -11 -16 -18
-11  -5   6   4
-13  -7   9  21
-24  24 -13  -3
 10   1   2 -22
 16  -3 -12   1
-24   4  -7  -8
 10  12  14 -24
 16  10  18  21
 20 -13 -17  -5
 16  -2   4 -21
 23   1 -10  13
 -6   8  12   6
 -5   4   9   4
  4   5  -1 -21
 -5  14  -3  12
 22  23 -13  -9
 11  10   7  -6
 -8 -11  19   1
 -6  18  11   8
-22   4 -24  17
 -8 -13 -23   7
-14 -21 -24  -7
  8 -21  15 -14
-15   6 -13 -15