-18  17  14   3
 21 -20   9 -15
 -3 -10  16 -22
 18  -3  14   2
  7 -17 -12  -9
-11  -7  -6  18
 14  17  11  21
  7   9   0 -15
 10  -4  -9 -22
-23  16  -1  -8
 -8  10  15  17
-17 -14 -23 -12
  8  19  -9  16
 -9   1 -12   3
  2  15  22  14
 16   4  -4  -2
  6 -17 -23  11
-21 -22  -2   3
 18  18   6   7
 12 -22  -8   3
 10 -17 -16  -3
-14  19 -13  -3
 12 -14  11 -13
 21  12   8 -22
  8 -24  11 -20
 -5   7 -17 -10
 -7  -2  14  22
 24 -21  -9 -14
-18   4 -24 -24
-23 -22  21 -13
-15   5 -19 -15
  9   1   5   0
 13  16 -22  20
-23  -8 -16  12
-13  10   5  24
 18   0 -16   8
  5  16 -16  -2
-24  -6  19  13
 -7   2 -24 -23
 -1  18  10  -4
 18   6  -6 -12
 11  24  -1   9
  2   0  -7 -21
 -9  10   3  22
 -4  -3 -18  -9
 -9 -24 -12  20
-10 -24 -19   5
 16 -10   5  23
 14 -11 -20   4
  7  -1  -3  12
 10 -12  16 -17
-13 -20   9 -12
 -4 -24  22   9
 17   7 -10 -13
-23  14  -6   8
 14  17  -2  14
  8  16  23   0
  6  22  -4 -14
 23  21 -22 -12
 -6 -15 -24 -13
 -3  -5  22  20
 15 -24 -17 -23
-20  15 -17   3
-14 -20 -11   6
-22  -1   1 -16
-20  20  18  10
 -5  23 -10 -22
  7 -22  16  11
 11 -19   2  12
 10  -9   2  14
-19 -14   7  13
-21  21 -24  19
 16   6  -1  16
-19  -8   7  -6
-20 -18 -19 -21
 24   8  -9  24
 24 -12   9   3
  4   3 -22  -9
  2 -12  -9  -1
-15   6 -21  -7
 22 -16  11   9
  9  -6  -1 -17
 -7   0  -7  20
 11 -11  -3 -23
-22 -16  20   8
-16  22   2 -10
 -9   6  -4 -17
 15  13  12  -5
 14  -2  16   7
 19   8  -6 -11
 18  17  13  14
-22 -19   0 -19
  8 -10 -23 -23
 -4  -8   0  -5
  5  -1 -13  11
 -1   9 -11 -11
 17   9 -18 -10
 -9  -7  -8 -17
  6 -19   2  -4
  9 -16 -21  -6
-11  -9 -11 -12
-24  10   7  12
-15  22  22 -17
  5  23   9  24
-16   3   7  20
-19 -22 -12  10
 11  -9  23  22
 17 -17  17   9
 -3 -21   4  20
-13   8   6   0
-18  19   2  23
 12 -19   2 -22
  4  -3 -24 -24
 15  19  -2  10
 21  20 -12 -15
-19  -9  24  19
-14 -11   0 -24
 21 -15  -8  10
 15 -16 -15  17
 18  -7  13 -10
 -1   7   3   5
-24  10 -22  -8
 12  12 -22  -1
-21 -19 -11  -6
-15   6  -4  21
-14 -18  -7 -22
  7  21 -21  -8
-15 -10 -22   1
  9 -18  -9  12
  7  24   6  20
 -4   3 -11 -21
-10   1  -6  11
-19   8  17  22
  6  11 -19  -6
-21  10  20  11
 17 -15 -17 -15
 -6 -18   4  10
 18  -6 -21  18
 19 -15 -24 -15
-24  11 -16   6
  1   8   5   3
-10  -9  20   8
 11 -16   4 -24
-16 -21  -3   0
-10 -24 -23  10
 10 -17  -6   3
 15   6  24 -10
  7  -6  11 -15
 -8   2 -15 -14
-24  10 -18  21
  1   6 -13   7
-20 -24  18 -17
-17  10 -17 -20
-13 -14  18  -4
 23   8 -14  17
  4 -14  24  12
 17  -1  -5 -11
 10  10   2  -2
  6  -4 -10  -4
-11  23 -24   4
 12 -12   9   9
-17   4  14 -12
  2 -12 -12  -2
-21  15  -6 -11
  0 -13  -6 -20
 18  -8   7  -3
  4 -19 -17 -22
  1 -20  -7  -4
 23   2  -1 -23
-12  10 -17  18
  0  -4  10 -15
-18  -3  21  16
 -3  24  -8  -8
 22 -12   1  -3
  6 -24  15  -8
 -2 -13  -4  -2
  0   3  -3 -20
  2  22   1  12
  3  18  -6 -11
  0 -19  20  11
  0 -23  -2   3
 14  -2  17  -9
 16  23   3  16
  3 -11   7  17
 12 -14   3   7
 16   1   8  -3
-20  21   5  20
-15 -14  -5  -1
 11  -6  23   2
  9  19 -19  17
-12  22 -16   1
-24  -5  -1  23
-22   5  -7  20
-16  14  16 -17
 19 -22   6  -7
 10  20  -8  -9
 15  14  -4  11
-19 -24 -19   7
-13   8   3 -19
-13  10   5 -23
-18 -14   9 -21
 -7   9 -14 -14
-22  21   4   7
 17  16  -9 -22
 13  -6 -16   8
-16  17 -15  -1
  6   5 -23 -16
 -1 -24  -2  11
  4 -16   3  -6
  6  16 -16   9
-20 -18  22 -14
-21  -8  -2  17
 22  10  12 -16
-15 -15 -21 -15
 -7   3  -9   8
-15  -8 -20  13
 -6 -17 -19   5
-11 -17  20  18
 23  18   3  11
 17 -17 -16 -23
 -7 -20  16 -15
  8 -14 -23 -10
  7   6  -2 -18
-20  19 -21   4
 -8  -1 -15  -9
-24 -12  10   7
 11  12 -21  24
  2 -13  23  18
 23 -15  21 -10
  8  24 -15 -24
-21  18  -9   3
 11 -23   3  -4
-22  10  13  11
 -7   4 -15   1
 12  12   5  10
 15 -16  12  -1
 -3  -2  -4  16
-15 -11  -5 -13
 10 -18  15  18
 16   8 -23   2
 -3   7  -1  23
 -2  22  -1   7
 12  24 -18   4
-16 -19  17  -1
 15   7  22   1
 12   4 -10   2
 -5 -21  16 -18
-10 -17  -6  24
-10   7   6 -17
 -6  -4  18   3
  1  15  21 -20
-10   0   6  13
 -9  22 -11  -1
 -3  -6 -22 -24
  3   7   6  10
 23  12 -10  -6
 19   0   2  14
 17  -2 -18  10
-15  -2   6 -15
-23  24   6  21
-20 -12   4   8
 -9  21  -7   5
 -1   1  12  10
-19  -2 -22 -15
 -6 -17  15 -10
-23  -6 -12 -16
 22  10  14   9
  4  24   4  -7
-17  17  20 -10
 -4 -12  14  21
  3 -15  -9  23
-11  -6   2 -20
-13  22   6  20
  9  19  23 -17
-19 -24 -24 -15
-15 -14   6  -6
  6  22 -24   9
 16  20  18  -1
 -9  -3 -16  20
 23   4 -19  -6
 21 -12  23 -21
 -2  23  12  20
 15  21 -15 -24
 13   0  11  20
  2   3  10 -24
 -5   0 -13  10
 -6 -22  -6  16
 22 -21   7 -22
 -1  -5  -4   4
-10   9  10  15
 17  19 -17 -12
 16 -11  12 -19
-11  10  -4  -9
 -4   0 -17   2
 19  24   8 -14
 15  22 -18  11
-17  12  14  21
  2  16  20  17
 18  -1  12  17
  2 -23  -7  21
 19  17  -7  18
 -3 -12  19 -20
 -8 -12 -21  10
 23  -1 -22   9
-19   3   5 -14
 -4  -8  12   5
-13  23 -11  17
 21  19 -15   2
 21 -17   2   7
-16 -14 -16  19
-20  -7  22 -10
  3  11   3  18
  8 -15  17   1
 -5   2   4 -10
 10 -13  -5 -18
-15  -3  22 -19
 23 -16  18 -24
-15 -13 -21 -17
  8  13  22   3
  6 -23  10  -4
-13  23  16 -11
 23  11  -8  10
 -4  14 -16  -4
 -1 -10 -12 -20
 -3  17  -1   3
 14   7   7 -11
 23  -7   7   3
 15 -18  -3  14
-11 -18 -13 -13
  2  19  -6  12
 24  16   2  -2
-17   9 -13 -14
-13  12  -2  18
-19 -17  -1   1
 22  -3  15  -8
 18   5   3  15
 23  -3   6 -22
-18 -13 -23  13
  2  17  13  24
-20 -24  20  22
-10 -11   8 -19
-12  10 -21  15
 11 -15  23  11
-16  21 -24  16
  8 -16   1 -12
  9 -21  -8   2
  4 -17  -8 -12
-17  -2  11   9
-21  23 -23   4
-21  15  11   4
-22 -18  11  12
-17   4  11  -9
 -9  -2   2  11
 11  23   1  -6
 -4 -11   8 -21
  0  20  23  -3
  8  15 -12 -23
  8 -24 -11 -16
 -4   2   0 -11
 20 -23   5   3
 -9   2 -23   9
 15 -17  18  -7
 -3 -23   3 -18
 13  -1 -15  -5
 -7  16  19 -11
  4  -1   6 -24
-14 -23 -16  22
 -2  15  -7   1
  0  18   4 -15
 -3  15 -16  18
 -9 -24 -18  10
  7  -2 -13 -20
 -9  -8  19 -12
 -7 -17 -23  -2
-13  13  13  16
 -4   9  -1  10
  9 -13 -18  22
  4   2   4  15
-15  -9  10  24
-20 -13   4  13
  0  23  14 -15
 10 -11  18  13
  5  24  21  -6
  1  -8 -21 -19
-23 -18 -17   2
 -4  16 -24 -10
 15 -16  22   8
  2  -9  -9   0
 -8 -20  21 -13
-14   3  14   3
-16 -15 -15  11
-11 -17  12 -16
  5   5  14 -21
 12 -21   3  22
-17  -3  -3 -22
-18  11 -15  -3
  5 -21   5   4
  1 -23   1   0
 13  -8 -14 -24
 15  17   8   5
-19 -16   0  19
-10  10   3   8
 19 -11  20  16
 23  14  -4   1
  8 -13  -5  13
 12  -9  18 -24
-19  18 -14  12
 22   5  17   2
 -6   9  17  13
-13  17  19 -21
  5  -4 -23 -18
  7 -23   5 -21
-13   0  -3   9
 -4  21 -24  -3
 18  15  -3 -18
-21  22  20 -13
 10  -7 -20 -23
 15  20 -20 -21
 -1  -1   9  14
 12  24  17   6
  2  -7  14   5
-19 -23   7   4
 -7  12 -16  -8
 18  -4   4 -17
 -3  13 -17 -18
-19   1   6   3
  6 -17  16  16
-15  24 -14  18
-17 -11   9  19
-22  -6   2   5
  3  21   6 -17
-11   2 -23   2
-19 -22  10 -13
 -5 -11  21 -16
 17 -10  -1 -15
-15 -15   7  21
 14  10 -10  20
-20   3  10  12
-18 -21  -5  16
  4 -24 -12  -8
 22 -13 -23  13
-23  18  -3  -5
 -3   4  -9  10
 23  -1  -6   9
-17 -11 -16 -15
 -1 -10  -7  23
-19  17  -7   7
  0 -23  19  20
-12  20  -6  23
-11  23   3 -20
 14 -20  -7  11
-18  10 -23 -14
-11  -1  16 -14
 19 -21 -21  12
  2  21 -18  -1
 24  -2 -15 -22
  4  19  -7  13
  9  19 -15  17
 23 -20 -20  21
 -5 -17 -19 -14
 -7  15 -21  14
-17  -4 -19   7
 -8   8 -24  13
  8   0 -10  -3
  9  -7   5  -3
 18  -6  11  20
-15   5  -2   9
 -6  22  22 -14
  1  18  -1  13
 16  21  16  -2
  1 -12 -16 -24
-23 -12  15   7
 -2   1   6  -1
-17  19   3  -8
  5   2  21  -4
  3 -19  -4 -21
-13 -11 -11  -1
-23 -20  -4 -22
  6   6  17  -1
 24 -24  22  14
-12  -8 -17  -7
 21  -2   3   2
-24  20  16  -4
 -3 -17 -15  -4
 13   6   3 -11
  7   6  -2  18
-18   1  10  20
-22   8  16  17
 23   7  -5 -22
 10   2  -2 -15
 18  12  -8  24
 22  20  -5 -24
  9   5   5  23
  7  17  11   4
  7 -19   8   9
 -9 -13  21  19
-10  23 -24  -6
 20  -8  -3 -20
-21  18  15  22
 14  15  12  -8
  9   6  -8   6
 22 -22  24 -19
 -7 -14  19  20
 -1 -23   8  -2
-16  -7  14  -8
 23   2  -9   7
 14  16  17  18
  0   4  21   1
-15  -5  20  16
 13 -15  24  -5
 -8  12  14   1
 -8 -21  19 -18