  4  11  20   5
  1 -23   1  21
 -7 -10 -23 -16
 -5 -11   4   5
 -7   3  -5   4
 22 -14  -3 -14
 -4 -22 -17 -17
-18 -13   7   0
 19  11  18 -15
-16  -8   1 -14
-14   6   0  -8
 22  24   2  16
-18 -17  16  10
-18  -2  16 -17
 24  -8  -4 -21
-17  -6 -21   4
  3  13  -7 -16
  5  22   3   1
 17  12 -17  -1
  6  -7   7   3
 16   1  13  20
-15 -24  -9  21
-20  14  16  -9
  5  23 -15 -21
  7 -15  10  -3
 19  10  11   5
  9   7  -3   8
  7  -9  -1 -15
 -8 -16  -8  -8
 20  13 -17   0
 -3  -6   8  -9
-24   5   3 -18
 22  15  -1  20
-24   0 -22  13
  0 -10 -22 -12
-24  13  -1 -12
 21  15  23   1
  7 -17  -9  16
  4 -14  19 -21
 11  17   4   1
 21 -10   2   3
 14 -13  -7  19
-15  18  -7  23
 -4   3   0  -6
 -8  14  16 -17
 -6 -14   1  -8
 -1  15  16 -10
 15  -6 -24  22
  1 -22   2 -15
  0 -17  20 -14
 21 -24   0   1
 20  20 -18  12
 -6  20 -15  -7
 -1  -5  -7   7
 24  21  17  -4
-17  21  -4 -16
 24  -3  15  -8
 13  -5 -16 -18
-16  -3   4  20
-17  -5  -4 -22
 19   9 -11  14
 21   6   8 -20
 14  -3  12  11
 -4  13 -15  -4
-12 -13 -18  17
 10  -8 -24 -22
-21  -9  -5  11
 24   2 -20  -3
 13   9 -23 -12
-17   5 -11   2
 15 -23  -2  11
 -8 -15  12 -19
 13   9  11  -5
  1 -14   5  14
 -3  -1  -5  -4
-16  24  13  -3
-23  12  18  -5
-15  22  13 -11
-11  23  23  -7
  0  -6  -8   7
 -4 -21 -20 -24
 -6 -13  -3  22
  7  11  -7  21
  3   8  24 -23
  2  23   9  -9
  7  11   8  -7
-11 -10   5 -12
-23  23  21 -23
 -5  -6  23  -9
  4  13  -6  22
-18  16 -11   3
  4   5 -19  21
-22 -16 -11   3
-12 -15  -7   7
 -6 -14 -23  20
 -6 -11 -16   5
  9   4 -20 -13
  7  20  -1   1
-18   1   3   2
 16  22  -1  16
 21   9  -4   4
 -3  15 -15   9
 14  24 -12   8
 -4 -23 -21 -15
 -3  -9 -13 -17
-16  13  -4  -8
-19  21  24 -11
-20   4  20 -24
 15   9  19  23
 -3   6  19  -7
-12  -2  -6  15
 16 -16 -24  -1
 10  -8  10  -5
 -9 -18  21 -22
  7  18  -8 -14
 -2 -20  -3  21
 15 -11  -4   9
 13 -22   1  12
 14 -21  12   9
 13  -2 -14   6
 22  -3 -19 -16
-20 -11   5  24
 -3  22   6  -2
-16  -4  -6  -1
-15   4   4 -22
-24 -22   3  10
-14   9  -8 -20
 11   9   6   2
 13   7 -19   0
  3 -17  -5  17
 22 -13   9  14
 23   9   8 -18
-18  -2   9  12
 -9  -2  -2  24
  7  24   2  12
-24   0 -16  22
 13   6 -17  15
 -8  -5  23  18
 -2  24   4 -13
-11 -11  -3  -2
-24 -23 -22  -1
 18 -24  -3   8
  1   7 -22  22
-17   9 -18   0
 15 -14 -19 -10
  7 -18  19  14
 22 -24 -11 -12
-12  -5   6  20
-13  -8  -2  18
 -6  12  16  11
  2   4   8   4
-18  -7   3 -10
  3  -6 -10 -18
 -1  11  23 -12
-11   7 -10  12
 -2   4  11  -9
 13  -2 -10  -3
  2 -20 -10   1
 -2  -5   2  12
 -5 -10   8 -18
  4  12  17 -13
-19 -12   9  13
-19  10  23   9
-14 -11  -9 -18
  7   6 -11 -20
  5 -15 -14  -3
 24  -4  10 -11
 -7  15  23  18
 -1 -21   8  14
-14 -22 -22 -12
-22 -21 -14  -9
-14 -24  11  -7
 14  -5 -21  14
 21 -11  13   0
 -2  23 -24 -10
 10 -22  -3   5
  4  -7 -15 -10
-13   4 -16  23
 17  -4 -11   8
  9 -17  -9 -18
  3  14   9   5
  5 -20 -18 -15
 -9 -21   3 -18
 21   1   7  24
-19  14  15   0
-22  -8  -1   6
  8  14  23   9
-17  -1  11 -15
-11   0 -23 -15
 -2   7   0 -22
 -9  18   1  20
 -6  23  15 -17
  7  12  -9  17
  7  24 -16  -7
-21 -19   4   6
 15 -19 -18  22
 19 -20  14 -22
  3 -14  -1 -24
-13   8 -12   2
 22  19  20  10
 17   6   9  -4
 16 -20  18 -22
  0  16  -8  22
-17 -23  16  23
 19  19   2  15
  3  -8 -20  -1
  9  13 -24 -20
 -9  -4 -17 -14
-12   9  -4  11
 -4   9  -5 -20
 22  18 -21  10
  1 -17  11  -1
 21  -4 -13  -9
  8  16 -17  -5
  9 -15  10 -23
-24  18 -22  -7
 17  21 -14  13
 21 -23   8 -17
 17   2  -2 -22
-19   3  -5 -19
-22  -3   5  -4
 -1  23  -6   6
 -3  14  19  24
-19   2   7   7
-11  -3  -2 -14
 -8 -11  -4  14
 19  -2 -20 -12
 -7 -17  -4   7
-12   6 -11  -3
 12   2   4  17
-13 -11  19 -11
 13  14   7  10
 10  22 -11 -13
-23 -19  -9   0
 14  -6  17  -3
-24  15  -1  -4
 -8  11  -6 -10
 -4  20   3 -11
-17 -22  13 -14
 21   2  18  12
  9 -16 -10  -4
 -7  -3  20 -23
 -7  12   8 -11
  3   3  -5 -20
-17  -2   7  -6
 12 -10  -9  17
-10  18   7  10
-12   1   2 -23
  1   3  24  12
-17  -9  19  18
-20  -9 -23   7
 -2 -18   3   2
 15  17  10   6
 -6  -9  10  14
  0  23   7  18
-18  22  23   1
 -3 -12  13  -8
-19   8  17 -23
 12  15  18  -3
-16  -6  14  11
 20 -13  20  -5
 -3 -18  18  -1
 12   8  16   5
  2 -16  10  10
 -1  -9  24 -13
 -5  22 -19  23
 -8 -22  -6 -21
 20 -15 -17 -23
-16   3 -14 -13
 17 -20   6   3
 11  16  24 -23
  8 -15  24 -17
 22 -22 -17   4
 13 -16  22   1
 13  23 -22 -16
 15   4  18  -2
 -1 -20  -7   1
 12  11  24 -14
  7  10  12 -15
  6  15  14   2
  7   8  -1  -4
 -4 -16 -21  -9
 23 -20  11  -6
 -1 -18  -9 -24
  3 -15 -17   1
 11 -17 -14 -17
-23  23  15  21
 13  -9  -6  -8
 21 -15 -23  17
-14  -3  12 -11
 -5 -11   9  10
 15   7  20 -23
 -6  -7   9  16
 11 -22 -24 -13
  3  -9   9  -6
-12  24   0  15
  2  21   8  23
-11 -21 -21   8
  1  -1 -19  23
 14 -11   5   2
 13  16 -14  24
-18  22  21 -22
 -7  -1 -12 -10
 10  18  22 -23
-19   5   6 -19
  8  10   3   3
 23   5  19  -8
  5   0  -4 -21
-13 -12   0 -10
  3  -8 -14  10
-18 -15  -6   3
-12 -19  -3   5
  7  10  -3 -15
-14  13  16 -23
-13   6  -5  14
 10 -13 -22 -14
  9  -2   4 -12
  6 -19   7 -20
 18 -16   4  -7
-23 -22   5  20
 -9 -13 -19 -12
 -4 -18   4  21
 -4  -1  16   4
-20 -18  12  19
 -5  -9   5   1
 -3   4 -10  -3
  9 -12  -7  -5
  5  22  20 -19
  5   7  22   6
 -8  17  -5 -23
  1  -9  22   4
  4  13   0  20
-11  -2 -15  10
 21 -24  19  19
-24  15   4 -11
 19  17   1  19
 -7  15 -10  -6
-16 -18   2   5
-22 -24   5  13
 -1  15   4 -23
 20 -18 -24  -7
-12 -10 -15  -3
-24  21  -1 -13
  3  -7 -24  15
 -3  16 -24  -3
-15  17 -15 -24
 -3  21   7  -3
-21  14 -21 -20
 11  13  -2  18
  4  22  -5  20
 -9  20   2  22
-22 -24  -4 -13
  0 -10  14   5
-16  16  -5 -20
-17  -6   6   6
-14  24  -8   7
 -2   3  15   5
 -2  -2  -8  -2
 19   2  -1  -3
-14  -2   8   6
  5 -20 -23 -12
  0   2 -14  24
 11  13  -5 -17
 18  15 -14  13
 -7  11   9  17
-20  17  11  14
 15 -10  -9  10
-11  -5   4 -14
 -3 -22 -21 -22
 18  21   5   5
 -8  -3 -23  20
-24   8   1 -20
 14   9  -2  18
 22 -12 -16 -24
 -7 -21  14  16
 24 -23   8   1
  2  20  -6 -12
 -8   9 -23  22
 12   6 -16 -20
-16 -23   4  15
-13 -17  21 -18
  0  -5  10  12
-23  -5 -11 -23
-19 -19  24 -12
 13 -14  -3  18
-20  16 -16  10
  2   4  23 -11
-18  11 -15   1
  8   2  17 -23
 14  11 -21  -4
-21   7 -13  -5
 15   3 -24   3
 24  16  19   8
 11 -17   5  24
 15   5  15  20
 -4  21 -18   6
  9  24  -4  -1
-23   0  22 -17
 13 -17  21  21
 14 -22 -10  -5
 -8  -6  19  -4
 -4  24  -9 -12
 18 -14 -21  22
 12 -20  -4   1
-14  -8   4   0
-16   9  -2  -9
 17 -12 -17  21
 -5  -4 -19  16
-22  -5 -17 -22
-13   4  20   9
-24 -16  11  13
  3  13 -17  10
 -7  14  10 -12
 23 -24  -3  12
 -8   9  -8 -23
 -1 -18 -15  10
 16 -15   8  -5
-21   3   2 -12
 13  -5  -4  -7
 19 -23  -5 -13
 -9  16 -14 -20
 20   3  -9  16
 -6  20  22 -19
-11 -22 -14  10
 -3 -13 -10  12
 -8  24 -24  12
-20 -22  14   3
 13   6 -11  18
 19  -2 -15 -23
 23  18  -6  22
  5  -8 -15 -19
 -1 -20  -8  12
 13  -4  16  -3
 15 -10  20  -6
 -4  -2  17   3
  4  -9 -16 -10
 21   1   6  -5
-11  21   7   3
 -6  18   9 -18
 -9  20  -7   3
-18 -23  -3  18
-22  14  -9 -21
 20  24   6   7
 16  11  15 -14
  2  -2  20   0
  3   5   4  23
 16   5 -14   2
  6  -5  -9 -15
-21   9 -24   2
 10 -12   8   9
 -3  21 -14 -13
-14  12 -24  19
-23  12 -20 -11
-22  18  -2 -11
 -8  12 -18  -3
-21 -18  19  -8
 10  23  -4 -20
 20  -2 -21   0
 17 -22 -12  -4
 13   0  -1  -3
-11  23 -23  24
  5  10   2 -13
 -3  -3  -3  23
 15 -24  -7 -12
 -6  -3  11 -24
 11  -7   5 -19
  1 -10  -8   7
-22 -19 -19 -10
-23   1 -18   8
-18 -20 -23   7
 24 -19  13  14
 16  -4  -1  -7
-12   5 -10  -2
 14  13  13  22
-17  -6  -1 -14
-23 -17   3  -2
-11  -1 -17 -12
  8 -20  -7 -21
 13 -20  -5  24
-23  15 -12 -23
  7  21 -10  18
  7 -23  -9 -14
 -8  -4 -17  19
-14  24   6   0
-23   6   5   9
 13  11 -11  -5
 10   9   1   9
 10 -12  -3  11
 21  -9   4 -23
-19 -22 -23 -14
 19  21  -6   1
 -9  12  11  20
 17  20  13 -11
-21 -11  -7  -7
 12  23 -14 -10
 20   6   9  20
 -5  19  -8  16
-22  15  22  10
-10 -13 -13  -3
 22 -24 -17  -1
-17 -15 -15 -11
 -2  20   8  -6
 -2   4   1  -4
 14 -20  17  -3
 11   7  21 -21
 15  23 -12 -16
-24   6  -5  18
  0  22 -24  -4
-10  14   1 -19
 -4 -12  20 -14
  0 -24   0   1
 -2   0  16 -19