 -8  -9 -22   2
 -8  -7  11 -16
-11  -4   9 -16
 -9  16   9   3
-18  -4 -14 -16
 20  19 -16   2
 24  22  21 -14
 14  20  23  14
 -1 -18  -5 -15
 13  23 -23 -10
 21 -12  17 -22
  3  19  -6  -8
 -1 -15   6 -22
 14  19   0 -15
 18 -13  -5 -10
 22 -24  17  15
  1  23  11  -4
 19 -14  -6  -3
  9  13 -13  10
-12   1   7 -23
 -6  13  15 -22
 22  19  22  23
  4 -23 -10 -15
 13 -11   2 -23
-13  -3 -21  18
 11  24 -21   8
 23  -5  13 -22
 19 -12 -14  20
-20  16   8 -14
-10  17 -10  17
 10   0 -21  14
-16  -8  -9  -6
 16 -11 -23 -24
 15  -5   1  -4
  5 -21  -4   2
 -7 -19  13  -1
 -5   8 -14   3
 17  21  13  17
 -2 -24  17  15
  6  19 -16 -17
 12 -24  21  22
 14   8 -14   8
 -6  -9  19  24
-17   3  -8  10
 19  -7  22 -19
-24  16 -24  -7
 14  -4  19   8
-12 -23  -1  22
 17  12  15  -5
  2 -10 -15  18
 16  -4 -19 -11
 11  19   2   7
-11 -14 -24   3
-19  15  -1  23
 18  -7  21  10
 24  24 -19   6
 -2  12  11  20
  2  15  10  20
  5 -22 -10 -11
  3 -20  18  -1
 -3  21   3  22
-22  -1  -1  -2
 17  -3 -12 -20
 18   2  23  15
  2  17 -24  21
-11   1 -14 -16
-11 -19  -8 -13
-19  -6 -16  23
 -5 -14 -14 -23
-20   7 -11  -1
-19  18 -16   0
 20  15  -8  18
-20 -19 -14  15
-13  -8 -17   9
 -2  -3 -13 -20
  9  -1  18 -19
 24 -11 -17   2
 12  10 -24  10
 15 -19  -9 -21
-11  11  -7  24
 24 -18   8  -9
  5 -18  18 -10
 11 -21 -14   3
 11   9 -16 -20
-23  -6   1  -4
  0  -1 -13 -10
  7  -1 -23 -22
  7  -4 -12  21
-24  -9  16   9
-13  -5  -5   5
 15 -21  14  15
  6  10  14   1
 -2 -22  -4   1
-20  10   2  20
-16  22  18 -16
 -3  -8 -19  10
 -5  -7 -13 -13
  6  13 -10   8
  9 -20  -6   2
 -5 -14  15  17
  7   7   3  21
  8 -17 -14  16
-14  -4  18   9
 15  11  14   8
 -8   0  15 -21
 -7  -2   8  23
 13 -22   8  23
 -4 -18  17   2
 17  24  -1   4
 -7  24  -4  23
 -6 -24   3 -24
 21  12   8  -8
 11   9 -17  -5
  3  20  -1 -15
 -6 -21   8  24
  9   6 -11  -5
-15  12  16 -18
 14 -22   3  18
 -7  10 -20  22
 21  -7   6  23
-10  -9 -22 -24
-21 -13  22  23
 24  -4  22  -5
 13 -22   0  16
 11 -19   7   6
 -6  18  11 -12
-14   3  -8 -22
 -8  -7  17  11
 -1  14   1 -11
  0  -3   6  -8
  6   3 -17 -14
 10   3 -21 -15
-19   7  14  10
  6 -24   0  -3
-14  -3  -2  -7
 21  -5 -23  15
 -5  -8  15   5
 11   4  -8 -14
 -8 -13  -4   1
-22  13   4  18
 10  18  -5  11
 12   8  24  15
  9  -3  14  -3
 -1  17 -12   8
 24   4  22  -2
-24   1   8  -8
 16  19 -14   3
-19   8 -18 -22
  2  18  -1   7
-15   2   1   8
  0  -1 -21   0
 24  -7 -14   6
 24 -24  -5  16
-12 -23  23   5
 -6  21  -8  -2
-16  21 -11 -17
-19 -17  -2 -14
 11 -23  -1  17
 11 -21   6 -15
-21  15 -11 -19
-18  16  -1   7
 10   2  23 -24
 -6 -18  -4 -11
 21   5  15  24
-17   1  -6   4
  1  15 -18  19
 -5  11 -23 -11
 20  23   7   1
  0  11  15  10
-11  24  21  19
 -8  21  -8  10
-13 -11 -21  10
 19  19  -1   5
 -5 -23  -7 -23
 15  11 -14  20
 21 -10  -5   8
 -5  12 -24   5
-13  14 -22 -17
-21  16 -16  -3
  9  -1 -11 -19
 16   0   1 -22
 -9 -15 -16 -22
-24  -7   5   9
  6 -21 -17  -5
 -9 -22  -8  -3
-24  -5   6  15
-19  23 -23  -7
  6  12   3  -6
-19 -17 -18  16
  8   0  22  19
-24   4  14  23
  3 -17  -2  14
 -9  -2   1  16
-22 -21  14  -5
 -9   5  11  16
 17 -15  12 -12
 19   7 -18  -4
 -1  -6 -24  -5
  0 -10  -7   3
  3 -17  11 -21
 20  18  -9   9
 -1   6  -1  -6
 19  16  16   9
-15  -3   6 -21
 16 -21  10 -14
 15  -3 -21  -1
-22   5  14  -3
-18  -2 -12  -7
-19  19   9 -16
-14  -3  -2   5
 18   5 -17  21
 12 -23  17  17
-21  11  21  23
 23 -17  18 -20
-18  23 -13  16
-20   6 -10 -13
  0 -21   3 -15
-19 -23  -1  12
-21  18 -20  -2
-11   1   9  22
-15  14  22 -17
  9  19   1  -3
 10  10 -21  -3
-22 -20  18   3
 22  -7 -12 -17
  1 -22  16 -20
  2  24  22   6
 18  19 -18  15
  0 -21  -9 -23
 20   6 -11 -16
 13   9  18 -17
 16  19  -4  24
-16  -2   9  -6
 20  14   4  10
  1  21  11  19
  5  -4  19 -19
  8 -16  22   8
 -8   2   1 -19
 -9  16  18  -2
 11   7  -9   1
 13  10  15   8
 11 -19  14 -20
 12   8  19  17
-21 -10   6 -21
  1   2 -12  22
 20  -2 -11 -17
-10  15  19  12
 11  20  14  19
 16 -13  -6 -23
 -8 -22   8  13
  8   5 -23  -7
-23  10  23  20
-14 -17  23   3
 -3 -23  21  13
  2 -12 -17 -13
 20  -3 -22  24
 -4  14  23  -5
-13 -24  15   8
 19   7 -13  10
 -8   8 -11   5
 -7 -20 -13  -4
-24   8   7 -19
  5 -11   2  22
 18 -13  21   4
 18  18   9  -4
 23 -18   5 -13
 -2  -6   2 -23
-23  -3  -5 -22
-19  19  -6 -19
 24  -7 -23  -3
  4   0 -23 -10
  8   7 -14  23
-24  16 -16 -11
-21 -16  -1   9
 -7 -20  -9  22
-12  -8  15  24
  3  -2 -21  -4
  6  24 -11  -6
-23 -16 -21  21
-16   4  -1   1
 -7   2 -11  11
 20  -5  17  16
 -9 -14 -11  -5
 21   1  -1 -15
-16  11  -7 -19
 22  22  -8  17
 -4  20 -12  17
 15   3 -10  -1
 -3  -5  17   8
 -3  -4  -1  15
-15  -1  21 -22
 -7 -21   4  -1
 14 -15   4 -23
-14 -10 -13  15
 -8  10 -10 -21
 16  10   7  -3
 18 -21  16 -13
 -1   5   8  -7
  1  -2  13   7
-15  -3  13   9
-17 -12  14  -2
 19  14  20 -13
-17  10  -8  -9
  3   2 -13   5
 -4 -16  -5   0
 18 -21   5 -20
 21 -20 -15   4
 -8  -8   1   9
 11   9  -2  -6
 11   3  12 -19
 16  24  -3  14
 20  14  -8 -11
-16  -5   1  -1
-21 -23  19  -1
 -3   6 -19 -10
-11  20 -12   7
 18   5 -14  20
 14  17 -15 -22
-24 -10   1  12
 -3  -1  -4  -2
 -6  19  -7 -13
 22  14  -9 -21
-12  -1 -17  -6
-16 -10 -15  -6
 12  21  20   8
-13  16  24  -2
 14  10 -18 -10
  5  14 -17   4
  6 -23  24 -23
-24  22  -1  -6
 17  23   6   2
 23  20  21  18
 10  20  20  -3
-15  14  19 -20
-22  12  20  15
-15 -22   2  18
-20  24  10 -23
 13   8  23   0
-24   0 -22  -4
 16  -4  -1  16
  8   8 -13 -20
-15   0   3 -15
  4  -1 -20  20
-15  -4 -21  13
-22  24 -21 -19
-19   7 -12  20
  4 -23  11  -7
-21 -20 -19  -6
 23   8   0 -21
-13  -9  -7 -21
-13  14  -1   7
-17 -12   8   3
-19 -12  -9  15
  7  -7  -3 -19
 13  16  -6 -20
 23 -18  24  -1
 -8   8  24  12
  7  10  -1  20
-22   6  18  14
 23 -10 -15  -5
-14   7   3  -7
 13  13  16 -12
 14  22 -15  12
 -2   9 -18 -14
 16  -8  18  -9
 -3  13 -23 -24
-18 -17  14 -22
  3  21 -24  24
 13  -2   6  -3
-19  18 -15   6
 13   3 -17  -1
-17  23  11  11
 -7   1   8   9
 19  -8 -17  16
 -2   1 -16  -8
-21  19 -23  19
-17   4   2  -4
 15  21   8  23
-16  19  12  14
 17 -12 -17   8
 18 -14 -18 -13
-16 -21  11   7
-18 -13  10 -13
 12   8   1 -18
 -8 -16  16   0
 19  -2  -6  15
 21  18 -21  24
 -2  18  19   8
-12  22  -7 -18
  8 -10  -8 -18
 21 -16  -1   2
-20  11  10   6
 21  19  -3  -9
  0 -13 -10   5
  0 -18   8  -6
-15  -9 -14 -24
  3   7 -24  21
-18  -2   7  -7
  4  -4 -24 -24
-17  22  14 -17
 -3   3  15  10
-18 -14  -5 -22
 18  14  13 -14
-21 -19   7 -17
-12 -23  -6  15
-11  12 -20   6
 -2  -4  10  20
 -1  -7 -12 -11
-17  -9 -16 -24
 13  16   3  15
 20  -8   8 -15
  8   4   1 -13
 24  -6  10   0
 -4  -7 -12  15
 -8   8  -7  14
 15  12  15  -5
-12  10   0  11
  8 -10  -3  13
  3  -9  13 -10
 23  16  14 -15
 -3   8  12  -7
 -4 -16 -18   4
 -9  24   7   0
-16 -11  11 -21
 13  12   9  19
 10  10  21 -17
 17  -3  -1  17
 -3  19 -17 -24
  5  17  -6   8
 -2   2 -16 -15
 21  -2   5 -12
 22  16  10  20
-16  -4  17 -21
 17  11 -22  22
 -3  11   8  18
 -1  21 -13 -10
  1  -4  -1  -3
 20  20  10 -11
 16   7  -4 -19
-18  -4  -4  -3
 11  12 -24  24
 -3  -9   8  19
 -9  -4  16  18
  9   8   5 -24
 -1   0  12   1
 17  20 -13  -6
-11  -3   4   6
 -5 -16 -15   2
 10 -16  -2   5
  1   4  12 -12
 19  10   5 -11
-21 -11 -15 -24
 -3  12  -7  -7
  0 -20 -15  20
 18  -6  17  20
-17  17 -11   3
 19  18 -21 -21
 -3   7 -10 -21
 16  14   1   7
 24  -6  -6  -1
-24   3  10  -9
-18  16  -6 -15
  8  -5  13  -4
 -7  10  -6 -12
  1  14  14  24
 -8  -9   5  13
 10 -19  15   9
-21   2  12  13
  7  21 -15  13
-19 -20 -14 -22
 21  16  -6  13
 16 -22  19 -14
-18  -9  -7  19
 21 -24   7  18
  9   9  -6  15
  2 -22  -7   4
-15   0  20  11
 11 -18  21  20
  9   8 -13  21
  0 -18   1  -4
 -8  17  19   4
-23   3  24   2
-16 -20  22   9
  5   4  -9 -14
 21  24  21  -6
-10   9 -11  21
-13 -19 -24   8
 -3 -17  21  24
  4  -7  -6  15
 -3  14 -10 -10
 -3  -5 -17  14
 16  -2 -10  19
 24   0  15  24
  9  -9  24   9
  9  23  -5  19
 24  17   7  -4
 -7 -10  -6  13
 15  10  24 -12
-11  -9  21  16
 -9  15  23 -14
 13  15 -23 -21
 17  22  -5   7
 -7   4   7  -3
 19   4 -22   3
 -8  -3 -16  -5
 22  -2  -4 -12
 22  -3   4  -4
 -5 -20 -24   6
-23   7  -1  22
 -1   9   8  10
-13  -7  12   7
  4 -15 -23  18