 21 -23   4 -12
 12 -16 -15 -22
 14  21  -6 -17
  2  -5   8  18
-23  12 -13  19
-21  22  10   4
-17  -8   4  -1
  9 -15  16 -24
 -3   6  -5   6
 -1   5  15  10
 24   8 -21  15
 -8 -23   9  13
-11  -2   4 -21
  7  23   0 -16
 -5  11  -5  22
-21  11 -13  16
-24  11   0 -15
-16  -5   2   0
-15  20  15 -17
 16 -16  19 -10
 -1 -18   4  21
 13   4 -22 -12
 -5 -10 -17  -5
 -8  22 -23  16
 -4 -11  -4 -23
-23 -19 -13   2
-21 -21  -7  15
 10  -2 -13  -9
  5  24  19  19
  8  19 -15   8
-14 -14 -15  10
-14  -4 -11  22
-19  -7  -6  11
-16  12  13  19
-23   5   6  20
 11  10  10 -17
-11  12  -7 -21
-11  14   9 -13
-19 -15  19  15
-11  14  15   2
 23  -7  -6 -20
-21 -12  18  13
 22 -16  -7   1
  7 -24  -2 -12
 24  13 -21  -8
-10  -6  -6  22
 12 -12  -1 -24
 19   7 -17  17
 10  22   0   0
-18  -2  -6  11
  5   5   7 -18
 21   4   2 -16
  9 -15  16 -12
 -7   9 -21  19
 19  23  -5   4
 21  23   2 -15
  9  -3  23  23
 -6 -20  10  16
 -1  10  -5   8
  8  -1  -8  21
-23  -7 -15  14
 18   2   2  11
 -9   9  13  -7
 -6   5  23 -21
 -1 -16  -4 -10
 11   7   0  14
  8  12 -11   1
 18  13  -6  22
 11  11   0  14
 12  17  -8   1
-18   0   9  24
-17 -23  23 -14
  5   7  19   6
 16 -21 -14  13
 18   4 -15 -16
-11  20 -20  16
-23 -10   3 -12
 -4 -13  17  -6
  6  15   7 -15
 -1 -15   1 -23
  7  -7 -14  -5
 11   7  -4  -3
  6  15 -19  24
 -1 -10 -24  20
-10  -5  -2 -19
  4  24  14  -2
 -5  16 -23  -3
-21 -11   8 -24
 22  23  18  -1
-23  15  -6  -6
 24   9  12  10
  1  -5  -7  20
  9  10  -1 -20
-13  22 -22   8
  4 -11   1  -2
 -1  23   5  22
 -4  -1  19 -11
-24   3   6 -18
-14   8  -7  -9
-13 -19 -22  14
 22  14 -13  17
 16  -2  -8  19
-12 -18  -8 -11
  9 -22 -23  -6
-20  18  -1  24
  4   1  -5   9
 19  -3  15   1
 17  -2  -8  23
 22  -2  -1  -8
  6 -18  17  19
 20  -5   4   4
 18  -8 -20  -5
 -7  -5 -19  17
 18  -7  -3 -19
-22  18  20   0
 14   8 -19  -9
  1  19  20 -17
 17  13   3 -21
 22  -6 -23   8
 10  15   3  16
-24  -9  13  -4
-17  24 -10 -22
 22  17  -2   5
 13  23  23 -14
  7   3  -7 -24
  3 -12  13  -2
  0  20  14   1
 -7 -15  24   7
 -2 -22   7 -24
-16 -23   5 -18
 -3 -19 -12   7
 19  17   9  19
 -6  24   9 -16
 13 -20 -13 -12
 -9  20  21  24
-13  16 -24 -23
 -9  16  -9  -1
 -8  23  17 -20
-14 -15 -12   2
 -8 -23 -16  -2
  3   0  -5  -8
-24  13  17 -14
 18  -6  18  -3
-10   9  24  19
-10  21   0  11
 10 -11  -9 -13
-21  24  -3  17
 -9   6 -11 -12
 14 -23   8  19
 12 -11  12 -11
-14  -5  -4   5
  2 -19  -2 -20
 16 -21 -18 -18
 -3   5  20  -6
-20  -8  11 -23
 -5  18  -4  11
  8   9  22   1
 -4  -1   7   7
-10  16  -8   9
  7 -15 -24  22
-24   0  12  13
-14  16 -16  11
-24   6 -22 -24
  7   1  17  23
-21  22 -18  -1
-21 -20   5  18
 17  10  -3  -5
  6  17  -4  -9
-18   1   7  15
 -8   4   0 -18
 10   3  15 -19
-22 -23  -7  -3
 -8   4  -3   3
 13   9  -3  -5
 18   8 -11 -10
-21  -4  -5  18
  0   8 -14  -1
 20  13 -21  11
  4 -19  23 -18
  1  -3  -4  24
-16 -12  13 -15
-16  20  14  -3
-22  21  -6  17
 -8 -15  -9  24
 21  -9   0 -10
-22   0  17  -5
 14   3  16   6
-12  -7   7  22
-21  -7  -1  -9
 12  22   0  -3
 -3  17  12 -11
-13  13  15 -19
 18  13  -1  -7
  7   1 -23  15
 18 -12 -16  -9
-20   7  -7  12
  8   2   4 -11
 22 -16 -17  -4
-17  21 -23 -17
-15 -11  -2 -11
 -2   1 -24 -23
  2  20  22  13
 -9 -17   7 -24
 -6  24 -22   3
  6   2   2   3
 22  12  15 -17
 13   1 -17 -24
 23  20 -13  -3
 10 -16  -4 -13
 13  -6 -13 -12
 12 -13 -16 -20
-23  23  14  16
  9  -2  16  13
  1   1 -20 -22
  9  20 -12  -2
  4   5  16 -10
  1  -3 -23 -22
 -2  -2  20   4
 21 -23   7 -23
 21 -13 -22 -12
-22 -15   7  17
 18  -2   3  -4
-15   1  20 -18
  1  12 -11  -4
  6   3  -4   0
-15 -10  20  -1
 21 -11  16  -9
 21 -21  -8 -13
-21  -2 -11  -1
 12  22 -14  14
 -4  23  24  10
-24  -4  13 -18
-18 -18   5  -7
 -6  10 -12  -9
-13   5 -20   7
 -8 -20   6  -6
 23  10 -23  13
 -9 -18  -2  -4
 14   2   7  -8
  0  24 -13  18
 14   2  14   3
-15  19   4 -19
 -1  10 -22  19
  6  16  23  22
-11 -22  10 -11
-13  14  16 -17
  6 -24  -1 -23
  0  -9  10  10
-14 -24 -12  11
-13  -3   4   2
 24  12 -16  11
 -5  22  -8  -5
  5  13  23  -3
 12 -14  21  20
 -6  -3  12  18
 -8  -3  19  21
  6  -3   3 -12
-19  11  10 -16
-10  -9  -8  18
-11  -2  -6 -23
  7  17   0 -17
-14 -10  -6  23
-22  17   8   2
 21  19  -8  -5
 23   8  10 -21
-24 -10  20  19
-14 -12  16  -1
-23  14 -13 -22
  3 -17  -1  24
 -1   4  -6  14
 21  24  -6 -20
 12   9  -3  -7
 21 -22  13  -8
 18   9  -6  16
 -6 -23 -23  11
 10 -12  17  17
 15  -2   7 -20
 -5 -19  -1  15
  0  -6  22   9
  6  20   3 -21
  0  16   8   5
  9   2   8   5
 21 -13   3  16
 12 -11 -20 -20
 -8   9  -1 -16
-17 -10  10   5
 16  10  -8  15
 16  18  14 -22
 -2  19   1 -19
 -5  21  -5  -1
 -1  19 -24  13
-17  18 -13 -14
-17  -8  14  -6
 -2  11   3  -8
-22   9  20  -3
  1   4 -22  -7
 20 -24  18   1
  1 -17   6  19
  8  -1  -5  15
  6  20 -15   4
  1  23  -6 -16
  6   0  24  23
  0 -21  -8   6
 16  -8  12 -11
-22  23   9  -4
-23  24 -16   3
 17 -12 -11  15
 12   8   5 -14
 14  -3   0   6
-22  20   9  -5
  8 -22  15 -18
  9  20 -11  17
-14  12 -12 -13
  2   5  -4  20
  7 -20 -21  14
-24 -16  10 -10
  5  -5 -24  -1
 -7   1  16  13
 16  -6   8 -14
 11  11 -18  -4
  7  19  21 -14
-23  -4 -11   3
-21  18  14  -1
-24  -2  -1   6
 20   5 -16 -13
-11  -5 -24  19
  7  24  -1  20
-20  21   8 -14
  3  -5  17  -7
 19 -11  19  -2
 -5 -15  18  -3
 23  17  20   3
 -5 -11 -23 -17
 18  12  17  -5
 -5   8  -5  -2
-24 -23  17  14
 15  -5 -20   5
  9  -8  -7  17
  6 -17 -21  15
-19  23 -24  20
-17   0  17  -7
  6  22 -19  12
  2   5 -11   6
 24  20 -12 -22
 16  15 -23 -20
 21  11  21 -10
 23 -20  11 -11
  0  -5 -24  20
 14  -1 -20  17
 -1  21 -24  24
-13  16  13 -12
  1  10 -23  12
  1   7  -3 -14
-14 -11  -5  13
 14 -18   8   4
-22 -15  16  17
-16  19  -1 -15
-11   7  -5  -4
 15   8 -17   6
 14  23  18  10
  8   5 -15  -2
-14  21  24   0
 18  12   9  -3
 24 -16  24  21
 -5 -22  -3   4
-22  18  19   7
  5   6 -22  -2
 21  22  15 -16
-12  -3  -6  12
 -6  -5 -20  16
 -7  -3  -2 -13
 -2  15  12 -13
  6 -14   7 -18
 23  22   5  17
 -6  17 -24 -12
-19  -8 -11 -20
-18   6  15  15
 -2  23  16 -22
-13  -8  10 -13
-20 -10  13 -11
  1 -13  -1  19
  7 -15  -5  -3
 16  -8 -14  11
 16   9 -12   7
 -5  19   9  -4
 22 -20 -15   5
 12   0  14 -18
 -9  -9  14  24
 -6  -5  21 -14
 21  21 -15   4
 13 -19 -14  -7
  9   0   3  10
 -7 -22  19  24
 17 -16  -7  14
 24 -22 -22   2
-14  24   0 -18
 22  -5   1 -22
-20  -1  10 -18
-10 -10  23 -10
 20 -16  -9  19
  4  12  17  19
-18  13 -18  22
 -2   8  -1 -11
 -9 -24 -23  17
  4  -8 -11 -20
 -3  -1   6  24
-16  22   2  11
 24  -2  22 -21
-19  18   1 -12
  9  -3   5 -19
-22  13 -21   3
  8 -16 -10  -9
  0  -8  24  11
-23 -22  10   4
 15 -19  21 -18
 10  -3  21 -11
-22 -12 -23 -22
-14  22 -13  16
 -8 -13 -19  22
  4 -21  19 -22
 -3  21 -16  22
  7 -12 -13  -1
-14  -8 -17 -23
-11 -22 -14 -12
-16  -2 -20  17
-16  -7  16 -17
 -4 -14  13   0
 11  10  11  15
 20 -13  23 -12
-18   4  18  14
  8 -23  -9 -22
 17 -13  -8 -16
-13 -24  20 -15
  2  -1  -4  -7
 18  11 -16 -13
-12  -9 -14  -7
-18  12   3  11
-15   4  22 -24
  7   8  15   7
 -8 -15  13  20
 23  -3   6   6
-21  17  16 -13
-17 -20 -10 -15
-14   7 -14  15
 -5  17  -9  -6
 18  12  24  18
 -3 -21 -10  18
 19  -5  -5  13
 21 -23 -23  13
 -2  -4   0  13
-16   3  10  -5
-19  15  -7 -17
  6 -13  14  15
  2   4  -9   5
  0   9 -19 -15
 23  17  22 -24
 -6  -3   2  16
-18  -9  15   3
  9  19  14 -10
 19  12  22 -12
 12  17  23  18
  0 -22 -16  11
 11  20  -9 -21
  3 -11   3   0
-24  17  22   1
-22   1 -22  -5
  4   2   4  -1
-11  22 -18  -5
 11 -20 -19 -23
-18 -12  14 -11
 19  10 -10  -2
-14  20 -18 -18
-19 -21  24  -6
 -2  10   6 -10
-11  -1 -10   5
 18  13  11   9
-22 -22  -9   3
 -9   3   4  10
 15 -13  15 -17
-17 -18   3  -8
  2  11   9   1
 12   6   1   2
-23  18   2 -18
 18  13   4  24
 -4 -20  14   7
-15 -20  13   0
-13 -19 -21 -12
 23  -6  17  -6
-16 -13  22   0
-13  14 -15   1
-11   3  13   1
 16  15  21  15
 14  -8  22   3
-16 -24  21  17
 15  -9   4 -24
-20 -17 -13   8
-11  15 -16  13
  9   8 -14  -6
 20 -23  -5  -8
  2 -17 -13 -23
 22  15  -1 -22
-10  18   1  18
-24  22  -8  17
-19  -4   7  23
 -1 -24   0  18
 10 -23   5  15
 -6  23 -13  -6
  2 -17  18  21
-20   2   6  -9
 -8   8  12 -22
  2 -15 -17  -4
-18  -5 -19  12