  8 -10  21 -21
 -8  15  20 -16
-13  12   7  -4
-23 -23 -20   6
-12  -5 -12  19
 -8  -8   6   9
-11  20   4  17
 19  -3  12  -7
-23 -17 -15  17
 -3   2  22   0
 22 -14   2  15
 14 -22  -1 -19
-17  16  -8  -2
 11  -9  18  -1
  8   5 -14  11
 17  17  18  24
-20   7   0  -9
  7 -13  -7 -14
  2  -5  -8 -21
-20  -7 -17   2
 -4  -9 -20  13
-10 -21   3 -11
 19   2  20   3
 -3   0  -8  -9
 16   4  -7  -9
-16  17  -2 -12
 -4 -12 -19  19
  2  -2   2  19
 -1 -21 -22  10
 19 -22  24  23
 18  14   1  -8
-21  10  -8 -23
 13 -20   9  -7
 14 -21  24  22
-21  -6   9   9
-11 -20   4   1
 23  -6   4  23
  3  -5 -21  20
 -6  15  23  16
 13  13   4 -10
-24 -23   3 -16
 23  -1  16  -7
  5  13  10  19
 -2 -14  23 -10
 -1  17 -15  -9
 19 -22 -14 -10
  3   4  23  10
-20  -4  24   8
 24  12  12 -14
 12  -2  20   3
  6 -23 -23 -19
 18   5   0   2
 16 -12 -24 -23
 17  -3  15  16
  4 -22  13 -13
 15 -10 -15 -18
 17  21 -12  24
  2  17  20  22
-11  20 -21  10
-13  10  16   5
 -6  -2  -1  24
-13  -5 -14   8
 -5 -24 -21   1
-10 -23 -10 -17
-16 -18   0 -13
-21  16  -8  20
 15 -16   1  -6
  9 -18  -2  18
 18 -15 -16  10
-16   4  -2  -3
-13 -11 -18  -1
-13  19 -17   5
 -7 -13 -16 -13
-24   7   5  -4
  8 -13  15  18
 14  11  15  -8
-24 -11   5  -1
 13 -21 -11   0
-15   5  -3 -23
 22 -22   5  15
 21 -20  12 -18
 14 -17 -21  11
 -3  -7  16  17
 21 -19   9  23
-19  23  14  16
 17  19   7  16
 22 -18   1 -17
  1  -1 -16 -16
-15  18 -12  -8
 -5  12 -23  -1
 -6  15   1  -4
  4  15 -17  11
 -8 -23   9  -9
 -2  15 -10  -5
 -9 -23 -14 -15
-15 -22  24  -5
 -2 -23 -24  17
 17   4  -9  16
  4  16 -11  21
-24  -5   9   3
 23  20  23  15
 14  14 -20 -23
 13  -7  -9 -17
  1  -2 -11 -17
  5   8 -10   2
 11  14 -10  13
  7 -15   7  11
 19  -6 -11 -15
-19  10  -7  16
-21   5  13   8
  0 -24   9  20
  1  10 -21  17
 16 -14 -11  21
  3  -8 -13 -23
  8 -15   9 -14
-22  -3 -23 -22
 -2  15   8 -20
 -7 -13 -20   5
 -7  -6   3 -15
 18  11  24  -6
 -7  -9  20 -11
-21  22 -23  16
 -9   3  19  14
 24   7  12  23
 21  16   3  17
-23 -14 -12  -1
 11 -14  23  10
 23 -19  17  -3
 12  15  20   3
 17   7  18  22
 17 -13 -10  -5
 -7   5  24 -18
 -5  20  -7 -22
  7  24  21   0
  9 -14 -12 -23
-19 -11  -8  23
 17   3 -10  11
 -1  -2 -15  16
-18 -23  11  -1
 -7  22   6 -21
  1   5  -9  -2
-19 -13   2 -23
-11  19  -4   2
 23   2 -19   5
-16  14 -15   5
 -1  14 -15  24
 -4 -16 -11  23
 13 -23 -18  -1
-18   2 -22  11
 20  -1  11 -11
-17  -2  -5  11
-15   1  15  -7
 24  -3  16  20
-14 -10 -22 -24
 18  23   0 -18
 -2  12  -8   0
 -3 -20  24   2
-17  20 -13   6
 -9 -12  18 -10
 -2   5   6  19
-13  -6 -19  19
-15 -18  22 -15
 10   7 -23 -21
  5  -5 -10 -15
  2 -10  20 -10
  3  14  19   6
 22  21  17 -23
 14 -15  17  21
 -2   0  -4  15
  9 -11  18 -14
  2  -3  23  22
-12   8 -24  -5
 -6  16  -8  -1
 16 -15  -1 -16
 -1   9 -14  -5
 10  -5 -19  17
 20  13  23   2
 -5  -6   9 -11
 -2  17 -13 -18
  7 -10  22  12
-21  14   1  22
 23  20  -2  -2
 -7   1 -21 -18
-20   5   6   3
 20  -1  14  24
 -2 -13   3 -20
-18  10  22  13
 -8  -4  21  22
-13 -18 -18 -13
-20 -10  -7  -2
-24  -4  -2  -7
 10 -24 -17  22
-10  14  -8  18
 19 -10   8 -23
 23   3  16  -1
 15 -17  23  14
-20   7 -20   9
 21 -13 -19 -15
  2   1  17  23
-12  -9   4 -14
 -7  18  22  18
  8  -8 -13  16
 -2 -21  -5 -20
-13 -24   0  14
 -6  20   8  24
  0  13   1  16
-11  -3  13 -13
-22  -6  11 -17
  1  16 -12   4
-10   1  -4 -23
 22  -2  -5  23
-11  23 -24  -9
 13   2  -3 -19
-14  19 -24  14
-19  -8 -19 -22
 23 -16   9 -22
 -9 -11  24  23
 16   6 -22  -6
 -7  18 -18 -15
 10   0 -19 -19
 10  19  -6  13
-23  14  12  -9
-16  12   5  10
 16  12  19  24
-19  -6 -19  -5
 20  13 -20  21
 -1  17 -20   5
-12 -10  24  20
-21 -16 -23   2
  4   8 -19  21
-18  14  12  12
-11   0  -8   0
-19  24  -7   3
 20  10  18  15
  4  14 -18  -4
-12 -19 -24  16
  1  11   6  -8
  7 -23  17  15
 -2 -24 -11  -7
 15  13 -24  17
  7  23  15 -13
 19   3 -17   9
-22  -3 -12 -17
 20 -11  -8   5
 -8  -7 -11   8
 19  -2  12  10
-20 -20 -18 -22
 12  24 -10  13
  6 -18 -16  -5
-13  18 -15   9
 18  24   0  20
 -1 -22  -9 -24
  2 -19   5  13
  4 -16  19   8
-21  -6  24  16
-24  -3  16  20
 -6  -8 -18 -16
-19 -13  20   8
 18  16  15  20
-19 -21  22 -24
 22  -9   9  21
 10 -24  15  11
  3 -15 -20 -12
 -2 -18  -1   6
-20  24 -12  -1
 15 -23  -3  -8
-22  14  10   4
 -6 -12  -7 -23
 -2  11  18 -11
  3   9  -5 -14
 -5 -16 -23   5
-24 -11 -19 -18
 -2   2  19 -22
  8  -5  -8  16
 12  -4  12 -14
-19  19  24  16
  1   2  -8   5
  9   7 -19  17
  5  19  -9   5
  5  -3  20  -6
 10  24  -9  -1
-16 -23  15  -5
  3  17  16   7
  9 -23  20  -2
 21   0   1 -20
 -3   2  12  -9
  4 -16  12  12
-19  -7  19  -8
-16  21  12 -21
 -1   6  17  15
 18  -2  -6 -19
 10  -1  16   6
-10 -23   8   3
-15   2   6 -21
  8   1 -16 -10
  6  14  16  -1
 18  12  -2  -1
  7   2  -8   1
  8   0  16   6
 13  20  23 -15
 15 -19  -1  16
-11  -3 -12   3
-24  16  13   5
 -7 -19 -18  -5
  8   9 -22   1
 -1 -20 -15 -23
 -8  14  15  -5
 21 -15  13   5
 11  -9  -4   8
 -1  18  -3   2
-20   8  -8 -20
  4  12   7 -19
 23 -14  24 -11
 20   3  -8   7
 10  19   6  19
-16  -4   2  20
-14   6 -16   1
 18  -2 -21 -18
-20  16 -14 -16
-19  -8   1  -2
 -5 -23  19   8
-21  -3  -5   4
  0 -18  24 -12
 17 -22  10   1
-12  20 -23 -11
 -8 -12 -14  20
 -8 -24   7  15
  7  16 -15  24
-13 -15   1  21
 13 -22  14 -13
-20  24 -14 -22
 12   6  -8 -15
  7  10  22  17
  5 -18 -17 -13
-23 -22 -12 -18
-16   2  23  18
  4  13 -10 -22
  1  -2 -15 -11
-17  10  21  10
-10 -24  24 -21
-16  -9 -19 -23
-16  10 -17 -10
-19  13   7  -1
 16  -6  21  17
 17 -22 -23  18
-18  18  24  15
-20  -6   7 -12
 18   2  23  17
-10  20   2  -3
 22 -12  -7 -22
  9   9 -18  23
 19  -6 -12  19
-14   1  24  24
 11  17  -2  -4
-14 -24 -10  -9
 -7   8  22   1
 -5 -10 -13  -2
-20 -22  -9  -5
 -8 -24  -3 -23
-19  -4 -23 -15
 13 -23 -22  19
-15 -15  20  -9
  9   6 -16  -5
 19   0  -9   6
-12 -17 -17 -11
  3   6  12  -7
-19 -10 -19 -19
-11  16   0   4
-16  -8  22  12
  6  24  -4 -19
  1  -4  12 -14
-12   0  -2 -23
 11  -6  -6 -22
 13   0  11  17
 -9  -1  -7  13
 -4  10 -20  -4
 18  -3  -7   3
-19  20   7 -19
  7 -15  -1   5
-21   3 -21 -13
-16  16  19  12
 -6 -24 -11  20
  5   7   9   2
  8   9  -6  11
 16 -22  -7  11
-21 -20  16 -24
 14  -7   6 -15
-23  23   7   6
-17   8  -9   1
 -6  -7   5   7
 12  22 -19  10
  8 -12   2  13
  5  11   0 -21
 17 -21 -18  -8
 -5   4   0   4
 -4  13   9   7
  3 -13  17  11
 -4  -8  21   3
 11  -1 -15   7
 -1  19   9  -5
  8 -23 -24   9
 -2 -14 -17  12
 16  21 -19 -19
 22  -6  23   1
 17  10  21 -12
 18  -4   1  23
 16  -3   6 -18
 13  23  14  -5
  1 -24  19 -22
 23 -12  -6  -4
-11 -10  22  10
-24  23  21   6
 17  -1   1  -9
 -5  -7 -24  18
 -1  13 -19  14
 -8   4 -24  21
 -9 -23   0 -23
 -9  11  13  -4
  1 -12  -9  14
 -9  -5 -22  15
-17  -1 -12 -15
-11  23  -5  14
-19 -10  10   8
-15  20 -19  23
-16 -14  -4  -5
-17   4  11 -13
  8   3  20  16
 14  17  11  -5
  5  -1   1  -7
  8  20 -14   4
  3  -1 -15  -4
  4   9  -3 -15
 -8 -24   0  24
-13  15  14   3
 18  21 -12 -16
 -5   8 -12   1
  6  10   7  14
 10  13   4   7
 -9  23 -11 -23
 -3 -10 -15  -3
-19 -15  -2  19
-24  -9  -9  13
 -9  17  22  23
  1  -7   2  11
 24 -17  23 -18
  7  -2  14  -7
 -5  12 -20  -6
-19  14 -22 -21
-15  -9  14  23
  4   1 -10  20
 -5 -19  16 -16
-15 -21  12 -23
 23 -23  -4 -24
 -4  -9  19  -2
 19  16  11  21
 13   6   8 -16
  1   4  18 -11
 15  -2  11 -17
  3  22 -10   0
-14  17  -7   9
 12  14  12  -4
 22  -3   2  -9
 -2  -8   7  20
 -6  18   4  23
-23 -18  24   4
-15 -17  11 -13
-17  21 -14  13
  5  -7  -5  -2
-20  -5   9 -12
 -7   2  -7  19
-14  23  11 -20
  7 -13  -1 -13
-12  -2 -14 -13
 -8  10   5   8
-21  -2   1 -14
 -9   8  21 -14
 11   7  18   6
  8   8   4 -10
-23  24 -12  24
 19   4 -17  19
 -4   1 -13 -22
-20   1 -14  23
-12 -18  19  23
 -9  12  13 -22
 -6  17  20  15
 -9  -2 -20  -9
 10  -8  14  17
  0  22  22  20
-24 -19   7  -4
  8 -13   7   3
  7  10  -7 -15
 10  13  19 -20
 17 -12 -18  14
 -9   7 -11 -20
 -9   8 -17   8
-20 -16  -8  21
-12  20   2 -13
 16   4  20 -20
 -2  -5  17 -16
 -9  -9  -4  -1
  5   1  -6  10
  2   0  21   9
-14 -23  20 -18
-20   4 -24 -13
 15   6 -23 -23
  4  19  23  12
  7 -15   8  -2
-13 -14 -19  -8
 -9 -17  -5   2
-21  22  -6 -18
 13  10  13  24
  7   2   1  -8