  2  21  -3  22
  6  17   5 -22
 10   7   1 -19
-14   1  -2 -12
 21 -14  11 -16
 -1  11  -7  23
-18   1  18  -7
 13  16  21   0
-12  -5  12  22
-10  18  -6  13
-17   8 -19   4
 18   4  -1  -8
-18  -9   8 -14
  8 -21  21   1
 15   0  22 -22
-16  -6  17   0
 24  23   2 -14
 11   3 -11  13
 18  11 -12 -21
  0  23   1  -3
-10 -17   7  13
 14   3 -12  18
  5  10 -15 -20
-23  -6  -7   0
-19  -6  12 -24
 -1 -15  -2  -8
-12   5  20  12
  4   9  17  24
-15  20  21 -24
 15   1  -4 -14
 13  15  -5  21
 -2  -4   1 -14
-14   9   3 -16
 -9  15   4   3
-22  -3 -16 -16
 -3 -10 -21 -22
  2  -5  -9  -6
 -3  22   8   3
 -1  20 -10  12
  3  10   2  15
-15 -15  24  -4
  5   7  17   5
-19   6  15   2
 21 -12   2   9
-21   5  -4  -5
 21  15 -21 -16
 10 -24  23 -13
 -2 -18  13   4
 -3 -23 -11  19
 -2 -20   0  23
 -7 -21  -2  -2
  3  24  17  23
 17 -11 -20  14
 16  19   5  -5
 22 -14 -15  -2
-19   9 -10  23
 12 -19  17  -9
-15  13   6   1
-22  24   7  -2
 22  -7  18 -17
 14 -11   5  -7
-14  23 -13 -24
  9   4  -6  -7
 -2  23   4   9
 21  11  -7  17
 18  -9 -21  -8
  6  15  23 -20
 -2 -14  -3  10
 -9  15  -4  11
  9 -14  -3 -24
 -2   2  18 -13
 -1  16 -19  -7
 22  15 -12  14
  8 -19   0  16
 14 -22  19  -6
 22  12   5   5
-15  24 -14  22
 21 -12   0   0
 -6  -9 -19 -22
  1   0  18  16
-24 -23   0  13
 -7 -10 -23   9
  6   7   6  -5
  4 -24  21 -10
 12   2 -12  -6
 -3  -7   7   5
-15   0 -15   1
-23   4  -2   2
  1  -5  18   8
-18  19  21  12
-15  -6 -14   6
-15  15  -6  18
 11 -24  11 -12
-18  22  12  17
-12  -9  20  11
-13 -15   2  -1
 21 -23 -10 -23
 18  19  17  -5
  0 -24 -15  -2
  0 -11  -2  -1
  6 -10  -4   3
 21 -12  -6 -20
 18  -6   9  10
  4 -16   7 -12
-18  17  -4   3
-22   4 -23   8
  0  13   6  19
 12  24 -13  -2
  7  -2  18  -1
 22  18 -13   7
 24  20   8  -6
  2 -22  -2  -1
-16 -16  11 -20
 14 -16 -18 -20
-24  -8   7 -13
 17  23  16 -14
-21  12  -4   9
 15 -18  -9  18
-13  15  -2 -10
-11  -2  -5  21
-24  -6  15  10
-11 -18 -18 -24
 24  17   2  -7
 23   9 -22  -3
-13 -16 -18  -6
 24  -4  22  -4
 -1  18  17 -13
 21 -19 -19 -20
 22 -20  23   7
  6 -22   4   6
 -5 -21 -22   0
-22  17  17   2
-17  -6  14   1
-20  20  18  20
 15 -21  20 -15
  8 -18 -22   5
-23 -11 -18 -15
  4  13  14  14
-12  23  -6   3
-12 -14  -9   7
 -7  12  -4   9
 22  24  20  23
-12   4  16  24
 18 -14  11  14
 -5   8  12  -8
-12 -14 -15 -20
 21   2   5 -15
 11 -15 -10 -16
 -5 -16  12   1
 20   0  16 -21
-14  15 -21  24
  8  -3  -1  -4
-21 -24 -10   0
 18 -19  10   6
-15  -3 -23   3
-15  11 -11  13
 -3 -17  -3 -21
 11 -20  23  11
-24 -10  -3   7
 11 -20  -2 -16
 11  23 -17 -23
 19  13  10   1
 -9  -3 -14 -10
  3 -21   4 -21
  6 -16  24 -16
-17  -6  20   6
 -1 -15 -10 -14
 22 -15  -4  24
-16   8   3  21
-18  -5  22  22
-18   1  -9   2
 12 -10  16 -12
 22  14  22  13
 18  -9 -22   3
  1   1  16 -23
 -7 -20  -3  16
-10  14 -10   0
-13 -14  17  21
  2 -16 -17  18
-19  12   9  14
 12   2   4   1
-22 -10 -15  22
  0  -2  23  -2
 10   4 -16   6
  0 -18  23  18
 -5   2  -2   6
 17  14   0 -22
 18  13  -9 -13
  4  24  24  -2
-24   7  -4 -16
 12   8  16 -21
  2   6  -6   3
 12  23 -11 -19
  9  10 -14 -10
 19  20  10  16
  5   0 -13  14
-20  18  19   5
 14  -3  16  -3
-14   5   7 -13
 24   5  -3 -20
 -5 -19   9  -7
 13 -10  17 -23
-20   0  10   7
-24 -12  -6 -20
-21 -13 -14  -8
-13  24  -9 -23
 21  -6   7 -14
 11 -20   0  14
-18  21  -3  -3
-16  23  17  16
 -4   5  17   9
  2 -11   0   2
-18 -13 -20  19
 -5 -14 -17  12
 11   6   1  -8
 21 -20  -2  24
-23 -16  15  15
-23   0  -2  19
 -2  22  -1   7
 22   4  -8  -6
 13   0 -11 -20
-23  23  18   9
 18  10   0  12
-18  15   1 -14
  4 -13  16 -13
  8 -22 -19  13
 13 -15   9   2
  5  -2   8  -8
-21 -15  -9  12
 16  21   7  10
  5 -12  -8 -15
 14  23  13  -8
  5  -4 -20  -5
 -4 -14  11   7
  9 -18  11  22
 10  24 -13 -22
 22 -21 -12   3
  7  11   9  -7
 21 -12 -14 -20
 22  24  -8  18
  9 -16 -20 -20
 20  -2 -11 -18
  1  11 -16  -2
  6  -9  14 -24
 16   8  11 -15
 -9  -6   1 -13
  8 -21  -9  -6
-22   0   2  23
-21 -10   4  -9
  5  21 -19  15
  2  12  22  16
-14 -22 -11  -4
 20  17  20 -22
  0 -14   8  14
  9  -6   9   7
 15   7 -18  -3
 23  10  -2 -13
  6   1 -23  -8
 -9  10  14   7
  8 -24 -20 -16
-20  13 -12 -20
 14 -18 -12  24
-11 -19  -4 -18
 -3  -1  11  13
-13   4 -20   3
 -2 -16 -23   0
  6   4  24   6
  8  16  -1   2
-20 -22  -4  21
 12  23  21  -6
 -4 -19  19 -14
-13   6  12  -2
  0  22  -3  -5
-19  -2 -14 -23
  6   4  -4  15
  0  17 -16  11
 -9 -10 -18 -23
  7   5 -14 -22
 17   4  -7   9
 -2  19  21  -1
 21  18   4 -11
 10 -17  11  -1
  9  11   9  -6
-13  13  24  -5
 19   7  -7  -7
 22  20 -19  10
-11   0   2  22
 11   4  -5  15
 -4   4  20  -2
 -5  -3   5 -12
-11  23  24  23
  8  15  -8   8
  2 -13 -16 -10
 17  22  -2  -6
  1  22   0 -18
-11  16  16   3
-11 -18   6 -10
  5 -12  23 -14
 17 -16  11 -17
-20   0   0  22
 12 -15 -22   3
  0 -24   2   9
-24  -5   1   3
  3   1  20 -17
  3 -15  10  -8
-12   2   4  -2
  5  -4  -3  -9
 -7  -5 -20  -9
-14  20   8  19
 -4  -3 -22  18
 12   7 -10   2
 -8   3 -15  17
-23   8  13  -9
 22  16  24 -15
-17  11  21  11
 13  24   1  19
-13  -2   7 -11
  2  23  -9  -8
 19   8  23 -23
 -9  17 -11 -18
-17  15 -18   6
 -3 -16  -9   8
-21   3 -17   2
 11 -14  -3  24
 22 -20 -12  24
  5  20   2   6
-16 -20 -15  11
 -9  23   2   7
  3 -15 -12 -24
 21  17 -11   1
  7   6  17 -22
 19  16  14 -14
 -2  24  20   5
-23 -23   6 -11
  5  23  10  12
-16  -2  -2  24
-12  -7  22 -13
-20 -16 -19   2
-19   1  -9 -10
 -9  20   1  11
-20  22  22  -3
-20   9  -2   3
-18  16  22 -22
-17  13 -10  -3
 -7  10  16 -23
-16   0 -19 -18
 22   4  -6 -23
 23  19  24  -3
 24 -24   4  13
-12  12   0   3
-10  10  18  23
 -4 -19 -13  -2
-17  -1  -8  -2
 22 -17  -2  21
 -9  -9  23   8
-23 -14  13 -18
 23  15   9 -13
 -6   1 -13   2
 -5   1  19 -18
-20 -20 -21   9
-21  17   7   6
 -6   2  18   4
-20  -1  16 -13
 12  17  19 -14
 18   4   3 -20
  9  -5   8 -22
 21 -10   9 -23
  2   3  -5  12
-17  -6   8 -16
 -1  -3   9  11
  2  14 -17 -12
 -5  -3  23 -15
 -3 -12 -22  16
-16  -7  23  10
  2  -5 -17 -12
  7 -21 -16 -15
  0 -20   5 -18
 23 -12 -13   0
 14 -21 -16  21
  0  -5  10  -3
 12 -20 -22  10
 -4  -8  -3  21
  4   9  24   7
-21 -21   5 -16
 24 -15  19   3
 -7 -16  23   0
 13 -24  -4 -20
 22   8 -21  18
-22 -12  -6  -3
  4  -3  -9  -9
  5  -7  21  15
  2  15 -11   5
 16 -11  -6   9
 -5  -8  22  13
-10  11 -23  -7
 11  21  17  -9
 17   5  -8 -11
 11   8   7 -13
 10 -17   2 -18
-15   5  10   5
-10   6 -17 -19
 14  24 -15   1
-17  -8   5 -23
 19  -1   0  22
  1  -1  -3  12
-21   6  18  23
 12  -9  -8 -14
 21  -7 -20 -19
 11  -7 -22 -21
-17  -8 -12   7
-12  -7  18  23
  5  -6  -4 -21
-14 -15 -20  -3
-13   0  23  16
 -2   5 -22  -6
 12 -12  -8 -10
 -6   5  13  22
-13   6  -2  22
 15  16 -21  21
 12 -19  23  11
-11  23  24 -16
 12   0 -20   6
-10  13   2   5
  4 -17  -3   4
 -8  18 -10  18
  7 -16  -5  -6
-22  -6  -7   4
-14 -20  21  13
-11 -23 -19  -8
 17  15  10 -16
-22 -10 -15   5
  5   8  -8  11
-13   2 -11  -2
 -4 -11   6  -7
-21  -1  -9  24
 -5  22 -12 -20
-20   1 -20 -21
 12 -19  20  17
-14  18  -1   1
-18  13 -10 -12
-11  -3  11  19
  1  16  -7   9
 23  -1  -9  15
-22  13  20   4
 -5 -23 -16 -23
-24   4 -11   0
-15   1  -2 -23
 22  21  16 -23
 -6  -5 -23 -15
  4  15  12 -23
-11  21 -19  -6
  9  22   1  19
 16  21 -17  -8
 -1 -10  13  -8
 15   0   0 -20
 -5 -11 -15   9
-23  19  19 -13
  2  24  17 -16
 14 -17   7   3
 -5 -23 -13   8
  3 -24 -11  20
 -5   8  -3 -21
 18 -21  -2  19
  5 -20  18  21
-21  -8 -11   0
  2  15 -21  -2
  6  -1   5 -23
 -2  -7   9  -1
-13 -15 -19 -17
-16  -2 -19   2
 23  -4 -12 -22
-11  23 -24   3
  4  22 -23 -22
-15   4   7  -3
 11 -13  -3   6
 15 -10  10  13
 -5  17 -21  19
 13   1 -10  -6
-12 -15   0   0
 19  14  20  -9
 19  13 -19  15
-24  -6  14   6
  7   7  -1  21
-21  24  -7  -2
-23  -1 -21   2
 -9  21  -8 -19
-15  -8   0  11
  4 -13  17  19
  9  -5  15  16
 13  10   4   9
 23  22  14 -13
-17  14  24 -18
-24  -3 -13  14
-17  21 -13  -5
-17  -9  12  16
-22  -6  -5  -7
-13  -2   7   0
-16  23   0   4
-22 -19 -21  13
 15  -7  12 -23
 16   1 -17  21
-21  16  -5  -3
-24 -24 -20 -24
  4 -24 -18  -8
-12 -13 -24  -7
 11  -3  17 -12
 24  13 -21 -16
 -1   1  -5 -22
  4  -5 -17  14
 -9  22  -8 -16
 22  24 -13   3
-19   0   8   9