  0 -24  11  15
 19  10 -17 -23
 19  10  14  21
 10   5  16  17
 18   2  18   7
 20  -1  23 -14
 -1  19 -15  -5
-21 -24  -5  -9
-11  -2  24  17
-14 -12 -20  10
-18   3  16  22
  3  19 -11 -14
-20  16  10  15
  7  24 -15 -13
  9  19  20  -7
 14  14 -14  19
  8  -9   6  14
 -9  15  13  -3
 15  21  -7   8
 24   8  14  21
-19  18 -18  18
 20  20 -22  12
 22 -16  10  16
-22  18 -22  19
 -8  18   8   4
 12   7 -16 -19
  6 -20 -12  20
 -3 -21  -6 -21
-18 -20 -19 -12
 -6 -21 -12  19
  2 -12   5  10
 11   1   0  -1
  6  -9   1   7
-15  22   2  -7
 -6  18 -14  -7
 -6  17 -21  16
 -2 -23 -14 -11
 -6  -1  -4  -2
-23  -6   1   3
 13   2 -21  -4
 -3  14 -14   0
 -5  -3  15  -2
-21  18 -22   5
 20  -6 -16  10
-10   8  -4   2
 15 -20 -11   2
 10  -5  -3  11
 18  -1 -24 -12
-13  20   9  -8
 -1 -14 -14  -5
-24 -24 -10  14
 20 -14  -3  -2
  2  16  -4  -5
 16  -9  14  18
  6 -21  17   3
 -9  18  -2  15
-12  18  -3 -11
 -6  -1  15  24
  0  14  10   3
 -7  24   1   5
 -1  -8  -5  -3
-11   3   9 -15
 -4  12   7  22
 -6 -21  23  17
 20  23 -16 -19
 11 -21 -14   3
-12  17 -16  21
-19  14  -7   3
 -7  -4  15 -20
-16 -10 -23   5
-20   8   4  22
 10  14  -7   3
  1  13  22 -21
 16 -13 -16  14
  0 -19  21   0
-16  11  21  -1
  7   7   2   3
  8   4  -5  -1
-14  -6  -4 -16
 12   3 -21  13
 -3  23 -22 -15
-21   8 -19  11
  1  17  -5   1
-15 -11 -14  21
 19  20  19   2
 -9  21   3  24
 -1   0 -11  -3
-23  21   8 -21
  3 -15  11  -7
-11  14 -24   9
-19  21   0 -13
  7 -18  11  -9
 20  23  -5 -23
 20 -11  22  -8
 -7  16   1  17
 14 -17  23 -23
  1 -11  19  15
-11   6  16 -15
 -8  -3   4 -19
 18  23  -9   6
-24  -9 -10 -20
 10 -16  20  -2
 -7 -17   6  23
 22 -17 -17 -11
 -4  -7  -4  11
 23   7  14  -7
-19   2   3  -1
-15  -6 -16   4
 23  -7 -18  17
  5 -13 -16   6
  2 -22 -24   1
  7  10 -20 -17
 19 -23   2 -11
-14  12  -6 -12
-13 -18  -4 -12
-20  13 -21 -12
 -6  23   2 -12
  0  17 -15   8
 -1 -22  -6  -8
 19   9  12  23
 20  11   5  17
-21 -23  -2 -11
-16  18  -2 -22
 23 -12   8 -23
-11   8  -8   4
-24 -22   4   1
 -4   2   4 -22
-13  16  -9  21
  0 -11 -20  17
  8  -8  -3  -3
  0  -6  16  22
-23  -4 -13 -20
 -1  15   8  -4
  0  11 -14  12
 -7  -3   1  -8
 13 -12  -8  15
-24   5   4  22
 -5 -14   3 -10
 12 -22  22  16
 -2  20 -16  -6
  4 -23 -17  18
  7   1  -8   3
 -2  24 -24  18
  6  14  -8  -1
  6 -18  12  14
 23  14   5  16
 -8  20   9 -23
  8  12  20 -24
 17  24  10  -3
  1  -8 -23 -11
 11  10 -11 -22
  6  14   2  -5
 10  21 -13 -13
-11 -23  -4  12
 21  16   7  22
-22  11  -3  13
  8   4 -24  11
-16 -18   1 -15
 -7  18  -1  -7
-21  14 -24 -21
 15  16   4 -19
 11  21   1 -18
-17  -8   3  12
 11  14  23 -21
-11   8   7 -22
  2  21  24 -24
 22  12  -3 -22
-23  10  18  -8
-10  16  20   1
 20  24   5  -2
 14 -14   0   9
-24 -23 -14  15
  2   6 -20  10
 12  19  14 -11
 19  17   2   5
 -8  -8  -7  16
 23  11   7 -18
  5  24  10  -8
-10  10  12 -24
-22  -3  -6 -11
  6  14  -3  10
-18  22  10 -13
  6   7 -19   0
  6   9   0 -14
 -2  12  10 -22
-21  12 -24 -18
 16 -14  14  -7
 18  15 -19  -2
-12   0  -1  -1
 -8   1  -2 -16
  2   9   1  22
-22 -11 -14  19
 21 -10  16  14
 14  11  -9  19
-23   1 -20  -2
 -6   1  -2   7
-11 -10  20  19
 18  17  24  -6
 12   5  -4   0
-24   8   6  18
  7   2  15 -11
 18   5 -19   7
-17  13  16 -15
 23  15   1 -11
  9   5  17  17
 16  12   2 -17
 -1   9  14   3
  2   8  -8  18
 -6  14 -20  19
 -7  17  19 -16
-21 -20 -11   1
  7   2  -6  16
 14   9   9  16
 15 -11 -14  -1
 20 -23  23 -24
-23   7  22 -22
 14   2 -12 -14
 22   0 -24 -20
 11  22  19  -6
 11   4  22  17
 21  14  -8 -16
-22  23 -13   2
-14  -1  16 -21
 -1  10  -7  14
  9 -21  21  -7
-11   8 -10   9
  1 -10   3 -24
-16   8 -23  -5
-20  18  -9  15
 17   4  -2  17
-14  14 -17   5
 15  22   6   3
 19 -20  -9  15
 -9 -24  12  14
 -3  -6  19  14
 11  -8  -5  23
-20  13 -24  12
  7   7  19  16
 -4   6 -24   5
 -8  -3 -24 -18
 12  18  -7  -6
-10  22  16 -24
-22 -13  17 -17
 -7   7 -16  13
-19 -23  -8  14
-18  -8  14  -8
 -6  17  13   0
-11   1  20  16
 -5 -12  -2  -2
  1  10  11  -8
  1  11 -18   3
  3  22 -17   3
 14  13  -7  11
  0  16 -18 -22
-22 -23 -17  -9
 24  18   8  -4
  4  16   9  15
 23  -5  -6 -17
 -6 -13  23   0
 18 -17   4 -20
 -9   7 -24  13
 20  22  19  -9
  1  -7  12  13
 -8  20   7 -23
 10 -21  12 -16
-12   4   8  19
-12   8   3  21
 12 -15  18  14
  2 -20  11  14
 17  15  20  -7
  7   6 -11 -17
 12 -21   2  -7
  1  -2 -24 -24
-11   6   9 -17
-13  -1 -11 -15
 13   1  -7   4
  8  -1 -11 -11
 21   1 -16  -4
  1  24  12   6
-10   6  10  16
-22  22   7   0
 21  15   5  -2
 12 -16 -13  19
 12  21  11  22
-14 -11  -2  -4
-15  -1   0 -13
  7   8 -16   5
 22   2  -2  -6
 11  18   2   1
-22   4 -13 -22
 20  24  24 -15
  6   1  18 -10
  7 -15  16   2
  4   1 -22  20
-22  19   3  19
-18 -18  18 -23
 13   7  -8  11
 24 -18   9  11
  9  14   6  20
 -7  14  17  13
-15 -13 -18 -18
  3   6 -17 -20
-21  -3 -22 -16
 13   7  -9   5
 -8  19  13 -18
-13 -20  -2   9
  1 -14  -2   9
-17   9  10  18
 13 -23  23  -9
 -3  -7   3  17
-12 -18  -5 -19
 24 -16 -19 -11
  9  14 -16 -19
 -3  11 -19  15
-16 -18  24  -9
 23  22 -24   5
 -4 -11 -11 -20
 15  13   6   1
 20   9  20  -5
 -4  19  -8 -22
-23  -2 -17  16
  3   1  19  13
-21   4 -13  23
-12 -17  -8  -5
  6  16  -8 -12
-13 -18 -16   2
  2 -14  22  10
-20   4  -2  10
 18 -13  -2  11
-18 -18  22  -9
  4  11 -10 -24
 14  12  13  -1
 23  16 -20   3
-18  -5  -5  -6
-20  -8 -20  -5
  1  -2  19 -13
-17   1 -16 -20
 11 -21   0  -1
 11   7 -24  17
 13  14   3  17
 13 -13  -4   5
 21 -10   2  16
-14 -21  -1 -15
 17  12  -7   9
-15   4  16 -12
 20   6 -24 -10
 -5 -14  -1  -3
-17  24  -8   5
 24  11  18  19
-20 -22   4 -18
 13 -16  -1  15
 -5 -24  -6  21
-19  12 -17  13
 11  24 -10   1
 16 -22 -14 -21
-10 -16   8   1
 12  14  21   6
 17 -18   9   8
  4  20  -5 -21
  1 -14  -6  15
  2 -20  -9  -2
 -5  -5 -18  -7
  8  -1   0  -5
-15 -12  13  18
 -8  15  -7 -13
 -2  19 -17 -12
 12 -21   3  13
-21  12  14  19
 -3   4 -12  19
 -5   6  17  11
 21  22 -14   7
 13  17  19   0
  5   2  -5 -10
 19  19 -23  -9
-12  15 -20 -14
  4 -18   8  24
-23  10  24 -12
  5  18   7  20
-10  -1  17 -17
  5 -19  -8  -4
 11 -17   7 -11
 -2  -2 -10   9
 14   5  12  15
 21  -9  -4  -8
 16  16 -18  -6
  4   7 -13 -20
  8 -16   3  19
 10  17 -10   8
 16   1 -15   4
-11   6   4 -21
  8   9  14 -14
-12  18   1  -4
  2 -18   7   1
 -8 -22  21  24
-13  22  -2  12
 -1  -9 -11   0
 -2  10 -13   3
 14   2 -19  -5
 -9   8  12 -15
 20  22  -4 -17
 13  21  -7 -17
  7  -5 -24   0
  6  -8 -16  13
  9  21 -14  13
  5  -2  -1   9
 24  -2  -7 -17
  7  17 -18 -19
  7  12  -2   7
  9   1 -13 -18
 -2 -12   6  -2
  8  11  20  23
 -9  12 -10  -6
 21  22 -11   4
-15   8   9  -4
 17  -2 -15  10
  9  -6   5  11
-23 -18 -24  24
  5  11 -20   8
 13  19  17 -16
 23  -3  -9  19
 20  14  20  15
-23   8 -23 -16
 24  10 -11 -16
 12 -18  13 -23
  1   6  -7  -5
  6  18   7  -6
  1 -17 -21 -22
  2  22  22   6
 -4 -15   1 -21
  5  13  22   3
 19  -3  -6  22
 16 -14  -7  13
  8  -2   7 -24
 -1   5  10  20
-24   6   6   6
-13 -19   5 -15
-12  21   6   7
 -7   3 -13  13
 17 -21   3  14
 -9  20  13 -20
 -9 -20  -3   3
 23  20   9 -23
-24  -4 -16  -3
-20  -7  -8 -11
 -7   3   4  -5
-21  13  -1 -22
  2 -16   0  -2
 -7   2  -8  -2
 -1 -10 -22   9
 19   4 -13  16
  1 -23  13  17
 19 -21   8   8
 -7  24   3 -14
-14  23  -9  11
  7  17 -10   0
 10  20  13  12
 11  23 -12 -18
  6  -1  20  -7
-13 -22  17 -23
 15  12  20 -14
 16 -10  19  15
 -7 -20  -2  -5
 12  18  18  11
  8   8  -5  -6
-17 -21   8 -19
-18  21 -16 -16
 23 -21   5 -20
-14  -7  17  22
  5   5 -16 -16
  0   5  13  11
 -8   1  -4 -18
  4 -20  -3 -20
 10 -23 -15  19
-12 -13   6  -1
  6   1  19 -20
 24 -16  -9   2
  9  -2   9 -14
  0  -8  20  -8
-24  -1  21   6
 21 -17 -19   1
  1  -1   2   8
-20  24 -23   7
-11   8  -8  16
 24  -5 -16 -14
-15  19 -19   5
 12   1 -11  24
 19 -11 -15 -12
-21 -17  -1 -18
  6 -12 -20 -16
 -2 -13 -19  -1
 -6 -23  -1   8
 -6 -17  22  24
 11  12  -4   7
 22  -3  24  -1
 17  11  16   3
  3   4  12  22
  8 -16 -19  20
-14 -10  19  13
  1  24  10 -18
 12 -17   4  15
-10   9  16 -10
  8 -23  16   9
 24 -19 -18 -20
  3 -12  10   5
-24  -3  -9  14
 14 -10  24  10
 -8  -2 -14  -7
-22  15  -4  12
 -7 -13   2   7
 -2  -3   6  15
-19  11  -8 -11
  8   0  11   7