 20   9 -18  -4
 -8  18  10  16
  3   7  -7   5
 -1  -4  11   9
-17  -5  -4   6
 23 -14 -24  12
-19  19  17   8
  4  12 -10 -11
  8  10  14  11
-14  19  -6 -13
 22  -3   6 -17
-21   5   1  23
 -8   4   3 -10
-19  21 -23  22
 18  16  -4 -15
 -1  24  11   8
 -9 -10   0 -15
  8 -16  -6  -9
 19  16  15  12
 -8 -20  13  11
-24 -15  -6  19
 -1 -21  22  20
 13  21 -24 -19
 -3  16   0 -23
-19   9   3  14
-19 -17 -21  21
-20  22  14  24
 23  20  17  20
  4  -1  19 -18
 24  24   0   3
 18 -13   2   1
  2   9 -18 -24
-15  -5  18   2
  2 -21 -23  -3
 20  20  13 -13
-23 -20  18  -5
-20  -7   7  -3
 -6  16  -2  11
 -2   0  20   4
-23 -18   7  -8
  4   3  13 -10
 -9  21  22  -5
 10  -7 -15  13
 20 -18 -22  18
 19 -13 -10 -24
-19   1  24  -2
 -6  10 -22 -16
 18   9  -1  -5
-16 -13 -17  14
 -2 -17  -5 -18
  1   6  -6 -13
-23  -5 -12  -5
  5 -12 -15   0
  8   7 -12 -13
-24 -13  13  -9
  9  12 -24 -24
 16 -16  23 -12
 13   8  12  -1
 -8   2  14 -17
-20  17  22 -24
-23  -6 -20   2
 16  14  -5   2
-19   1  16  -7
 -6   8 -19  21
  3 -15  -8  20
 -5 -11  19   7
 21  19  16  -7
-10  12   9 -15
 -2   0  13 -14
 10  24  11  19
-22  23  21  19
 10  16 -21 -17
-10   2  13 -11
-23 -14 -10  -1
-13 -12  15  20
  2  -2  17   2
-16  11  17 -24
 14 -11 -18  20
 -7   0 -24  17
 -3 -20  -7  19
 16 -11   2 -16
 -3  13  23  -7
  2  17  -7 -20
-19 -18   3   2
  1 -13 -21 -22
 18  14 -12 -13
 -9 -17   8 -21
  8 -19  10   0
  1 -20  -7   8
 12 -20   1  -2
  3  10  11   3
 12  11  22 -24
 10 -11  17  11
-18  20  19 -23
-16  -6  14 -18
  1  16  20  -6
  7   8  12  16
  7  -1 -14  -9
 15   7  11  -1
 -1   8  11   0
-18 -10 -12 -22
  4  17   6  11
  5 -19   5  19
-14  -6  22 -12
 24   3  13   5
 23  -8   8   5
 -8   6   3   8
  6  16 -12  19
 -5 -12  -4  10
-20 -22  19  24
-17  15 -17  21
-12   7  16  23
 10  19  -8  -6
-13   5 -13 -12
  4  -6  20   2
-13 -19  -4   3
 -6  -2 -20   7
 16  -5   4  -1
  7  -9 -18 -12
 22  21 -18   2
 -9   2   8 -15
-16 -19  15   1
-17  12 -21  20
  5  -1 -22 -17
 22  -4  -9  -9
  0   1  16 -15
 18  18 -17 -10
-22  24  -3   7
 20  11 -20 -20
-23   3 -21   0
 13 -14 -12 -18
 21  21  -5  11
  0 -17   8 -24
 -6   5  12   6
  4  12  -2  16
 -9   8  22  -2
 11   1 -13  11
 24  17 -20  13
-10  18  15  12
 -2   7  -3  17
 16  19  19  12
 15  13  20  13
  6  -3 -11 -16
 17  22   0   3
 16  23   2  16
  4   8  -4   5
 -1   0   2  15
 24 -24  10  16
 -9   6   6  -1
-12  18  21   1
 19  -6 -17 -12
 -9   8 -19   6
-19  23   6 -10
  0 -24 -16  20
-15  24  24   1
 10 -19  12  21
  5 -22 -16  -9
 -5 -11  21 -21
 23  12 -11 -14
-12   8  22   0
 11 -13   6  19
 -8 -16 -18  18
-23   0   3  -9
-22   0   1  -3
  8 -22 -17 -17
  7 -23   5 -17
-22  14   0   6
 10  19   8  18
-24   1  17   6
  2   0   5   4
-13 -23   6  14
-20  10 -14   4
 19 -21   1  -3
 13  -2 -24   3
 19   7  22   1
 20   5   2   5
-24 -18  11  17
 21   0  21  16
 -3  13  -1  22
  3 -24 -23 -23
 19  -5 -20 -11
  6  12   9   0
-17  22 -10   2
-11 -18  18   4
 -7   1 -21  24
 21 -22 -20  -2
-13 -21  11   4
  8   1  17  10
 12   3 -13 -23
 22  -9  22 -15
 -1  22 -10 -24
 21   8  23  17
 16  19 -12   7
  4  -5  24  -9
-10  21   5  14
-13  13 -16   1
-12 -19   1  -2
  7  -3  21 -15
 -4   8 -20  -2
  4   6  16  21
 -5  11  21  -6
-17  18  -1 -22
 11  20   6  -7
-17  12 -22   1
  1  10 -20  23
-19 -10  20 -19
 -5 -11 -15 -19
-21  15   1  -4
  0 -14  -4 -18
 20   7  15   3
 18 -20 -15 -20
  4  16  11  14
 21  -4  -1 -21
 -3  22  -7   5
  3 -20 -14  20
-14   8   9   3
-19 -11 -21  17
-20  23  15 -11
  8  -9 -16 -19
-22  -7   1  -9
 18 -14  20   9
 -4  17 -18 -13
-15   5  -7  16
 -5  21 -16  -5
 -3   1   6 -22
 12 -17   5 -10
 -8  -5  11  -5
  8 -20  16  -5
 24  -3  19   8
 20  -2  11  -4
 -5  13 -18   3
-13 -24  -7  23
  2 -20  -7  24
  0  -6  23   0
-21  19  16   6
  3   0  24   8
  6 -11  14  23
-21   7  19  13
-21   5  22 -12
 -2 -17   6  23
 17  13  -4  -4
  8   7  11 -23
 14 -21  -8  22
  3  -8   1   4
 11 -16 -22 -14
 -8  15  10 -12
 17   7  -3 -23
-10  19  -3  22
  2  16  22 -13
-23  -8   9  16
-15 -24   2  11
 12 -19 -13 -23
 -5 -19 -15  18
  7 -18  23   0
-13 -13  18  17
 15  -4 -16  18
  7 -21 -20 -18
  2  16  23  14
  3  19   2   9
-23  11  -2   1
  0  14  13 -21
-24 -14   2  20
-20  17  17   6
  9  13   6   3
-10  -4  12 -19
 24  10 -14  -1
-13  -7   7 -19
  2  10  21  20
-13  13  -6  21
 16  21 -22  -4
  6   7  21 -20
 15   7  15 -21
  2 -13  14 -22
 13 -20  -2  18
 12 -17  11 -17
 16 -18  -4 -18
 -7 -24 -15 -16
 -7  24  14  16
 -7 -22 -16 -17
 -6  14   9  19
-16   5  17  -9
 20 -12  11 -21
  1 -10  14  16
 -5  15   7  -3
 24   2  22   4
 18   5  12  -7
 -9 -10 -13  -4
 -6 -22 -14 -15
 21  -2   7 -17
-23  12  -3  22
-13  10 -11  -6
 20   0  24 -10
 15   5  -5   2
-20  -4 -18  18
 18  22  -7 -22
 16  14 -23  19
 23   1 -21 -16
  6   6  -9   1
 13  -7   1  23
 22  21  10  -3
 12  22  -2  -9
  5  18  13  24
  7 -19  10   8
  3   0  24  12
  9   6  -4  13
  7  16 -14 -19
 -8   6  -4  -6
-13  -7 -14   5
  4 -12  -8   6
-21  23  -6   6
  6 -15 -14 -12
 21  19  18  23
 21  -3  -4  -4
 14  11  20  18
 -7 -15   6   3
-15 -12  -5  13
 13  16  17  -2
-22 -18 -16  13
  1 -17 -23  -1
  1   2  18  -3
 24   6  19   5
 15   3  -5  21
 -7  17 -18  22
 -8  -2  24  -9
 -3   9   0  -2
  7 -10  -2 -18
 -6  19  -4 -10
 10  16 -17   3
 -9 -19  13  10
-14 -11  23  24
 24   0   1 -19
  7 -18  -1   8
  8   2 -24 -24
-10   8  -2  22
  5 -10   4  17
-11  18  -7  -2
  3 -18  19   5
 -5  -5   9  15
 -6 -22  -8 -22
 21  22  13 -14
 -7  -4  24   3
-13 -24  -3  22
 16  17   9 -15
  7   1   1  16
  6   4   7  -3
  9  -7  19 -21
 20  22  12   5
-13  -5 -21  20
-14   4 -14 -23
 15  20  24  15
-19 -10  17 -23
  4 -18  -8  22
 -5 -22  16   0
 -5 -16  18 -18
 21 -19 -11  17
 10 -13  20 -11
 -9 -24  15 -21
 -7   0 -13   6
  1   2   0 -16
-15   7 -11 -16
-18  13  15  -6
 -2  13  14   7
 -4   9 -20 -16
 23 -20  -1 -21
  8   3   7   9
  6  -6  21  18
  0  22  -6   9
  7  11  -6   2
  9 -12  -1  21
-13   6  -2 -21
 20 -22  24  21
 -1  21 -21   5
-17   7  14 -22
 -4  -8  -7   6
  1 -14  21   6
 -6 -11  -6 -10
-23  11   1   2
  3  -8 -22   9
  6 -13 -20  10
 22  -1  11  -6
-23  17 -22  19
 -5  19   9  22
-21  21  22   3
-13 -17   1 -14
 -3 -18  -1 -19
  6  22  -5  -9
 10   3 -22 -15
 10  23  16   4
-16   1  -4  -1
-20   3   2   4
-20  23 -24 -11
 21   2 -12  -7
  8  -8  10  12
  7  -7 -11 -17
 19  22 -13 -24
 11 -17   6  -2
  8 -21   8  -8
 -8 -13 -24  18
  3  23 -24 -19
 22   6 -24  -2
 10  12  23   9
-20 -10 -15  12
-17 -22  -2 -21
 14 -11 -16 -17
 18 -15  -9 -19
 12  -8 -16   7
 15  13  -9   3
  7  14  -5   2
  8  13 -21  10
 -8   0 -19 -10
  4 -18  21 -20
-12 -19  -1 -21
 13 -23 -17   3
 -5   9  23   2
 -3  21  12  23
 13 -10  -4  -4
-18  21  -9  -8
 17 -12  12  14
 11   7  -9  14
 19   0 -16  -7
-18 -17   0   3
  4 -11 -14  -5
 11  10  17   5
  3 -16  13   5
 -9   3  -1 -22
 20 -24  -1   2
-14 -21   8 -15
-13  11  -4 -10
  8   2  18 -21
-18  -5  12  15
  6  21 -12   9
-10  16  22 -22
-23  19  -4 -12
  9   9 -13  21
-19  24 -22 -12
  9  20  -1   4
-14 -12 -13   0
 -8  21  11 -10
-15  -8   4  11
-18  -8  -4 -21
-14 -11 -20  -4
 14 -23   8 -11
 23 -14   0 -24
-19  -2  15   6
  1  19  20  12
 -6 -20   7   4
-10  -4  -6  12
-23 -22 -14  23
 13 -20  16  13
 21   3   2  -3
-24 -22  20 -21
 15 -18 -22   3
 13   8 -13  17
-16 -23  24  19
  0  -9 -23 -24
 12 -10  18 -12
 14   6  21 -21
 10 -24 -12  -8
 10  24 -10  -6
 -4  18  10  10
  5  18   7   9
  1   7  -3  -1
-20  11 -14 -17
  4 -17   4 -17
-12 -21 -21  11
-24  19   7  22
-15  19  15 -14
-21   2 -10  19
  6  -2  17  10
 -8  20  10 -14
-10   1   2 -11
-11   2  15 -21
  4  21 -21  -4
-14  -8 -14  -2
 10 -24  -7 -10
 -7   9  11  18
  6 -18 -19  19
-24  13 -19 -22
  5  -8 -19 -13
  1 -24   2 -13
  0  18  22  -9
-15 -14  22  17
  3  -5  -4 -17
-11   7   6  -9
 23  22   5  20
-11  16  24  18
 24  24   3 -22
-20   9 -10  14
 21 -23 -15 -11
 -6 -20 -19  21
 12  20  21  17
 14 -16  23   6
  1  24  20   9
  3  -9   8 -22
 19 -21 -15  17
 13   0  -3  -7
  2   4 -14  -7
-20 -22  -7  13
 11 -17  -1 -18
 15 -23  -4  18
-14  -4  14  -1
 -2  -6 -15   6
 10  12   8 -16
-23  13  12  16
 -7  -5   9  22
-16 -10  11  15
-22  22 -14 -13
 19  -9 -23  -5
 14  21  23   7
  2   2   1   7
-22 -21  -9  24
  6  -6   5  18