 -3  19  11 -11
-11  22  15  17
 18  10  14   0
  7 -12  -9   0
  6  16  12  -2
-17   0   8 -24
 -2   0  -3   6
  3  19   8  22
-13  13 -22  13
-19   2  19  18
-11  24   1  23
 -3 -10 -20 -10
 24  15   8  17
 -4 -24 -23  10
-12 -13  -4  24
-24 -20  -4  16
  1  -3 -16  -5
  6  10  -9 -24
 24   6 -15  17
-12   2 -15 -24
 12  11 -13  14
 -7   7  16  -2
-24  -5   8  20
  2  -6  16  23
 24  23  -5 -22
-12  16   0  22
-13  13  24  13
 15  -2  16   1
 17 -23  22  13
-18 -20  24 -19
 -4  -6 -19 -13
 21 -12 -21 -17
  8   3 -14   2
 -4  13 -16  -7
 -4  11  23  -2
 -4   3  12 -20
-11  14  11   1
  8 -13  23 -11
  0   0 -11  22
 -2 -12   4  16
 -7 -10 -11   7
 23  -2   3 -22
 -3  15  -6  21
-17 -20   7 -16
 14 -12 -11  11
  1  -4   6 -19
  0  15 -13 -22
 22  10 -12  13
-12 -18  19   0
-18  12 -19  -6
  2  11  -2 -23
 -7  17   0  18
-24  -4  -4  11
 24  -2 -21  -8
-16  -9 -17  -7
 19 -17  19  -9
  9  18   9 -22
 -4 -18   9   6
-21   1 -22  -1
-16  -8  -1  21
-11   1  -1   2
-19 -20  -1 -22
-20  17  16 -17
 22  12 -13  12
  8   5 -16   1
 -8 -14 -13  13
-24 -11 -13   0
 -5  16  19 -16
 10  23 -14   7
 -6   1  19  -6
  9 -10   3 -16
 19   5 -16  -4
 10 -12   1 -11
  9  -7  21 -16
  7   9  -4 -13
 -8  20 -21  -5
-23  19  23  16
 -8 -13  -1  24
-12 -13   4 -23
  9  -2  17   4
  1  20  -7   9
 19  12  -6   6
-16   1  23 -13
 -3  16  -4 -17
 22   6 -14 -20
  7 -21   5  -5
  0  -9 -10 -16
 24  -3 -24   4
 12  -4   3  19
  4 -13  -2  24
 18 -14  13 -22
  2   2  -2 -21
 23 -15  19  17
  1 -18  16  18
-13   8  -6  15
 16  13   2  19
-14 -11  12 -11
 21   1  -5  19
-16  10   4  20
-23  13  12 -16
  1 -24  12  -3
  0   5 -13  19
 -2  -9  12  -6
 21  12 -20   2
-14   2 -12 -11
 -3  11   5   0
-17  22  14  -7
 16 -23  15   9
  2   2  18 -19
-24  17  22   2
-20 -19 -21  -8
 -3  -9 -16 -20
 21  11  23   3
 23  -8  -8  -1
  7   4   9  17
 17 -15   6  -9
 -1   1 -17 -14
 13  17   0  23
 -7  22  -4 -10
 18 -13   5 -10
 -6 -19  15  -4
-17  13 -12 -24
-23   3   3  14
 23 -15 -10   0
-21 -13  -3 -10
 -5  12  13 -22
 -2   4   9   7
 -6 -13  12  15
-11  21  18  10
 11  11   7  17
 -3  18  13  16
  5  -7   7 -24
-22   9  -8   9
 -5  23   1 -21
 13  23   2 -21
-24  -4   6 -22
 22   6  -9  14
  0  -3 -16 -19
 14  16   9   3
-24   0 -11  -3
 22 -21  24  -7
 13  12  22 -20
  9   7   3   7
 -7   6 -13  17
  3 -14  -2 -17
  6  15  19  24
-10  19 -22  23
 23 -11  -4  22
 10  21 -13   6
  4  -6  -8  -3
 15  22   4   3
 -4  20 -10 -13
 -8   8  17 -14
 24  13  -6  13
 14   2  18   7
-20   1  22  -1
 22  -1 -22  21
 13  -2 -23 -18
  2  10 -21   7
-15 -13  -9  22
  2 -11   5   2
 14  20 -19  20
 -5 -23  11 -12
 -6  14 -10 -18
-22 -13  -9  13
 -9  -4 -24  -2
 16   1  19  -3
-17 -22 -13 -13
 12  19  -5  23
 -5   4 -21  18
 -5  10  -3  20
 16  18 -11 -24
  3 -18 -22  -5
 16 -22  16 -16
 16 -23  -7 -23
-24 -12  -9 -20
-22   0  -6 -16
 21  -6   7 -22
-11 -14  22  13
 18 -22  -4  -5
  7 -12 -20   0
-18  -8  18 -17
-23  24  -1 -14
 -1   4  -8   1
-10  22  14 -15
 -5  -3 -19  -5
-19  19 -21  -1
 -4  -5   1  13
-19  -2  14  -7
-15 -24  14   7
  5   0  16  24
-12   9  21 -23
  3 -23  23  -3
-18 -10  -6  10
-11  -1  18  15
  1  19  19  11
  1  13   2  20
 12 -12  20  12
 15  16 -13   6
-10   2 -13  10
 -7 -24 -18 -20
-21   9  12  -7
  1  -1  23   4
 17  13  16   9
 23  -8  18  13
 -4  13 -21 -19
  0   8 -16  14
-21  -2 -14  24
 16  22  18  14
 24  10 -15 -17
  4 -15 -17  -6
 -2   2 -24  15
 10  20  22   1
 20  -5   4  -9
-11   1  -2  11
 16   2  22   8
  7   4   8 -12
-15 -10   7   0
-10  14 -21 -24
 15  17  12  15
 21 -22  23   9
-12 -14   4 -23
  8  -3 -14 -17
 17  23 -12  -6
 23  -3   8   2
-12  -8  -6  18
-23  14  -8 -12
 21  20   2  22
-22  -9  20   3
 -6 -23 -20  -4
 -7 -12  -8   0
 19  22 -23 -15
 10  -2  20 -22
-24 -23 -24 -22
  9 -20  24  19
 19 -14  12 -14
 17  23  11  -3
 14   8 -15 -14
 11  15  16 -14
 24   6  16  -8
 10   6 -14  -1
 20  -6 -22   2
 14 -22  19 -23
 13  19 -23 -22
-18  22  12  -3
  9   2  19  12
-10  15  18 -21
-13  23  23  13
 17  11   9  15
 -7 -22   3 -15
-17  12  16  18
-21 -18 -24 -16
-14   3 -19 -19
-16   9 -15  11
 -6  -3  -8  -4
 -5  15   8  24
  3 -12 -23  -8
 -6  13  -8 -20
 24  -3   0   8
-17 -13  20  24
-12  -5   5 -13
-16  17   6  23
-17 -11  24  -1
-17  -3 -24   3
 -8  -8  -2  -9
-16  11 -11 -16
-17  24   2   2
 21 -16  -2   4
-11 -20 -22 -10
 12 -13  15   7
-22  13  19  19
-23 -21   2 -20
-19 -13 -16  20
 11  -5  -7  -9
 11  17  -2 -24
 14 -12  -1  -9
  7  22   9   9
-20  -6   5  18
 -4   0 -21 -17
 14 -12  22  12
-11 -23 -20   6
 24   9   1 -20
-15  16  -4  24
 24  -6 -20  10
 21  24  -8   1
 -1  21   1  11
 -9  -5 -15 -23
 13 -20   9 -21
 14  11 -20 -15
-19 -21 -21 -13
 -5  22   2   6
 10  10  -9  10
 18  21 -22  24
-22 -14 -12   1
 -5 -12 -17  21
 15  -5  -2   5
 19 -16 -12 -13
 -4  -9 -17  16
 -8  15  24 -23
-12  15 -14  15
 20 -10 -22 -19
 17  20  15  -3
  2 -18  16  11
-20 -22  -5  23
-15 -13  10  -8
-21  19  -2  12
 14 -11  13  21
 -8   2  -2   0
 -2   7   8 -17
-20 -13  21 -21
 13  12   7 -16
  5   3  22  13
  7  13  19  11
 -9  -8 -22   8
-21   9 -19   2
  9 -19  23  -3
  3  16 -22 -24
-19  14 -16  15
 21 -16  -9 -23
  1 -23 -10 -14
-24 -14  -3 -22
 -7  10  -1   5
  6 -17  13  -7
-13 -12 -20  12
-14  16  23 -11
 22  11   0   5
  3  23 -18   9
  4   7 -22  -1
-10   8  24  13
 16  12 -24  14
 23 -11  21  12
-20   4  18  15
  3 -13  23   5
 -9 -19 -16  24
-14   0 -22 -23
  8  21 -22  -9
-10  13   3  -9
 -3 -24   0  -9
-11  23  -1  20
-19  23   5   4
-10  -8  -5  -1
-19 -21 -15  23
-21  12  21  11
-19   7   3   7
-21 -12 -16 -23
-23  -4  10  16
-13  11 -19  11
 20  24 -12 -15
 17  -6   2 -11
 -6 -15  -8  19
-10 -16   3 -16
 20   4   7  10
  6   2 -17 -15
-23 -16 -20   1
 -8  -3   5  15
-23   7  -3   7
-10  -4 -13 -23
-24  10 -12 -19
  0  13   5 -13
 17  18  14 -10
 19 -22 -10  10
  4  -9 -24  23
 -7  -4  24   7
 -8   9  10 -20
 13 -16  17  10
 -1 -10   9 -24
 19  -1 -23  10
  8   6   0  12
 -4 -13 -21   9
 23  -1 -12   7
 10   8  20 -17
-21 -15  -6  20
  5  -8  -4   2
 16 -13 -22 -11
-14  -6 -13  10
 10  12  -4  20
 13  18 -11  -3
-12  13  20  18
 23  12  -9  -4
 20  -8  21 -18
 -3  17   3 -21
  9 -24   0   8
  1   4  12   5
 -1 -17  16   3
  3   6   7  23
-17  11 -13   7
 12  16 -22   6
-17 -18  12 -10
 -8  -2  16   5
-12 -16   6 -12
 11 -13  -2 -22
-10 -10 -23 -21
 -7  16   7  -4
-21  -8  12 -23
-11  10  13 -11
 -4  -6  -2  -4
-13   9  13   8
 23  19   6  16
-21 -18 -15  -2
  2  15 -23  20
 13 -18 -18 -17
 14  -8  -9   9
  5 -16  -6 -17
-18   8 -18  11
 -4  18  13  -1
 11  22   7  -6
-24 -24 -17  14
-23  -9  12  -4
  4 -18 -17  23
 18  19 -10  -2
 21  23 -20  -3
-11 -12 -21   1
 15  21   8  -2
  8  16   0   3
 -7  -6 -19   6
 20  -7  -1  12
 -9  15 -21 -19
-12  -8  -9  -1
 17   8 -12  -8
  6 -10   8 -21
  3  17   7 -24
-21   3 -20   0
 21 -13  16 -24
-17 -21 -22  -6
 11 -17   1  19
 14   7  12  20
-12  24  23  19
 -5  19  23  10
  6  11 -15  14
 11  -3  17  16
-18 -19  14  13
 14   2  23  22
 -5 -23 -24  -9
  8  16  -4 -10
  4   0  -3   0
 15  11   6  18
-17  -4 -22 -21
-16  18  23 -16
-12  12 -24 -10
 19 -18 -24  14
 10  -3  17   4
  5   4  -5 -24
 -9  -1  19  -9
-11  22  12   9
-19   7  21 -16
-12   1  -9  15
  7 -14 -23 -17
-12 -14   4  20
 17 -23  19  12
 19  16  -9 -17
 13  19 -23 -12
 -9 -23   6  -9
-11   9 -18  16
 16 -19  17  11
 10   0  -7   5
 13   3  10  15
  0  10  15  15
 -1   2  -7   5
 16   4 -14  14
-20  11 -22 -13
-16  22   5  13
 -3 -22 -24  -6
 13  -8   2   2
 -6  22 -23   7
  3 -10  -5 -14
 20 -16 -12   7
  0 -20 -23 -17
 -2  -6 -11  17
 23  10  16  -8
 23  16  15 -23
 13 -21   4 -22
 -6  -3  10 -16
  8   5   0   1
  5  15 -21  20
  2 -13  12 -16
  1 -19 -15  10
 21 -14  -4  18
-13   7  21  15
  8  -8 -11 -20
-24 -14  17  -9
  2   8  12  12
 -6  -2 -13 -24
 -8  14  24   5
-16 -12   6   0
  1  23   1   4
  9  13 -19 -11
  6 -11   2 -22
-13   6  -7   9
 13  -3  19  -1
  0  13   3   0
 15  17   7   8
-14 -23  10 -10
 16 -20 -22  -6
  3 -13  -4 -15
  4 -20  23   7
  1  -8 -18  -2
 -5  16 -20  12
-10 -10  -4 -22
  5 -20   5  19
  5 -23 -24  14
  8  20 -17 -14
 18 -12 -18 -10
 -2 -24 -24  18
-16 -21   0 -24
  4 -13  24 -17
 16 -23 -14  18
  9  -6 -20 -11
-10  -2   5  -5
 10 -16   0  -1
 12 -12  12  16
-23 -21  13  -5
-14  22 -20  21