-21 -10 -12  20
-12  -6  -6  17
  4  17  14   7
  4   6  11  13
 13 -15 -11  20
  3   8  -7  17
 12  -2  16  -4
-10 -19  24 -15
 14 -18 -19  -4
 -5  14  13  20
 -3 -12  -9   4
-20  12  -7  12
-17 -10  21  13
  9 -15   8   9
 12  18  -5 -21
 -9 -24 -19  12
 12   6 -11 -21
-13  16 -12  -5
-20  -5 -10   4
  6   7   6  16
-13  -4   3 -19
 13 -14  13  10
-13   8  18 -11
-24   1  21  24
 24 -14  16  23
-12 -23   0  11
-12  24   0  21
 12   1  -7   0
  1   4 -21 -24
 10 -21  21 -21
 22   9 -22   2
-24  19  -1  -1
 12  18  23 -17
-10  15   3  22
 17  24   7   1
-15  22  18  -2
 11   8 -13  -2
 24  14  -7 -11
  5   6 -21 -11
-10  -8 -15  18
  2  23  -2  24
 22   3 -22  -8
  9  -1  20  12
 17   0 -10  18
 11   3  21  -8
 -3  14  -2 -14
  5  15  -9  14
-11 -20  17  20
  3  12   1   9
-24   8   2  -7
-24 -19 -21  18
-13  12  24  10
  9   6  14 -12
 24  19   6  22
  9  22   6   6
 23 -17  -6 -19
-18   4  16 -23
 18  23  16   2
-16   5  -3  13
  6 -11 -16  24
 24  14   5 -17
-12  12   1 -17
 13  16  11   7
 15  -3 -13  18
-13  18 -19  15
  0 -11 -21  23
 10 -13 -13  20
  7  -3 -13 -14
 -1  -5  21  14
 23  -4  -8   6
 24 -19  -7 -15
  4   5 -23  21
-18   0   7  -5
 17 -23  15   9
 -3 -13  16   2
-22  16 -17   1
  8  -6   0 -23
  4  -5 -21  10
-18  -2  23   7
-20  -2  23 -13
 -6   1  19 -17
  7  14  12 -22
-15 -22  -8 -14
 -9  16  15 -12
 -6 -22   6 -18
-12  -4  17  23
-13  -7 -22  -2
-11 -20   5  -8
 21   2  -6  -3
 15  22  11 -17
-13 -12 -14  10
 19 -21   1   8
  7 -15   2  -6
-12  -6   7 -12
  1 -10   2  -8
  6  -8 -10   6
 -3  -3  -7  14
 20  -2   8  -4
 21  -5  -9   5
 21   1  -7 -10
 10 -19  16  15
-24  18  20 -12
 24  16   1  11
 17  12 -18  -3
  7 -13  22 -23
 15   2   7  24
  5  19  -8 -22
 -5  24   5 -15
  2   9   2  -6
 -9  -5  13 -10
-10 -19  -9  19
  8 -10   6  -6
  1  15   2  -8
-16  11   3 -24
-10  -5  -2  12
 23 -21   4 -17
 12  17 -18   4
-14  19  -2 -18
  4   3  -5  18
-23  20 -12  18
 -4  18 -22 -19
  8 -15 -21  14
-12  15 -12  10
-11 -15  13  20
 19  -9  -3 -16
 24  24 -10  19
  4 -12  17  23
 13 -15 -11 -24
 15  15 -19  22
 20 -12   9   1
  6  18 -15  -4
 11   5   8   8
  5   5  -7 -10
-19   3  -2 -10
  4   3   2   2
-11  -7   5  -3
  5  21  20   1
  9   3  -2   0
 -7  24   8  -2
 -8  -1 -11  -8
 -5 -13  23 -10
 22  19  22  22
-15 -22   3 -21
-21  -6  12 -23
 -6  15  -1  17
 -5   0  23  -7
  5 -22 -23  -8
 17   1 -21 -14
  9 -17   7 -11
 13   3  -6  14
-15   9  -9 -15
 17  24  -2   2
-14   6 -16   9
  4  20 -17 -11
-17  -6  11 -16
  2  16 -23   5
 -2  -3  -7  10
  2  -9  16  23
-17  14 -13  -8
-10   8 -10  17
  3   4  23 -14
 -6  11   7  14
  5 -12  10  14
 19 -10 -10  15
 10  21 -12 -19
  5  14  21   0
 10 -23 -15   9
-24  -9  -5 -23
 20  20   4 -19
 15  -5 -23  14
 16 -21  -6 -19
 -9  -7   6 -24
 -4  -3 -24 -17
 16  -7  14   7
 16   1 -12 -17
-13  13  17  17
 18  10   3 -24
 24  23  -7  16
  6  13 -16   5
-23 -17 -12   1
 17   9  -7  23
-22  19  17  17
-13  14  20 -13
 -4   6 -21  16
-22 -24   8 -12
 15  13  22  21
-16 -17  -6   0
-11   6  15  13
-24 -20 -20  -8
 -7  24   5   6
 13  12   4  12
-20   1  24  11
  1  -1  18  20
-12 -13  -8  19
  4  23  14   5
 -6 -18 -19   3
  8 -21  14  -2
 23 -12  -7 -17
 -7   9 -18  -6
-24 -17  12  -9
 14 -18  -4  24
 20 -13 -22 -21
 -6   0 -13 -16
 -6 -15  -8 -24
 16 -10   3  12
-24 -24  -7  24
 14  21 -11   4
 16   0   5  -7
 20   8  19  -5
-23  -9   2  17
 -6  15  16   1
-11  -7  -3  -5
-15  15  13  16
  8  24  -8   4
-15   1  -9 -21
-13  19 -13  -8
-18  15  -2  22
-12   0 -20   5
 20  -5 -15 -18
 -7  -5 -24 -19
 23   8  -3  -7
 16   4  19 -10
 -3  21  -3  10
 22  -2  13 -20
 10 -21   3   9
 -5 -12   5   8
-20 -19  -6 -16
 22  -7 -11  24
  0  10  14 -13
 19   2   6 -22
  2   0   3  -2
  2  17   1   5
-24  23  -3 -23
  9   5  17 -19
-13  -9 -22   7
 12 -22  13  -3
 10  20   7  22
 22  -3  24 -15
-24  23  -2   0
-19  11   7  20
  8  -8  24 -18
 16 -12  -5 -13
 16  -8 -14  10
 -5  13   7   3
-22 -19 -21  -6
 -4   9  -2 -17
 23 -18  -2  22
-10   9   9 -18
-11 -22  10 -11
-15  14  -3 -16
-11   6  -4   6
 11   6   3 -14
  6  14   0  -5
  6  24  15  11
 13  12   3   9
 -7   1  -6   9
 12   4 -10  18
 -3 -15  16   1
 23  15  11 -24
-10  -4  -7  13
 -9 -12  -4  15
-21   9  -2   1
  1 -22  18   7
-19 -12   3 -23
 12 -13 -22 -10
-14  19   1 -14
 -1   5  -6   3
 -9  24   1 -17
 20  10  -4   0
-18   8   4   1
 -2   4  15 -13
 20   0  -9 -20
 19   8  20   4
  5 -19  15 -20
 21  13   1  -8
 24   5  12 -18
 12   0 -17 -24
  2 -16 -19  -9
-18  -7  23  22
 17  -5  -5   4
-13   5  14 -12
-12   4  20   0
 10  16  -2  -7
 23 -23  -6   2
-14   3  -4  17
-15 -19 -17 -13
 17   1  11  15
 18  17  15  24
-20  13  -1   5
 -8 -19   1 -11
  2  22   2   1
  8  10  -3  13
  8  18   4 -17
-17  12 -11  12
 -8 -11  14   5
 17 -23 -19 -13
-14 -22  -7  11
-19   2 -19  10
-16   6   9  20
 21   8  24 -17
-17   4   0   1
-22  -7   4   4
 -2  15   7 -17
 20   2 -24  18
 -3  10   9  -2
 12   8 -24 -19
  1 -20   2  -9
 14 -15 -22  -5
 24   5  20   1
-14  22  -2 -17
 22 -16 -23 -13
  1  11 -16  19
-15   8  19   0
  8 -17  -3  16
 -8 -18   9  13
-20  17  21 -13
 17  12   3 -16
 16  -7  -2 -13
-23   9   1 -13
 10 -19 -24   2
 10  24  11  15
  2 -17  17  17
 19 -11  12  15
  6 -23   2  19
-18  19  13 -23
 17  -9   0   2
-12   6  23   8
-12  -4  -8 -11
  4   4 -21  -2
 20   9  18  20
 21  -7 -23  16
-20   3 -11 -17
 22  -2  13  20
 20 -17  12  16
 -6   1  11 -12
-15   3  -2  -1
-12  19 -18  -1
 -7   9 -13  12
-23  13   0   8
 -9 -17  -8  22
-14  24 -13   4
 13 -19  -7 -18
  8 -18  23  23
 -2   8 -16 -23
 -8  16 -10  14
 15  -4  17  20
  5 -23  -9 -10
  0  11 -10  -6
 -7 -18   3  18
-21   3  17  15
-12  22  -3  -6
-10 -15 -14  -6
-15   9  19   0
  5  -9  15 -24
 -8  -8   4   0
 23  14 -15  23
  2  21   4  19
-21  -6   6   3
-24  -1  18  12
 11 -15 -10  23
-13  14 -21   0
-21 -12 -10  12
  0   3  10 -24
-10 -22  14  -6
 20  -8  16 -10
 10 -24 -24 -21
-23  20   6   8
 15 -19 -19 -10
-14 -16  14  -7
-14  -3  18 -13
-20   3 -17  14
 15 -10  18  -6
  7 -24  -1  -3
  8 -12  23  22
 12   7  -6 -20
-14  -1  -5 -18
  4  19 -20 -19
 13 -15   0   4
  8 -10   9   6
-16   3   7  15
 11  -1  18 -16
-21  23  -5  18
 18  10 -13  17
 11  13 -23   6
 -1  -9  -3  16
  7  23  -7 -10
 -4  22   4  15
  9 -12   1 -21
 -8  22  21   3
-19 -10   3 -14
-14   4 -20 -20
-23 -16  14  22
-18  -1 -17  24
 -6   5   3 -10
 23   4  -7 -20
-18  22  -4  -9
 13   6  -8 -12
 18   5  15 -10
  7 -14  -5   7
 -5   2  -7  11
  0 -11  20  -7
 21   7 -12 -18
-21 -15  12   3
  2  24 -11  -2
  6   6   9 -13
 18   9  -1  14
 18 -12   3  13
  9  -9 -18 -24
-24  24 -22 -19
 -9  -4  -2   8
  2 -19  22  18
 -8  16 -15  -9
-10  13  -1   6
-11  14  -9 -19
-13 -22  -5  14
-16   2  22  -8
-18   5  -1 -18
-17  24 -21 -12
-19   8 -20 -12
-10  14 -16  15
-13  -3  21  16
 23  -4 -13   1
-13  23   4  15
-11   6 -15  16
 -6  -6   7  21
 18 -17 -13 -23
  8 -20 -13 -23
-17   5 -15 -10
 21  -6   4  20
 -4 -17  16  -4
 20 -18   5 -13
 12 -19  19 -16
 14 -22  -9 -23
-20   8 -13  21
 11 -16   4 -23
 -8  11 -21  23
 14   3   4  -7
 16   9   4   1
 20 -10 -24  -2
-11 -24   6  20
 -3  -8  20  17
  7   0   7  -1
 -8  17  -9  12
 20   3   8  11
  1  15 -20   2
 22 -19   8 -19
-21  -2   4 -18
-21  -2  -6 -20
 -8  23  16 -13
 11 -16   1   9
 22  10  17   8
 16  23 -17  24
 23  11   3  -4
-12 -15   5   6
-22 -11   7  23
 18  16  15  -4
  0  19  -5   0
-15 -14  22 -16
 16 -13  -9  17
-10  19  10  20
 -2  -3  -7  -8
 24  16 -22   2
 -3  11  23 -24
-10 -13 -15  -6
-23  -5   6   0
-22  16  11  -7
-23   6 -20  10
 16  10   8  -4
  0 -23   3  11
  8  -3  -5   7
  5   2  -8  -4
-21   4 -20  16
 -4  -9  18 -10
-14   9  19 -23
 22   9 -24   9
  0 -23 -15 -18
  7  18  19  20
-21  -4   1   4
  1   0   9 -11
  6 -23  15 -12
-16 -21 -21  15
  4  20   5  24
 11   9  -3   3
 -2   1  11  -7
 -2 -14  -6  20
 14 -19  -7 -12
 19  17  -9 -10
 18  21   2 -17
 16 -21 -14   2
 18  -2   9  20
  2   0  19 -11
 18  22  18   7
 -8  11 -16 -20
 -9   9  18 -10
 -5  -8 -10   3
-14 -16 -13 -24
 14   2 -14  -6
 19  -9 -23  23
-19 -15 -24  10
 23 -21 -14   4
-21  18 -10   6
-22 -11   5  -5
 -1 -22  15 -21
  9 -22  -8  21
-24   1  22   2
 -9 -13  18   0
 13   0 -17 -14
  2 -16  13  11
-14  -2  21  16
-18  24   8  -8
  2  21 -16 -22
-20 -23  -1 -13