-20 -15 -18  17
 -4  24 -18  16
-24 -17  -4  24
  4 -13  -5  -7
 24  18  -4  -1
 -2   8 -10 -11
 10  14   4 -22
 10  -7   0 -12
 16   8  17 -17
 -5  11  -2 -18
 -7 -20  15   0
-17  13 -13   2
  3  -9   5   4
-24   5  -2  -2
 20  13  -7  24
 12 -18  -9  -5
-21  -2  24   9
 -8  13 -10  -5
 16   4 -22   3
  2  20   7  -8
 19  18 -10 -23
 -8 -11   1 -16
  1  -5   3   4
 21  18 -14  -1
 17   7 -24  -5
 -3  16   5   1
-11 -17  -9 -14
 -7   3  12  13
-18 -19  10  14
-13 -11  -5  10
-16 -17 -15  11
  7  21 -20   5
 17  12  19   9
 14  -3   0 -13
  3  -2 -24 -12
 -5  11   0 -13
 20 -10  12  -3
  1  10 -10  24
  8 -15   2   2
  2  -3  16  -6
-21   7  -1  12
 13 -11 -16  14
 22  16  -1 -21
 17   2 -11  16
 16 -18 -12   5
  2 -18 -12 -21
 23  24  21  24
 -5 -16  -9  18
 18  19  -9 -15
  5  16 -16  10
 17 -10  14   9
 10  17  14 -22
-20  14  17  20
  5 -19 -10 -19
 -8  13  -8   7
  7  18  -3  12
  2   0 -21  16
  1   3  18   3
-22  24 -13  16
  4  13   5  22
 16  -2  -1  16
-16  11  -4 -11
-20   0 -11 -15
-10 -16 -21 -16
 -2 -16   1  20
-10  20  15  18
-14  -9  -7 -21
  7  -3  -9 -21
-24  -9   5  14
 13  15  23  -7
  3  -2  -5   5
-11  -5  -7  10
 16  16   7 -14
 -6  -8  18 -24
  5 -16  23  11
  4 -19  10  -6
-12  24   3  14
 22  11 -18  11
  2  13 -17  12
 16   7  -4   2
 -1   9   2  -2
-14  21  11  21
  1 -12 -21  -8
 -5   8  -1 -21
 23 -20  18   5
 16  -1  16 -14
 15 -22 -24  19
 20  11  -5   2
-17  19   1  -3
 -4 -10  -6   9
  0  -9  -7 -22
 19  13  14   3
-11  21  11   2
-17 -20  -4 -12
-11   4   4   4
 -5  19   9   6
-14  -1   2 -24
 -4  15 -21 -10
  1 -17  -5  11
 -1   2  -5  17
-14   1 -24 -14
-19 -18  -2  -6
 23  -4 -22  15
 15   2 -23  20
  4   7  -2  13
 13  12 -21   3
-12  -5  -1 -16
-23  -7   3  -7
 -7  24   2  12
 18  -1  24   4
  2 -15   6  12
  2  16 -18  13
  1  -5   3 -16
 -8  14  17  18
-18  14  -2 -13
  6 -15 -22 -17
-23  24   7  14
 12 -16   1  -8
 20 -16  19  19
 12   5  -9   0
 -7  -2   6  -4
 14 -10  -5 -11
-16  12   6  22
  1  16   8 -10
  5  -5  15   8
-21 -15  22  16
-19  23   1 -23
-20  21 -21  -3
 18 -12  23  14
 -8 -21  18  20
-10  15   5 -12
 -9  21  -4 -20
-13 -15 -12  -6
  4  15 -23  13
-18  17  -6 -12
 -9   5 -10  -3
 -5  16 -20  -6
 14   2  -7 -11
-22 -13  -1  22
 19  -4   5  -4
 23   2  15  -9
 18  20 -21  18
  4 -11 -18  -7
-10  -5  -4  -2
 14  -9   1  24
 -4 -16 -12  16
-11   6 -22   1
  7  23  23  14
  6  20  -6  15
 -8   7  -7  24
 22 -16 -14 -23
-13  12  23  16
 -9  -8   8   9
 -1 -16 -10  23
-24 -13 -14  12
 -3  -8  17  -2
 14  12 -20  -5
  3   4 -15   5
 13  11   7  16
  5  -8 -10 -14
 -7 -16  16   6
 -7 -14  16 -14
  5  24  21  -8
 -1  20  -3  14
-14  23 -15  -9
 -7 -20  -6 -17
 19 -16  20 -10
 19  15  -6  11
-17  10 -20   6
 24   2   9  21
-12   1 -10 -10
-15   7 -20  14
 24   2 -20 -10
 -1 -17 -18  -5
 -8   4   7  10
  2  23  14  16
 16  -1   7   4
 24  -9 -15 -15
 18 -10  11  -1
 20  -1  17  10
 11  18  14  -8
-24 -11  19  14
 -8   0   3   0
  0  19   9  12
  8  -9  -2 -12
-23   4  22   4
-19  -3 -13   5
 13   5 -19 -14
-19   6   8  14
-17   2  -1  13
 17 -10  19  10
-17   8   8   7
 -5  -4  -9 -23
-15  -4   8 -10
 24  20 -24 -15
 -8 -20  20  13
 -1  21  21 -21
 -1  12 -13 -20
 -9 -10 -16   7
 18   1  11  17
 11 -19   9   1
 13 -24  20 -14
  1  17  10 -17
  7  -8  10  22
 -8  11   1   7
 -2  -9   4  17
-23 -22  18  -8
 19   7 -20  -7
 14 -17 -12  -3
 13  21  15 -21
 16  -7   6  24
  6  21   1  16
-22   2 -16  24
-10 -13 -12   2
 10   4   4  22
 24  11 -16  22
-19 -14 -10  21
-23  22  13 -11
  2   3   5   2
-16 -17  15  -7
  4 -19  -9   8
-17  -6  12  12
 14 -20   0 -18
 -6  -1  15 -19
 -1 -16  -3   7
  4   0  -2 -20
-18   9 -16  19
-21  10   4  12
 19 -16 -16  13
  5 -15 -16  23
  4 -18 -12  -5
 14   9   2  -1
-23   8 -21   0
  9  -7  -4 -13
 16 -10  -6   1
 -6  -8  18  19
 -8  -8   4  15
  5 -24  -2  16
 -2 -24   8  -2
 -5  12  11 -16
-14  -9  -3  10
 24 -19   6  20
 -8   9 -11  22
-16  15  14  17
 11 -23 -22 -21
-14 -17   7  23
  2  -8  12   7
-11 -14  13  -2
 -9 -12   7   8
-14 -23 -22  16
 -3   9  23   6
-15   2 -22  18
 -2   5 -12  -9
 21  13  17 -20
 -8 -21 -21 -22
-18  -4  -5 -22
  8 -10  -1   7
-21   2  -4  -2
  8  -9 -15   8
 13 -22 -10  -6
-10  -4  22 -19
  5  10 -12  11
 11  -8   1 -15
-23 -24  11  18
-23   9 -12 -21
 20  -3  19 -18
 -5   3  -7 -17
  3 -23   4  -4
-18  22  -1   9
-20  10 -13  22
-10   4  19  23
 -1  13  -6 -24
-10 -19 -19  14
-18   3  14   3
 10  16  -8  18
 16  -8 -17   6
-12 -23   1  23
-24 -16  24 -22
 -2  -7   4  23
 -7  17  21 -22
-14   4  20 -15
-17 -16 -23 -22
  1  12  11  12
 15  11  16 -18
  4 -18   8   1
 12   5 -14  21
 17   0  -3  15
  2  16 -20   9
  1   2   6 -18
 18  16 -15 -22
  4  -9  -6   9
-19   8  22 -13
-17 -19   8  11
  9   9  11   7
 22  -9 -20  22
 -9 -13 -14  -7
-14 -17  -5 -14
 -8 -13  -1   9
 17 -24 -11   0
 18   9 -12  -6
  5  20 -15  21
  8 -12   7  17
  7  -8  20  10
-14  -4  20 -14
 -7 -22  10  -9
-17  -8 -19   8
  5   3 -22  16
 -7 -24   7 -20
 11  18   3 -21
 18 -23 -21  15
  1 -21  21  -3
 10 -17  10   4
 -2  16 -10   1
 12   3  22  18
 15 -13   3  10
 -2  22  17 -19
  0  -4   0   1
-17 -21 -16   0
 24   9 -14   9
 11  14   9 -15
-10   0   3 -24
 -1  -6  -2 -10
 -6  14   2  19
 -8  -9 -10 -22
 20   2 -22   6
 -1 -20 -11  22
 16 -13  -1  -9
-14 -13  22  -9
 10 -18  16 -19
-15  21   0  -9
  8 -11  20   3
-22 -19  14  20
-17  -7 -22 -13
 -5 -14  15  16
  1  19  13   3
 19  20   8  11
  8  12 -23  -6
 14   5   8   0
-19  23 -12  16
 13  13  15  11
 22   8 -23   9
 -6 -20  21  16
 -7   5  -8  17
-19 -11 -24 -12
 24  -9 -21 -21
 24 -11 -19  16
 20  20   6   6
-10  21 -24  23
 14  -8   4  22
  7  -9  -8  24
 16  -4   9  -9
-10   9   0  -5
-23  -7   5  -4
-14  21  15   9
 17  17  12  12
  2  15 -18   2
 -8   6   4   7
-18  -8  -7 -23
 12 -13   0  14
-19   9  24  -6
-10  -9  -3   9
 -9  12  13   5
 16  19  11  -6
-23  22   9 -15
  5  13  -5  23
 13 -15 -15 -23
-10 -13 -19 -22
-11   0  10  21
  3  -3 -12 -16
 13 -14  18   8
-17  22 -17 -15
 21  17 -16  10
 -1  14   1  21
 -6 -12  -7 -11
 24  19   6   0
 -7  16  16 -22
  5  -2   1  -2
 24   8   8  13
 -2 -18   4  16
-18 -19 -10  -2
 -7  13  -6  16
 10 -24  14  -2
-21   1 -16   9
 24  15  13 -18
 -5  -7   5 -13
 15 -23   7  24
-22 -21  -3  15
  7  -8 -23  21
 23 -10  22  12
  4   9  -4  10
  4 -12   8  -4
 17  21  -8 -24
  5  21  20 -11
-14 -10   5   0
-16  15  21  19
 14   4  19 -20
 -4 -11  -5 -12
  7 -13 -21  17
-17 -12  18 -23
 20 -10   7  -4
 -5 -10 -10   7
-10 -22  12 -17
-23 -11 -14  14
-22 -20  21  18
-23 -22  24  12
 -9  -1   5   3
 19   3   9 -21
  1 -15  19  -9
-22 -10   3  -9
 -4 -21 -17  -7
-12  -1  -3  -9
-15 -15  12   7
 13   5  -6  -6
 -8 -22   7 -20
 -2  -7   6  23
-24 -22  18 -20
 -4 -22  16 -11
 22 -24 -10 -21
-22   2   0  19
  4  21  -4 -21
-16 -24 -19  23
-24 -13   7  20
 13  -1  22   5
-19  20   0 -15
 21 -14 -22   6
 -6  19   5 -10
 -1  15 -11  -9
 16 -18 -12 -14
 -4 -18  22 -10
-10  -3   4  14
-16  17   0 -12
 -6  16  -9  15
 -4  21  -4 -17
 10   0   3  -6
-18 -16 -24   9
-24 -11   1  21
 -8  -9  21  24
  9  21  12  11
-20  15  -1  20
  7  22  17  20
-11   8 -14   5
 15 -23  17 -19
-22  -8 -10  18
 10 -16 -21  17
-18 -17 -20 -10
 21  -4 -22   4
  6   0 -12 -20
 15   3  -9 -16
  8  14 -20  -5
 -5   5  -4 -21
 15 -18 -23  18
 20   4  12  19
-20   2  21 -12
-15  -2   5  10
-24 -11 -20  -3
-13  -1  18   3
  1  16  17   0
 24  -3  16  -8
 24   5   2 -24
 -7  21  16  17
 -6  15   1  17
  1   8 -14   0
 24   4   5  20
 13  22  -8   1
  1   6  -7  17
 -4   9 -17  -7
 -6  -1  -7 -10
-19   1 -10  12
-10 -18  16  19
  2  11  -8   2
 -2   3 -18  21
 16  15  -1   5
 12   8   6  21
  2 -23  11  18
 -6  12 -11 -15
 -2 -13 -16  -8
 16  -6  19  -8
 10   9   9  10
-13  15  -5 -22
-20  -5 -20  -4
  7 -16   1  11
-23  -9 -12 -11
 16  21  24 -23
 -2  24 -16   7
 13  20  -3 -13
-17  24 -12 -20
-11  -4 -14 -22
  8  22  14  -8
-10 -15 -13   2
-13   1   9 -24
-14   3 -18  -2
 18  -4 -20  -2
-19 -12   0   7
 -4  23  -1  -7
 19  11   1 -16
-10   1 -21  14
-14   7  22 -15
-20  11   1 -24
 17   8 -14   2
 19  21  19  -2
-16  -8 -16  -2
-20 -15   7  -9
-18  -1 -22 -24
-17 -13  11   5
  5  -4   1   3
 10 -12 -24  -3
 -6  22   1  -1
-14  -7 -21 -13
 -7 -10 -19  16
-15 -19  23  12
 -3   9  11 -10
 10   0   7   9