 23 -20 -22 -11
 -6  10   7  -9
 -5 -21 -11 -20
 11  -1  22   4
 -3  10  22 -13
 -2   9  -7 -24
 -6  17  13   7
-12 -17   0  21
 -1   3 -21  -8
-22  11  21 -11
  6  -3  -7  -9
  8 -18 -15 -18
  9  -3   9  14
  3  21  -8  22
  3 -10  14  14
 -9  12   0  -9
-24   4 -15 -13
-17 -14  -7 -10
 21 -19  -9  -4
-10 -13  18  -6
  9  22  13  16
-15  21 -24 -18
-13   6  -6  -7
-11 -19 -14 -20
 17  -2   1 -20
 -8  17   0  20
  7  21  -6 -20
  8  12  13 -19
-14 -21  -6  -8
  9  15 -14   1
  7  14  -7  17
 -5 -15 -12 -14
 -6  22   8   3
  5  18  -2  15
 21  14  -7  15
-21  14 -13  -6
  6 -23  17 -19
  9 -20   6   6
 -8 -20   2   6
 11  12  -4  -7
 19  11  -7  -8
 20   7 -22  14
  4  18  21  -4
  8  11  -7  13
-19  11  22  21
-10  -9  11 -22
 -1 -11 -12 -13
 16   6   8  -1
-20  -8 -18  -7
 -9   0   5   3
 22   9  17   5
-17  21  11  -4
 10 -18  -8  16
-22   0   1 -10
  3   4  -2  -8
 -3  18 -13 -10
 -6  10  22 -21
  6 -16 -15  24
  3  19  21 -14
  0  17  -1 -12
 -6 -15  10  14
 17 -15   5 -19
 -8  -8 -11  12
 22  -9   2  15
-13 -18  -5  13
  9  -7   3   3
  6  19 -21  13
-13 -16   3   4
-24   0   6  10
  9  22  15  19
 14 -11 -17 -12
 -7  -9  -3 -16
  0  -1   7   0
 -5 -10  22 -11
-20 -21  11  -5
  2  24  16  19
-18  23  -6 -13
 -3   0  11 -19
 24   7   7 -17
 -3  21 -15  14
-12  -2 -23 -10
  8  14  10  20
 -1  21  -8  13
 18 -21  16 -18
-23   4 -20  11
-22  13 -17  13
 18  12  21 -15
-19  22  -7  -1
  9  -7 -21  13
 19  10  23 -17
-19 -10 -10 -22
 -2 -13 -15  24
  4   5  -3  15
 -3  -8  -8  -9
  0  -2  24   1
  7  10  17  21
  5  15 -24 -19
 16   3   1  16
 -8 -19  -7  -4
 24   1  -8  -4
  2  14 -17  16
-12  23  12  15
-14   3 -16 -16
-20 -14   3   8
 -5 -22  13 -17
-15 -15  10 -19
-13   6 -16 -18
  8   9  -4   0
-13  24  13  -2
 -3  -4   1  22
-12   1   7 -17
-24  17   4  18
  7 -23 -18  16
 13  21 -10   7
-17   7   3 -12
-15  -7  19 -10
 -5   2 -24 -14
-19 -19   2  24
  8 -13 -19  23
 14  16 -20 -15
 16  15  23  -9
-12  16   0  22
 -3 -21 -18   6
 -8  11  24  -8
 23 -23  17  17
 13 -24 -21  16
 -8 -20   5  15
  2  20 -16   8
  6 -14  -8  16
 -9   5  11 -20
  1 -21  24   7
  3 -16  13 -17
  0  17   8  21
  3  19 -23   7
-19 -24 -11 -12
 -7  20  14   2
 -9 -15   9 -10
 21  16 -16 -10
 18  11  14  10
-10  23 -11 -17
 17   6  12  -9
  1 -16 -21 -16
  6   5  -1 -16
-14  -1   2  20
  1 -15 -20  10
-14  19   2  13
-18 -17  -1  -8
-18 -17  19  -8
-16 -22 -22 -18
 12 -17 -14 -21
-17  23  -2 -23
 -3   3  -9  11
-11   2  -8  13
  4  23  12  10
-12  21  14 -18
-13  -6   9  24
  3  14 -15   9
-18  -2 -22 -24
-22   7 -17   5
 23 -17 -12 -20
-21  16 -19 -24
 -6  -8 -24  20
-18  10 -16 -22
 -7   6 -11  -7
-21   7 -11  14
 11 -22  12  14
 -9 -22 -12 -21
-19   5   6  -3
 -5 -13 -16  24
 20  -8 -15  23
 10  -9  16 -17
-21 -13   7 -10
-17  23  -3  19
 -9  -1  -5  10
 -9   1  -9 -13
-15   7  18 -23
-16  -4   4 -10
-19  19  24 -22
 -9   9   8 -17
 21 -17  -7  -6
  8 -18 -22 -10
 11  18  18   4
 -5  22  12  -3
 13 -16 -20  15
 -1  13  11  -1
-18  16 -23  15
 11  18  -2   4
-17  -1  22  -5
-13 -23  13  17
 21 -12 -18 -19
-15 -14  19 -11
-11 -21 -11  10
 12  24   1 -24
 -4 -19   0 -18
-12 -23 -12  14
  4  18  23   3
-19  10  22   3
-20 -24   0  -1
 -1 -10  17  -3
-19  -9   6 -15
-16  -9   4 -16
 22  19   2  13
 15  11  11  11
-18  24  20 -17
  7 -23  22 -16
-17 -13   4 -18
  9  -3 -10   5
  5  18   1 -21
 -5 -24  -7  12
-20 -13 -19  23
 17  15  -1  16
-19 -14  22  12
  3 -12  22  -6
-21  -8 -21 -23
-17  -1  12 -24
-19 -14  -1   8
  2   7   9  15
 19  18 -19   1
-20  10 -11  17
 24  19 -16   8
 22 -14  23  23
  5  16 -20   8
 20 -15  -1  23
  2  -1  10   1
 -3 -12  15 -15
-10   4   3  16
  2   3  -8 -15
  1 -12  18  -7
  8 -18  22 -11
 -1 -13   2  14
 -5   5 -19 -11
  2  12 -24 -21
 19  21  -5  22
-20  -5  15   8
 -4  21  19   4
-16  20  22  15
 14  -4   5  19
-12  -9   1 -19
 15 -21  10   9
 13 -24  10  11
 -2 -19 -12   3
  1  -5 -14 -18
-18  17  12 -13
  1 -22 -13 -20
  9   5   9   9
 22   9  14  18
 12 -19 -19  -5
 -6  16  -5  21
  2  -3 -14  -1
 12  15  -8 -10
 15  19  19  16
 15  17  24   3
  2 -16  15  24
 21  11  -9   4
-14  19   6 -11
 20  13   1  14
-20   4   7  15
-11   3 -18  -3
 21 -14 -21  -6
 12 -24  -1   8
 -9  14  23  13
 16  18   5  24
 19  -9 -18 -19
-24   2  24  -3
-13  13  -9   2
 13 -20   0  10
 14  -9   1  11
 -7  18   0  -3
-14   7   3 -11
-16  11   7 -16
 23   6  18  12
-19 -12   9   7
 13  10  17  17
 -6  -3 -19  18
  8 -21  -8 -14
-24 -19 -21  24
 18   2   5   8
-11  11   4 -23
 11  20 -17 -16
-10 -24   5   7
  1 -13 -12  -8
-22   5  24  15
  0  -6  18 -22
-11   5 -22 -10
 21 -13   2 -11
 -4   4  20 -18
 21   3   2  -8
  0   7 -24  16
  5   6 -19   0
 -3 -19   6  21
-23 -10   8  19
-19  10  -6 -24
 12  -3 -19 -21
 24  23 -17   7
 20  16 -17   2
  9  13  19 -12
-12  19 -15  19
-14  -9 -10  18
 -6   7  20 -24
  0  -7  -5  16
-20  14 -12   5
 21   6 -14  18
 -6 -18  13  -8
 19 -22 -14   8
  0  19  20   2
  7  23  13 -14
 24  22  19 -15
  3   6  19  24
  2   0  23  13
 -6 -16   9  21
 20  10  11   5
 -1 -20 -22  11
 20 -13 -20  11
  3  -1   3  22
 14  -4  19  19
 15 -11   7  19
 -2  -8  20  -4
 -8 -12  22 -14
  1  22 -10 -13
 -7   6 -23   8
 24  20 -17  10
 11  23  24 -17
-20   4   3  -1
-13  17 -21 -15
  1 -13  -3  -7
 -6  -6 -12 -13
 24   5   9  15
 -6  -6   6  -3
 23 -18 -10  -2
-17 -20   5  24
 19  -7 -22  -9
 10 -18 -21 -12
-20 -24  15 -23
  0 -23  -1  24
-11  13   9 -15
 -3 -14  23 -10
-14  -8  18  -9
 -9  -7   0  11
-10   6 -22   5
  9 -19   7 -11
 17   8  21   5
  6   2 -18  17
-18  24  16  -1
 -6  -4 -17  20
 -6   1   7  -3
-23 -23  13  -2
 17 -11   5  -7
-12 -11   9  24
-12   2  -6  18
-11  14  24 -16
  7 -10 -24 -17
  8 -23  -2 -22
 24  11 -11  21
 24  17 -18 -14
 19  20  -5  -6
  9 -23  10  -2
 13 -23  24 -22
  6 -23   0 -14
 18  10 -19 -11
-10  15   5 -22
  7  14  24  17
  6  -9  12 -15
 -9  -8  -5   4
-23  21  22   6
 -3  -5  10   0
 11  -1  20 -13
  3  -3 -13 -20
-20 -20  15 -20
 16   9  16 -24
-19  -3  -1  -5
  6   0  15  10
-14   5  19  -5
  7  22  -3 -24
-12  10  -4   6
 21   3   7 -12
 -2  -2  -8   2
 17  -9 -18 -10
-13 -20  18 -16
  0 -16  14 -10
-18 -19  -1  11
 -7  16   2 -15
  4  24   2  14
-23  10  -2   3
  5   2  -5  24
-17 -19  -8   5
  1  21 -18   8
-10 -24  -2  18
 13  14 -18  15
 20 -20 -12   7
  1   5  20   6
 -9  22 -16   2
 -5  -5 -15  -8
  9  16   2  24
 -4 -16  17   8
-11  -7   6  10
 24   5 -24  -6
-18   0  16   4
  5 -19   5 -20
 13 -11 -15  11
  7 -24 -13  -7
  0 -16  14 -14
 -4 -21 -23 -20
 -8  24  -4   9
 19   6  -3 -21
  8 -11   3  -1
-11  11  -9  21
 17 -11 -11   9
 18  15   0 -13
 -7   3  22  22
-11   8  -4 -18
-19  14  -3  23
 12 -22  16 -14
  2 -24  10 -13
 22   9  -4 -21
-15 -24  18  -4
 12  -1  -5 -17
 20 -10   9  23
 -2   4 -12 -15
  5 -24 -22  15
 12   4  18 -13
  0 -12  -3  18
 13  17  18  19
-12  -6 -20  -8
-19  -1  17 -21
-16 -12  -9 -18
 11  21  22   2
 -5 -18 -14  16
-11  17  17  10
-19  -6 -13  16
 -4 -23  11 -17
 -6 -19   2  22
 -5  19  -1  -2
 21  10  13  16
-14   6   3  -3
 14 -11 -14 -12
 16  14  17   1
 -5  24  13  15
  9 -17 -12 -24
-22  13   2   2
 20  -9  11  12
 13   7 -10  -1
  9  17  -5 -22
 16 -16   2  24
 19  17  11   4
-18 -15 -20  11
-15  -9  18 -21
 -7   9  17 -24
-14 -17  13   2
 21  19 -10  -6
 16  23 -12 -14
 14 -18 -23  23
 19 -15 -19  19
-21 -13  20  -5
 13  -8   9  -4
 19  24  -9  13
 -4  18  23  14
 18  18  20 -23
-19   2  -3 -20
 -7 -18  -8 -11
-11 -11   4 -21
 -7 -12  21   3
-22 -17  13  24
 19 -20 -23 -22
  6  19  10 -24
 20  15  21  -3
 19 -13  -5  20
 -6  17   6  -5
  9  20  -4 -14
-14  -2  16 -11
 12 -10  15 -16
  0  16  15  18
 -8  24   6  -2
-16  19 -20 -17
-20  -2 -17  14
 18  10   8  -8
  6   7   1  20
-21 -20 -10   0
  5  -2  21  16
 23  22  23   1
-22 -14  -6  24
 -4  17  -3   3
 -4   0  -1 -24
 10  17  20   6
 -5 -10  12  -9
  6  20  14  21
 17  -3 -14  10
  3  13  -4  19
 22  20  17  24
-13   8  -2  13
 16  -8  -2  23
 16 -15 -22  17
 18   5  -9  -6
 22   9   4 -10
 -4 -10 -17  14
-17  11  -4  23
-11 -23 -11  -6
 24 -11  10  24
 -8  15 -19  10
 16 -24  18   9
-20   7  10 -21
-16   8  10 -16
-21  12   9   0
 22  15  -4 -11
 -9 -16  16  24
 -8  23  14   3
-16 -20 -13 -20
 -4  14  17  -8
 17 -23   7   7
 15 -23   8 -23
 15 -12   1  -5
 18 -15  -2  -8
 15  24 -16   2