 12   9  -5  -6
-23 -23   2 -11
 17  -2   2  -1
 21  19   5  20
 -2   8 -14  22
 11 -18   0  -8
 -3 -10  16   6
-24 -23  -9 -14
 -9   4  19   1
 21   6   5  15
-16   4  -9   7
 -2  13   3 -18
 23   5 -15 -18
 13  12  14  16
 22   9 -15  -8
 17  -6  13 -16
 -5  16  23 -16
 24  16  16 -11
-10  13  -3 -21
  0  16 -10   6
 -2 -16  13  -5
 23  24   5  16
 18 -15 -20   5
 -1 -14 -18  13
 20  -7 -20 -21
-20  -7  -8 -16
-21   6 -24 -15
 24 -10  11  12
 -7  -5 -13   0
-14   3   2 -22
-10   1  21   9
  9  -6 -18 -16
 12 -12  17  -5
 17   3  18   3
-18  -5   0 -14
 21   3  11   4
  2 -15  22   8
  5   2 -23  13
  2 -24  -4  21
-19  -5  11  16
 15  10 -15   5
  0 -21 -20  23
  0  -1   7  18
-21  14  24  -7
 13 -17  -2  16
  4 -21   8  23
 -5 -10  15   8
-21 -23   5   1
 -6 -15  -5  16
  2  14  -6   3
-21   5  -5  -2
  9 -10  -2   4
 -8  -5 -10  -4
 11 -24   2  11
 21  -6  14  19
  1  11 -20   6
 -9   8 -18 -14
-11   1 -22  12
-23 -11 -17  10
  7  14  -6  21
 -8  24 -23   3
 17  10  21  -9
 17 -22  21  -9
 19  -9   1  23
-10  -8  -8   9
-10 -20  22  -3
  1  -6  -9  21
 16 -20  -2   6
  6  13   7  16
 13 -17 -13  -7
 11   5  20  11
-21 -14  -5 -14
-20  -1  22 -11
-17   0 -21  18
 18  17  12  -5
 10   1   4 -15
-21  -6 -13  24
 -1 -10   8 -23
 -6 -19 -20  22
-10   9  14 -22
 14  20   0 -13
-12  -1   6 -11
-14  17 -15 -18
  1 -16   5  -3
-11   6  -4   5
-12   4   6 -24
 13  -2 -15  16
-14  -9  -9 -16
-22 -15 -14  -9
 11  12 -19  13
 19   0  13  -4
 -2   3  18  -1
-11 -21  16  10
 -9  23   9 -23
  6  19  -9 -18
-23   1  11  22
-24 -18 -19  -3
 18   2   6 -20
 24  -4  17  -5
-16 -16  -8   5
 20 -24   7  10
 12  -5 -24  23
 18 -23  17   8
  6  -8   4   9
 17  -5 -11  -4
 -1 -18 -19  19
 20 -12 -12  19
 16  13  15  -7
 -3  23  18  -7
  8  20  -6 -20
  5   4   9  22
 12  -8   2  18
-11 -23 -16   3
 11  20  21  23
 -2 -14   5 -19
 11  -8   4   9
 16  18  21  20
 21 -22 -10 -19
-16  -7 -19 -11
 -7 -15  19  -1
  5  15   1  20
-24 -24   2 -20
 16  23  23  10
  8 -21   6 -18
 22 -23  -8  21
-20  13 -21  11
 21  12  18  19
-24  17  -7   5
-14  16  17  14
 23   0  18  18
-16  -6 -19   4
-10 -23   4 -12
  9  -6  24   8
  2 -13 -14  24
-16 -16 -15  -5
 20  -4   6 -18
 20  11 -14 -13
 -2  17  22  20
 19  14   2  22
-16 -15   8   0
-20 -22 -11   0
-24  23   8 -23
-11  16  16 -18
 13  12  16  12
 -1 -22   4  -4
-24 -17  18   6
  5  -6 -13 -11
 19  22   1  14
 -8 -20  17  13
 18 -18  -8  21
  4  11 -16  24
-16  -4   1  20
  8   3   9  11
 11  14 -14   0
-13  -2  20   6
  6  -7  18  15
 -9  10   9  -4
-17  17  11  -8
 -6   9 -21 -12
  3  21 -16  -8
 20 -19 -13 -23
  6 -16  -3 -22
 -5   4 -24  17
 -1  11  13  12
 -7 -16 -15 -10
 15  24  16  17
  4 -22  18   1
-17 -20  17   6
-11  12  20  -2
 21  22  -7  -7
-22  14 -10  -5
 10  -7 -18  -6
 17   5   7 -12
 21   3 -21  10
 -4 -21  -4   5
-20  24  14 -21
 -4   2 -11  -6
-23 -16  -1  -9
 21  -7  19 -21
  2  -9 -14  23
 20 -18  -2   1
 14 -18  22  -8
 18  10  -6   9
 15   0  14  15
 12  -5   8   4
-16  -2 -16  -6
-24   4  22   9
  8  18   5   1
 -7  17   7  -3
 16  -5 -15  22
 20 -16  15  -9
 11  -6 -13  12
 21  -3  -3 -19
 -7   7  15 -20
 15 -12 -21 -11
-12  -1 -17   0
-24  18 -13  15
-21  18  23  -2
 10 -24  21 -16
 17 -13  -2   9
 -9 -10 -17   7
 20 -11 -22  -9
-10 -17 -11   2
  9 -19   9  -5
-22  -2 -21   6
-20  24 -17 -24
  2 -19  15 -17
 -3  -1  -3 -17
-17   3  13 -20
 19  -2   3 -10
-22   2  12 -19
-23 -18  -3 -24
  7  24  10 -22
 -4  14   2 -13
 -4  -6  -1   1
 -8   3  -2  20
-24  21  10 -22
 12  -4  18  16
  4 -15  -4  24
 13  16  22  14
 24  -1 -16 -12
 15 -22  -7 -19
 -3  11  20 -23
 23 -14  -9  18
-24  23  -4   6
 22   1  23 -14
  7  17  19  12
 20  24  -5 -14
 22   1  -9 -20
 16   6  11 -21
 13  20 -14 -10
 -1  13  20 -22
 19  -4  -8  23
-23  23  18  20
-15  21  13  -3
-20  10 -11  10
-15   9   6  -9
 -7  -1   6  -1
-13  12  10  -6
-11   8 -13  23
-24 -17 -14  -5
 22  21  -7   8
  4 -22 -10  -7
 20  -1  -8  -5
 12 -10  10  -6
-11 -21  21  -8
 12   4   2  -7
 -4  15  20  -1
 -2  13  13  10
-20  16  13 -10
-11   3  21  21
 24 -12   7  -6
  4  14   9  16
 16  10 -16   5
-24  20  11  -1
  2 -15   0   9
-16 -17   7   7
 -8  -7  12  24
-21  -9 -19   4
 -2 -24  17  20
-19  16 -12 -10
 -3  24  17 -22
 13  -1  12  19
  3  -5   0 -14
  3  22   3  -9
  8 -10  14  16
 21 -24  -3  12
-12  16  20  -9
 -7  24  20  12
  8   4   3 -10
 16  -3   6 -19
 -8 -10 -19  17
 10 -21  19 -18
 24  20  -2 -24
 10  -4  18  13
-17  15  13 -15
-15   8  -6  -3
 14  -6  11  -1
-15  -1 -15  16
 20  -2 -24  21
-18  -2   3  -4
 24  -4   3  -3
-17 -12 -13 -12
-24 -20  21   7
-16   6 -19 -12
  6  21 -22  -9
 18 -18 -24   3
-11  12  -2 -13
-11 -12  -9  -3
-18 -11   9  15
 20 -16  -7  10
 18 -12  15  24
  7 -24 -13  -4
 20 -10 -10  15
 21 -13  21  12
 -2   3 -22   7
-22 -13   3  -1
 19   5 -20  14
 15   0 -12 -20
-15   2 -21   6
 -1   2  16 -11
-22  17  17   5
  4  -5   6 -18
 14  10  23   1
 16 -20 -16  20
 13   5 -19 -22
 20 -15   0  11
-18  22   5  -4
 -7 -18  -3  20
 16 -15  10  16
 -8  10 -13  23
 -3  23  -9  14
 20 -16  23   3
-17 -20  -3 -11
 -5  -6 -19  22
 23 -13   7   6
 -9   7  -7 -18
  4  18  24  13
-22 -18  18 -17
 -9 -10  -9   4
 24 -10 -15 -19
  7  11   8 -20
 20  -7 -17 -16
  9 -11   0  -2
 22 -14  17  23
 -7 -11 -17   3
  3  24 -18  -9
-22 -10  16  23
  5  13 -20  17
  4 -20  23  23
-17   0 -21   2
  5  10 -11 -22
-19 -23  -1  14
-18  23   3 -17
  8  12   7  19
 -6   8   4 -23
 13  10   0 -24
 -2 -15 -12  21
-12  13 -21  13
 -3 -17  -6  -3
  1   3  21  24
  1  24 -21  10
-14  15  -3 -18
 13  19   4  11
 12  18 -16  19
 15 -17  -4 -15
-23   9  21 -13
 -3  -7  12  23
 18  20 -19 -18
-16 -16   1  -5
 -9  -6  13  -2
 12 -13 -10  23
  1  -6  -7   0
  3  -3   9  18
 -8  -6  19 -19
 12   5  11   6
 -4 -10 -10  -7
 14  -6 -10  12
-21  -1 -23   0
 24   0   2  11
-21  -9  16  16
  7  -4 -23  24
-11 -24 -16 -19
 22 -15   7  14
 12  -1  16  -3
-19   4 -20   3
  2   9  -2  24
  5  -7  -6  -2
  4  -4 -20 -23
-20 -19  -4  -8
 16 -12   2  10
 -1  -6 -20   5
 -5   2  -9 -12
 11  24  -6  20
  8 -14  -3 -17
 14   2  -3 -13
 17  -1  23   7
 -1   2  24 -12
 18  23  20 -11
-23 -16  23   8
 13  -6  22  17
 11   9 -22   7
 16  18  19  -7
 16   9  15 -13
 21   2   4  20
-14  21   6   6
 15   5  -6  13
-12   7 -24 -18
 20  10  22  20
 21 -23  -3 -12
 -4 -21 -20  -4
-22  20 -20  -3
 -7  19  -9 -19
 13  10  11 -19
 -9  20  22 -14
-18 -19 -23  18
  8  22   3 -12
 14   9  20  -6
  5  -3   7 -14
-12 -13 -10 -20
 12  16  -2  13
  4  -3 -14  -6
-19 -11  -5  12
-10 -10  23 -19
 23   2   3  16
 -2   6  -5  16
 14  10 -19  18
  1  10 -12  16
-14  -7  24   7
  0  24 -14   4
 15  -2  15  24
-20 -15 -16  -8
  9 -16 -18 -18
  8  23 -16   6
-15 -19  17 -20
  5 -15  -4   6
  0  -6  16 -12
 19 -18 -13  -9
-22   4  11  13
 -7  -3 -20   3
 11   0   6  17
 -5  19  -1  -8
  9   1  -9   9
 21   2   3 -21
  6 -11   1  -3
 10  21 -11 -16
 -5 -22  23 -14
-17  -8 -14   1
 22 -23  22  -6
 20  13   2  13
 24 -11  -2  18
 18 -14 -16  12
 -7 -13  -5   5
-18  -3  -3  23
 -9  -5  18  -5
 13 -21 -16  -8
 -1  12  -2   7
 14 -21  10 -10
-13 -18 -13 -16
 -7  18   1 -24
-19   4  -2  11
 10   3 -19 -20
 10  17  10  13
-21  21  -6   0
-20 -10   7 -13
 -3  13  -3  23
-15 -22   1   6
-21 -19  -5 -19
 -5 -24  19  21
 14   4  22   4
 -7 -22  10 -12
  5 -19 -16  -5
-24 -15  13   8
 16  17   3 -20
  1 -22 -23  -8
  6   6  19 -14
-23 -13   4  -6
  2   6 -16  -7
-17  10 -21  10
  3  24 -16  -6
-16 -20 -20 -16
-17 -13  -7 -15
 -7  18  19   6
  5  -8  20  14
 -1  21 -21  13
 18  -9   3   1
 -8  18 -13  -6
-21 -18   5  23
-16   3   2   4
-16  10 -12  24
 -4   1  19   5
-20 -23 -17 -12
 -5 -17   1  -7
 -1  19  -8  11
  8 -17   4  23
-10   4 -20 -23
  4   4  -5  13
-11 -15  -7  20
 22   7  14  19
 11   0 -13  20
-13  15 -16  10
  7   9  -7 -10
 12 -21  15  10
-15 -17   0  21
 -8  17   6  -6
 17 -22  -8 -16
  6 -10   5 -13
 18 -15   3 -16
 24  -3  -6  -2
 15   6  11 -19
-17  15  -7 -18
  6  -6   1  -9
 16   4   5  20
 -6 -14 -11  12
-21   0  -4  -1
-19  14  16  23
 -2  21 -12 -23
-13 -15   2 -22
  7 -11 -12   6
  0 -23 -23   7
 21  17  11  18
-16  -7  13 -16
  7   5 -15  -6
-20  15  -8  12
 23   9   0  -6
-19   3  -9   5
-17 -21  17   1
-17 -21 -22   0
  8  15 -10  -8
 -2  11 -17 -11
  4 -20 -16 -15
-14   0  -2 -23