  9  -9 -20  22
 16   8   5 -10
-16  -8  23  24
  9  18 -11  15
  2  14 -24 -24
 24  -5 -23  20
 -5  12   5  17
 23  21 -23 -20
 13   9   6 -10
  1  -5 -21   8
  5 -17   8  18
-15  21  16 -20
 11 -13 -22 -24
-16 -20  18 -24
 18  -8   9  12
 22   4  20  -1
 19 -21 -16  15
-17 -23 -10  -1
 -3 -23 -12 -18
-23   6   2 -24
 19 -13  16 -23
-21  11   9 -12
  3   4   1 -23
  3   4  20  -4
 16   0  12  24
 16 -18  19 -12
-12   9 -15  -9
-18 -10 -11 -21
  2 -23  18  16
 10 -19  17  23
 18  -8 -10   2
-10  12 -11 -22
 -4  -1   5   8
  5  13  -6 -10
 14 -20  10   8
 20  -8 -23  14
 24 -10  -2 -22
 11  16  -2  22
-21  23 -22  22
 15   9   8  17
 -5   9  10  14
-14   4  18  -4
-10  -2   1  16
 -5   6  16   1
 -3 -12  23 -21
-24 -14 -14   3
  6 -15  -7   7
-15   4  24  14
 17 -15  21 -17
  4  11  12 -17
 -9  23   1   1
 -7   4 -14  18
-19 -24  14  20
-13 -23  23 -17
  0 -23  11   0
-13   0  20 -21
-19  -1  -8  -2
 -7   4  -2 -24
 -3   3 -18  13
  3  16 -18  20
 11   9  13 -24
  0  22   2 -19
  3  19 -18  24
-15  -4  -4   3
-15 -23  -4   0
 19   2  -3 -12
 20 -11  19  15
  6 -22  16  14
-11 -14  -5   4
  8  10 -16 -24
 -6   4  12 -10
 24  -5  22  16
-12   3 -24  24
 17 -10  14  -9
 -9  -8  21   9
 21   9 -14 -21
 -8  16   3  -2
 10   9  22  24
 -1  19 -15 -18
-11  18  -2  18
-20  10   7 -14
 21   7  -4  -7
 -9  24 -11 -19
 20  10 -24 -18
-22 -17  17  11
 -3   8 -16  22
 22  -4 -21 -10
 21  -7  -9  11
  5  10   0   0
-21  -3   5  -7
-18   0  20  19
 13 -14  -6 -19
  4   8   8  -9
-21 -18   5 -14
-11 -22  21  17
-16  -1 -22 -12
 15  15   7  14
 12  17 -17 -13
 -9  10  14  19
  5  -8 -22  12
  3   2  10  10
 14 -20  10 -20
 -9  -9  -1   9
 21  -6 -20  13
-13 -17  22  -3
 -7 -22 -24 -15
 -3  15   2   3
-19   8  14 -18
-23  10 -10  23
 14  24  20 -13
 -5  -5  23   5
 18  18  23  -9
  7 -12   4  21
  2  18  11  -6
-11 -17  22  12
-14  24  -3 -18
 10  16 -20  17
-11   4 -11  23
-10   2  18   4
-22  23  19 -22
 16   5   6   3
 -2 -19  19 -11
 -9 -20 -24 -11
 20  22  23   3
-16 -17   5 -12
 13  15 -15   2
 24  -8   6  18
 21 -19  11  18
-21 -19  16  -5
  4  17   1  -2
-12  -4  -5  -8
-13  -7 -18 -14
 -5  17  23 -10
 -7 -18   1  -1
-11   0 -14  -2
-19   3  -6  -6
  3  18   9 -10
 20 -22  11  24
  1 -16   3  23
-20 -12  -1 -21
-15 -11   2  -8
 20 -19 -15   7
 -2   5  -3   8
-14   5  -2   9
 15  13 -14  -4
-24  -8   4  21
 14 -13  24 -13
 -2   1   4 -21
 -2  23  -8 -21
 21   5   2  18
 14  22 -22  -8
-23  13 -22  -6
-24 -20   0 -11
 10 -12  -4 -20
 -9   5 -21  11
 -4   6 -23   8
  7   8   4   6
  0 -16 -16  18
 13 -15 -15 -17
 20  24 -24 -18
-20   1  13  11
-11 -24  20  15
 12  11   9  -4
 -2 -12 -17   8
 -8  -5   1 -13
  5 -22 -19 -11
 -6  24  -5   9
-17  24   9  -4
-19  23  18   5
  9 -14   0  -5
  2 -24 -23 -15
-12  19  10 -18
-17   0   9 -12
 -8  -6 -15   0
  9   0  15 -20
  8  23 -20 -20
  8  -2 -10 -10
-18  21 -10 -18
-20   0  10  22
 -4 -13 -23 -11
 13  -2  18  -8
  4 -24  19 -21
 20   8  -8 -11
 12 -19  14  23
-12  -2  24   4
-19  16  -2  24
 -9  23 -10  -6
-10  14  -3  18
-24  13  10   3
 21  13 -13  -5
 -4 -12 -21   8
  0  -5 -11   5
  1  -2 -17  13
-15  -3   6  -8
  4   8  -9   2
 13  11 -20  -8
  5  20   7  -5
  1   6  -1 -18
-19   4   9   1
  4  10  19 -12
 24  -3 -16  -5
 -1  -3 -15  11
 -7   6   6 -20
-21   4  12  20
-19  -4  15  19
 21 -17  16 -11
-12   5  -9  -9
 24  14 -21  22
 11  10  10 -16
 16  21  16 -16
 22  -3  15 -24
-14  16  17  18
 18 -13 -16 -14
 15  -6  -4  18
  8  -8   8 -21
 19  23  13  14
 19   0  17  -2
 13 -23  -2 -24
 20  11  -1 -13
 23  -3  -7  17
  5   9  15   4
  7  -5 -10 -24
 14 -19  -2 -21
  4  14  16  -9
 -2  21  19  17
 10  -5  11 -11
  4 -15  11 -19
-16  14 -12 -20
  6 -21 -11  -2
-13   2 -17 -10
-13 -12 -10 -11
 -5  17   6 -15
  7 -14 -14 -20
 11  24  16  11
 -8  -7  20   5
 -6   6   7 -20
 19  -6  24  -7
-11   6   0 -18
 -6   3   4  -5
 -3   6 -12   2
-16   5  11  24
 -1  23 -19 -17
  2  24  11  22
-16  22 -12  11
 17 -21   1  17
 -3 -11  16  20
 12   2  17  23
 -2  24   6   2
  4  -9 -18  -4
  6  13  -9 -23
-22  21   2  -9
 18  19   2 -15
-14 -12   2  23
 -8  12  21 -13
 10  24  -8 -10
 17 -12   4   1
 20 -10   6 -16
  6 -15 -14  24
  7 -21  13 -19
 17  21   3  10
 10   8 -20  -5
  6   0 -17  -5
 24  -7   0 -21
 13  -9  -8   8
 22 -23 -14  11
 23  23   5 -20
-10   9 -18 -14
-14  22  15  -1
  4 -17  20   0
  0  10 -20   8
 11  -5 -10   0
-19 -16   5 -19
 11 -15  22 -24
 14 -18  24  21
 12 -14   2 -14
 -6   3  15 -20
-18  23  21   9
 24  -9 -13 -16
 19  -8  13  11
-16   0  14  14
 18   4  10  15
  0 -21  18  11
  8  23 -17   0
-24  -1  20   6
 24  16   5 -24
 10   1  13  15
  2   2   0  -2
 19 -21 -22  -9
  7   4 -11  13
 -6   4  16  11
 -4  -1  23  -2
-17   2   2 -20
 10 -10  -7   9
-18 -13  12 -13
-18  -4  17   1
 15  -3 -18  21
-20 -23   4 -18
 -3  -9 -20  13
 -1  13  10   9
 14 -17 -13  -1
 10  -9  -3  10
-16 -23   7 -17
-24   8   8  21
-11 -12  -8   8
 21  14  12 -17
 -1   8 -15 -23
 15 -24 -20   3
 19  12  -8 -12
 18   0  24   1
 -6 -12   1  15
-19 -17  10  -9
 17  -8   9  21
  9 -12  12  24
  9 -22 -24  20
  4 -10  20 -18
 16 -16 -12 -11
-17   7  15   0
 14   7  21   9
 -3  21 -18  -1
 20 -12  22 -17
 -8  22  -4 -19
 -4 -11   0 -12
-13  -4   8 -16
 16  -4 -20  20
 -9   5  -3  18
-13 -18 -20   2
 10   8  15   9
 23  12   4 -11
 -4   6  -5  14
 -2  -2 -10  -7
-13 -23   3 -14
  7  15   2  -3
-23   7   9 -14
 21  -2  -6  -7
-24 -17   9  -2
 -9   2  11  14
-21 -16 -10  -1
-16   0 -11  22
  1  -5 -23 -21
 23 -22  21  24
 -6 -24   9  18
 10  -6  18  -9
-24  15  20 -15
 24 -18   8  12
  2 -21   3 -10
  0  -9 -14  20
 -4  13 -14   0
 -6   8 -14  22
 22  12   5   6
 22  16  -9  -6
 10  19 -21   6
  2  12   4   8
-24  12   7 -18
-19 -19 -21 -10
-17  13  24   5
 18 -10  20   8
-10  19   5  22
-15 -20  13  23
 -1 -22 -10   7
 -5   8 -19   2
 18  -5  10  18
 18  -2  -3  16
  2   3  23 -20
-21 -15  12   2
  2 -15   3   8
-17   6  23   7
-20 -18 -17  10
 11 -11   4  18
  2   3   4 -20
 -6  17   4 -16
 17  22 -24 -10
 13   2  -8   6
-20 -11 -11  11
 10 -13 -19 -21
-14  -3  -3  17
  0 -10 -16  14
-10   9 -12  21
 23   8   1 -13
-20 -21   7   8
 -5  -3 -23  -3
-20 -11  23  10
 24 -18   0  14
-23  -7 -14  -3
-19 -14 -13   1
 15  11  14 -17
 -6 -13   7  13
-17 -19  14  14
  3   7 -23  24
 16 -14   2  24
  7   5   9  -3
 21 -19 -13  21
-16  -1 -12  17
 -8 -16 -23  17
-24  18  -7 -16
 -9  -4   1 -11
-19  13  -3 -10
 19  16  17  -4
  1   8   1  11
 13  -8  17 -22
 16  -6  16   4
 -8  20  12 -10
 -7  -2  -2   7
 13   0 -16  10
-14  10 -24   3
-24  21 -10 -12
 21 -10  24  23
  8 -10  22   6
  1  17  15  19
 17  16  19   4
  0  -7  19  -1
-17  10   4  16
 -2   8  -8  14
 23 -12  24   6
  7 -13  20  23
 -2  22 -13 -24
  5  19  -4  -5
-19   3  -9 -23
 -8 -11  20  19
 12  -5 -23   5
 20 -18 -22  22
 23  -1   4  13
-21 -22  14 -15
 22  23 -23  24
  2   1  24 -24
 -6   3 -20 -18
 13  13  -2  -4
-14 -24   9 -18
 -3  12  -9  16
 13   7   2  19
 21 -19  -1  14
  2  14   3 -11
 14   6 -18   0
-20  -4  20  22
 -8  20 -14 -16
  0 -21 -17  16
  0  -2  -7  -6
 10 -13  17  10
 20 -12 -17   7
 -3   0   9  24
  5  18  -4  10
-23 -23  15   5
  9  15  -9  18
 22  14   6  24
 10  19 -23   0
 18  -3 -21  10
-19  11   3   0
  2  -6  10  12
 -1 -22  24  -4
 11 -23  14  18
 19 -18  16  16
-13 -18   4 -24
 15   6  -2 -18
 20 -23   0   9
 -9  -8  -5   8
 20   4   9  -6
 17 -24 -21  -5
 -2  -1  18  20
 -4 -17  24 -12
 -5 -11 -21 -13
 11  22  16  22
 18  -6  17  17
  6  17 -19 -20
-17  10  19   1
  3   6  20  -8
  0  21  -1  -7
-18  -2  15   8
 -9  11 -22  12
-15   1   2  -8
-23 -15  14   3
 -7 -20  -4  -7
 12 -22 -18   0
 18 -15   9  22
 15 -18  16  16
  0 -18 -23 -17
 23  17  -9  15
-22  -4   0   5
 16   0 -12   3
 -2  -6   2   1
 24   7  13 -22
  0 -15 -12  23
  4  21  -7  -8
 10   4 -15 -16
  4  14 -15  -5
 -1 -11 -12  19
-21 -11 -19   6
 -2   1  20  -1
  8  20  23 -18
  8  -8  -4  20
-16  -5  22  -7
 22  -1 -11 -12
 21   1  12 -17
 -7   7   2  18
 -2  -5   6  -3
-14  19  14  -3
 10  -7  23   2
 -9   3 -24  -8
-19  12 -20  13
 -2  24 -19  14
 12   4  21  14
 -3  -4  14  24
-16  -2  16  15
  3  13   6  -1
 13 -20  10 -19
-21   2 -22  -3
  4  -2 -10  -1
-19  23  -2  18
 -9 -22 -19  -5
 -6 -21  20 -20
-24 -17 -13  20
  4  22  19  16
  8  17  -9   2
-23 -16 -15 -23