-24  22  24  19
 -9 -16   1   0
-24  16 -23  -9
 22  11  -2  -7
 -7  -8  16  23
 14  16 -12 -17
 -5  -9 -13  -7
 16 -19  -2  12
  2  24  13  19
-22  -4  -2   9
  7 -15  -8  -5
 22   6  10  23
-18 -18   7 -11
-22  -7 -14  16
-15 -10  -5  -9
 23 -20  -3  16
  9 -22  17   1
 12 -21 -10 -16
-18  13   5 -11
 24  12   2  24
 18   5  20   1
 24 -18  15  13
 18 -13 -24  23
 -9 -22   5  -2
  1 -21 -15   0
 -9 -17 -22 -13
  7  -9  19 -20
 13  -2  11 -15
  9  -9  -3  19
-19   6  18   9
 22  21  11  11
-11  17   0 -11
  8  19  10 -15
 -1 -18  -6  10
  3  -5 -15 -17
 -9  -2 -18 -14
 10  -4 -11  -5
 18 -22 -12  23
 21  -9   1 -11
  8 -22 -20  -2
 -6  -7  22   7
 -2   6 -12 -23
  6   3 -19 -23
 -2   2  10  16
-11  23 -10 -16
 -7   7   2 -20
-10  -8 -12  15
  6 -10  -2   4
-18  -2 -20  -5
 -3  -2 -12  -4
 22   2  14 -20
-20  13 -10  -5
 11  -8  16  -6
 15 -17   9   6
  5  19 -23  18
 24 -10  18  -8
-22  18  20   7
 -6 -13  13  -4
 17  21  24   7
-23  -6 -12   8
-14 -14 -16  -8
 11  -9  -3 -24
-23 -13 -12 -15
 11  18 -23  -4
 11   0 -24   5
-12   5  22  20
 -3  21  17  -5
-13 -20   0   5
  8   6  16  14
  2  -9 -23 -14
 18  10  19 -10
 14   2  24  19
-23  11 -15 -24
-11  22  -6 -14
 -1   8 -21 -18
 -5  -6  -7 -23
-22  11  -3  -7
 -6  -3  -5  14
 -9   2 -17  -2
-11 -20  19  19
 -2 -16 -23  -6
 15 -18  -2  20
 17  22  -1  11
  1   8   6 -20
  0  22 -20  -4
  3 -15 -12 -22
  4   6   6 -13
 13  10 -12  10
 17  10  -9  -5
 15  22  -3   6
 20  23   4 -23
 24  -7   8 -22
 22  23   3  -4
 17  -2  -6  -1
-20  17  -5 -15
  6  -6   2   6
 -1  -1  -7 -24
-13  20  22  16
  3  15 -17  23
 -3  12 -11  12
  6  22  13   3
  8   4  23  -2
  7   7  -3  -1
 -6  18  16 -24
-14  21   6  18
-12   1 -20   6
  4  16  -7   7
 -4 -11 -22  13
 16  -6  -9   9
-22  -3 -19  -4
 -3 -16  10 -24
 21  -9  -6   8
-18  12  17  24
 13  -7 -17  -1
-24  -8  19   3
-22  10   9  16
 19 -21 -24   0
 11  21 -16 -22
 -5   6  -6  -4
 24  -1  24  -6
 24   8  13 -17
-11  -4  -2 -10
-13   7  14  13
 -9  -9  -9 -15
 13 -16  15  20
 -7 -15  17  -1
 -8 -20  -8  -2
 14  -2  -4 -24
 10 -12   0  22
 14  21   0 -13
 17   7  20  18
 20  -6   3   2
 -1   1  20   3
  7  22  10  24
 14  19  23  14
-15 -16  -4  16
-15  -4   5  20
 -6  -5   3  14
-20  17   8  13
 14 -22  19  13
-13 -22   9  15
-14  15 -14  17
  9   1  -8 -22
 14   9   2  -9
-11  -8 -24  15
  2 -13  11 -24
-23  20  -3  19
 12  13  24  -6
  0   9 -19 -19
  4  24   0   4
 17  -9  20 -20
-19 -23  19  11
  3   5  -4  -6
-13   7   8  11
 18  -5  11  -9
-24  20 -15 -11
 -1  12  11  -9
 -1  18  20  22
 -3  18   9   2
  6  17 -19   7
  6  15  -4  -1
 11 -17 -21 -17
 20  23 -17   2
-13   4 -13   1
-18   7 -21 -19
 20  21 -15 -12
-19  17 -15  -5
-21   0   6  -8
-23  10 -20 -11
 23  -1 -20  22
 15  13   1 -16
 15  -4  -6 -10
 17   5   9   3
  2 -10   8 -22
 -6  21  11 -19
 -4   4  18  10
 14  15   9  -2
-22 -23 -10 -24
  5  23 -12  -5
  9  11  10 -14
 24  10 -23 -23
-22  -1  22  18
 18 -19   6  -3
  0  -9  16 -21
  5 -19   3   8
-24  15   1  18
-22  14 -17 -24
  6   5   8  -6
-23 -23 -20 -22
 -5   3 -10  -1
 -4   7 -10  -5
  3  -3  -8  13
 10   2  -5  -5
-23  17 -14   0
-12   8  23   3
  0  23  22  -8
 17  -1  11  -4
 24 -13  -8 -12
 23  24  21 -24
-18 -11  -8  10
  0  20 -21 -12
 19  -3   6 -15
-23 -19  -4   3
 21 -24 -11  -2
-17   9 -17 -17
 12 -19  11  15
 23  -6  17 -21
 23 -12 -23 -23
 -7  24   1 -19
 -9   1  15   5
 23  16 -13   1
 10   9  21 -18
-22  13 -16  18
-22  -1  19  -8
 -6  23  24 -13
  1  12   5   6
-16  24 -12  12
-19 -20   1  24
  1  -6   8   4
 12   6  21 -15
 15  22 -14   3
 -2  17  19 -16
  0   8   0  -5
-15  21   2  -4
  0   3   1  24
  1 -21   3  12
 24  -3  20 -16
 19  12   7  -8
  1  12   7  19
  9  23 -11   0
 10   2   5  19
  2  -4  14 -10
-10   1   1   0
-13  20 -23  -6
  2 -13  19 -18
 20 -12 -19  -4
-15 -13  17 -18
  4  23 -17  13
-10  15 -23  -6
-14   1  14 -16
-19  11 -11  23
 -5 -13   6   1
  4  14   6  -6
-23  20 -20  -1
 -6  -7  -4 -23
 11   1 -21 -19
 20 -13  -1  -4
 15 -24  18 -20
-24  23  22  17
-19  22  21 -10
 -1 -15  13  -7
  0  13 -15  18
 -7   7  20   1
 13  23  -8 -19
  2   9  15  -7
  2 -23 -20  23
-17 -10   0   7
 15  -4   8 -11
-11 -15  -8  -1
 22  -1  15  -9
-20 -13  22  -2
 16  21  21  -8
 22 -13  17  17
 -7  11  16   1
 -6 -14  18   5
 15  -5  -2 -15
 18 -21 -22  19
  4   9   3 -17
 -8  -1 -16  -3
 18   1   2 -12
-10  -3 -20 -12
 11   5  -2  12
 -3 -13  -5 -14
-24  24 -20  -5
-16  -7  19  -7
 22  12  -7  22
 12  13  15  20
 16  16   4   4
 21  20 -16  19
-14 -18   7  -2
  1  -4   7  22
 10 -11  21 -20
-21 -15  11  15
-20  16  24  -1
 -9  -7 -11  18
 24   2 -24  -6
  2 -10  -2   8
-12  17  17 -20
 -5  23   0   1
  8  -7  24 -16
-10 -16  24 -11
  8  21  12  -2
-23  14  20  11
 23 -16   4   2
 16  16   2  -8
-15  -4 -15  17
 -3   0  19  18
 -2 -23 -13   4
  8 -21 -24  10
  4  14 -11 -11
 22  -2  10 -17
  2  -3  19 -13
  8   1  11   2
 23  21  23 -13
 12  11  -4 -20
-16  19 -20  22
 -2  -9 -18   2
 -2  -2 -14  -9
 11 -10  23  -5
-12 -24   4 -17
 -3  -3  19   5
 -6  14 -17 -19
 -1  21  12  19
  8  23  24 -22
-20  -4   2  12
 21   1  12 -21
 -5  10  12 -10
-13  13   1   1
 11 -15  13   6
 10   8  19 -15
  4  -4 -18  17
 14   0   3 -21
-13  11   9 -16
 -9 -23 -13  17
-24  -3 -11   7
 -6  14  19  12
 -2 -22   7  15
-17 -16   7  -9
 24 -18 -22  22
  3  -1 -12   8
-17 -10 -10  12
 -6 -18  18   0
-13   9  13   5
 -9   5  -2 -14
 -7   1   7  -3
 17  -6  23   3
-18   3   5 -14
 -2  12  21  21
 13  -9  -4  -1
-12  -1   2  -6
 16 -13   4   2
-23  18 -13 -24
-20  23   8   2
  8   8  -9   2
 17 -10  11 -11
 -3  14 -21  -5
-23   6   0 -20
 22   6   6  21
 18   9  20  17
 14 -16 -18 -22
-17  -1   4  -2
 20  -8 -19 -14
-18  -5  24 -20
-12  -8  -1  -7
 13   2 -17   5
  3 -10 -18 -18
 11  10  -8   7
 -9  -2  19  24
 14   8 -11 -14
 20  17  19 -23
-12  19 -20  22
 24  13   7  21
 16 -11 -16   8
-20   7 -18 -17
 -1  -2   3   7
-18  -8 -11  11
 11 -20 -15  -9
-20  24   9  12
 -2  17  24  -2
  6   7 -22  11
 12  -7   7   2
-10  -4 -23 -19
  5  -6  -4  13
 10  -5   4 -23
 21 -14 -12  14
-20   4  20 -13
 18 -21  14   6
-16  -3   2   7
  7  17 -19 -20
 12  13  -5  21
 11  13  -4 -16
 -8 -21 -20  -7
 -2 -23 -12 -17
  9 -17  -6   2
 -3  -8  -5 -18
 20  12  16   2
 -7 -11  -4  -8
 -5  -5   8   5
-17  22  18  20
 24  20   5  11
-10  -5 -22  -1
 23 -13  -9  12
-23 -24   2  22
-14   4  19  12
 17  20 -20  24
 14  -6  21 -11
-19  -3  14 -23
  5  -8 -18  -2
-20 -22 -21 -17
 -5 -18 -23   3
-22  21   0  -7
 -3  17   8  13
-10 -21 -19  13
 -3  -1  -9   7
  0 -21 -14 -21
  5 -13  -6 -14
 20  14  14  19
-13 -23  -6 -11
 15  -2  19 -11
 16  -1  16   4
  5   5 -15  15
-24 -17  18  12
-24  -7 -20   0
 18  -3 -11  11
-24  -7 -16  20
 11   8 -23  10
-13   0   6  15
 -5  12  16   5
-21 -14  -5 -16
  2  17  10  -4
-19  11   4 -20
-10   5   1  16
 -3 -19   7  -6
-22  -3   9  18
 12  -7  24  -9
 23   1   8   3
 15   0 -15 -11
 16   2   2 -13
  5 -20 -11 -11
 18   0  -1  20
  4  12 -22  20
-21   3 -18  23
  8  24  -1   1
  7  21  20  21
  3 -15  22 -13
 24  16 -19 -15
  1 -17  -3  -1
 -4  -9  -6 -22
 -7   5  -2   3
  4 -12 -24  21
-16   8 -16 -18
 12 -15 -22 -21
 13  20 -14  21
-12   3 -11 -13
-24  -5  16  21
 15   2  -8  11
-21   3  -5  24
-23 -19 -11  -9
 24 -19 -24 -19
 -5  -4 -16 -17
  3 -16   9  16
 13   6 -12  21
-19 -22  10  20
-15   5  12 -11
 15  14   1 -14
 -1 -16  -3   0
  0  -2  13   0
  3 -13  19 -14
 -5 -10   1 -19
  7  20  -8  -6
 -5 -20  22   1
-12  21 -16 -15
 -1 -15  -6  -8
 13  16 -10  -6
-12 -16  12 -18
 22   1 -12 -18
 -2   0  -2  -6
 12  16  24  21
  0  22  -2 -19
  0  11  -5  10
 16  22  -1  12
-11  -2 -21   9
 -7 -13  -6  14
  0   2  18 -12
  2  -3   6   7
  4  19 -18  -5
  1  -3 -24  -8
 10 -21  12   3
 13  -8   7  14
 -7 -17  20 -21
 -4  -7 -13  16
 18 -20  -1  -8
  5 -10  -6  -6
 17  20  21  -3
 12  22  19  -8
  8 -11  14   5
  8  -7 -15  18
 16   1  18  15
-23 -22 -21  16
  4   0  13  14
 14  -4   5  14
 21  -2  20 -16
  6  -6  21 -22
 -9  10  -8 -13
 11 -16   0 -22
-24 -23   3 -15
-21   9   2  13
-10  -5   0   6
 -2  21   9   0
-18  15 -11  -9
 17 -22 -10  -6
-11   7 -23  -5
-20   1 -20 -23
 12 -19 -20   1
-15   0  18 -11
 12  17 -22   1
  8  -8  16  15
-15 -16 -17 -18
 16 -12  -5  14
 24  22  20 -15
-11 -19 -15   5
-17 -10  23 -10