 10  15  11 -13
 14  15  14  17
-14 -14 -19 -14
-12   5  10 -11
 19   9  16 -20
 23   8  -3 -11
-12  -4  -9 -11
 22 -22  24  17
 19  13  20  -3
-10   2 -24  20
 17   0  14  16
-16   1 -13  19
 12  21   0  14
-10 -23  -2 -14
  7 -10  19  23
 -3 -10  12  -9
-14 -18  12   2
-12  -8  -8  21
  2 -21   5   7
 -5  14  18   8
 -9   2  16 -22
 12  24  22  12
  3  -4 -24  10
-11   3  15 -20
 -5   7  11 -20
  6 -15 -18  -9
  9  17  13   3
 -7  16 -11  13
-21  21  21   5
-16  20  24   1
-23  -7 -22  16
 -7  -5   7 -11
 -9  -2 -23 -22
 -1 -13  -1  -7
 -8   1  12  13
  7  -2  11 -16
  0  14 -13   4
-18   3   6   5
  3 -23  19 -22
  1  23  15  14
  1   9   7 -16
-21   4 -24 -20
-15  17   7  -6
 -4  -2 -23  -6
  0 -18  11 -13
  3  23   2  -6
-16   1 -16  16
  9  -9  16  17
-10 -20   6 -20
 23  11  21  -7
 -2  11   2  22
-21 -16  13  -8
-23   3  -3   7
 -3   1   3  21
 19 -24  -3 -17
-13  12   3  24
  7  20  15  -2
 12 -23  21   9
  9  22  -8  13
 23 -15   3 -18
  9  21  -2   0
 -7 -19   5  14
 17  23 -23  -9
-22 -15  -4  -1
 -7 -18 -21   4
 -3   8  -6   2
 15   9   7   3
 -9  -9  13 -11
 10   6  -2 -13
  1 -14 -12  -3
  9 -19   0   7
-22   5   9 -16
-23 -17   6  -8
 -6  21  -7  17
 19  -1  -8  17
-24   5 -10   2
 13   7  10 -11
 -1 -16 -11   7
-14 -11   0  12
-14 -19  19  -8
 -8 -21 -16  22
 20 -18  -9  -7
 -2  21   5  -6
 12 -20  17  11
  1   8   4   1
 -7  -5  24 -11
-13  -5   8  -1
 -5  23 -17  14
-13 -16 -21  -4
  7  10  22  19
 -3   0  18  13
 22  -9  -1   5
 -9  20 -10   9
-15  19  -6  -3
  1  18 -19 -12
  3   2  -9  22
 22  -9 -12  -5
  5  -4  15 -17
 23 -12  12 -19
  0  18  -7   4
-15 -13  15  -8
-22   5  23  13
-16 -17  14  -8
 18   4  -2 -11
 14  -4  14  -9
 18   1 -18 -22
 20 -20   6   5
 24  19  -6 -17
 -4  -4 -16  15
-12  12  17  16
-14  -8  14  24
 -5   5  -9 -16
 12 -22  -9  11
 -1  -4  -4 -21
-17  -4 -13 -21
-15  22 -19   8
  3  17 -17   5
 12  11 -12   1
 10  18 -17 -16
-23   7 -20 -20
 12  14  -1 -12
 17 -20   4   0
-24 -15   4 -23
 11  -8 -14  13
 21  23  -8  20
-11  -8  19  11
  3   1  15  -5
 14   8   2 -24
 17  -5 -22  -8
-16  -3  13   7
 20  15  15 -15
 23   3  -8   5
 -1 -11   1  -4
  7   1 -18 -18
  9   6  12  15
  4   9   6   0
 22  -3  -6   5
  7   0 -12   9
  2  18 -22   2
-22  -2   9  -7
-18 -24  -1 -10
 24  12 -18  15
-17  -8  16  -3
 -9 -14  -6  -6
 -5  -7 -20  -8
  9 -21  19  18
-16  18 -16  -9
 19 -10 -16 -24
 19  12   1 -21
 -1   1 -22  -4
 -3  13  22   4
 23 -14   6 -16
-11  23  -5 -12
 14   6  24  18
-19 -21  21 -14
-21  13  19  -8
 -3  11  22  -1
-13 -14  21  18
  4  21  20  -3
  3 -23 -17  -4
-20 -17   0 -19
 14 -12  14  16
 -6 -15  18  24
 20 -20 -15  15
 10  14 -15 -11
 -9 -11 -12 -23
-13  18  -1  24
-16  -6  -5  -1
  2  -9  12  19
  9  -9   0  -9
-24 -12 -17 -19
  3   4   8  19
  7 -17 -17  -7
  4 -17  23  10
  9  -5  -6 -24
  4  20  15 -19
 -5   4  -7 -19
 -7  12  17  19
 -7  13  24  -6
 23 -12 -18  23
 17  22 -23  10
  3   0  24  -4
 13   0  -4   0
-24 -18  -5 -22
-16  22  15 -15
-19 -24   3 -24
-17  -7  10   0
-11   3 -15 -11
 -7 -18  16   8
 24 -24   5 -20
-19  -9 -13 -23
-10  -8 -16   0
 18  -3 -11 -14
-23   9  -9  15
-18  23   4  14
 20  -4 -10 -17
  3  21   0   9
 22 -13  -1  -1
  7  19  -6 -20
 14  -9  -3  12
 13 -21 -24  13
  9  22  14  -3
-20  -2   3  21
 24   9 -19 -21
 -3  -2 -18 -10
 -6 -19 -10  -8
  0 -11 -14  17
-18 -21  -3 -17
-13  -2 -10   7
 14  -2   1 -21
 -7   6  21  18
-20   2  18   3
 10 -24 -23 -23
  3  15 -20   7
  8 -16 -10 -21
  9 -17  15 -12
-19   2 -14  -6
 22 -11  19 -18
 16  24 -17   9
-14 -19 -22  12
-13  -4 -23 -20
-18  21 -20 -19
 19 -21   1  16
  5  20  -5  22
  9  -9  -3  14
  7   6 -20   1
  2  -9  -5  11
  3   2 -15  12
 -9  19 -16  12
-20  18   0  -7
  6  16 -15 -10
-23  22   1  -2
  8  -2  -2 -24
 -8   3  20  -3
 -7 -12  -8  24
-20   5 -23 -18
 22  -6 -23   9
 -5  23  23  -6
 21  21  19   8
  2   6   8 -18
 10  -5  22  -8
  7   2  -5   1
 18 -23 -23   9
 -9 -13   0  13
-19  -1   8  10
-18  24 -12  -5
  5   8 -22   0
-21  22  -2 -19
 -7 -24  11 -19
  2  -4   9  10
 19   0  -5   4
  6   1   9  17
-18  10  17  10
-18 -15 -13  23
 -3  14  14   2
 18 -16  -3  -2
 16 -23   4  -2
 22  19   6 -18
 22   0 -24   4
  1 -12  23  22
  7 -13   4  16
 -2   8  -1 -10
  2  12 -17 -19
-21  19 -12 -12
-19 -14  -8  17
  9 -22   9 -13
  5   5 -21  -1
-11  -5  10  19
-12 -10  -8  22
 19  -2 -15  12
 15  -3  19  18
  5  -1  22 -17
  1   5  12  -9
-24  10   5 -13
  7  -8 -19  14
  0   1  -3  -9
  9 -17 -11 -14
-13  -5  11  22
-15  24   2  -8
 16   5   6  -9
 19 -12  18  -4
 11 -10 -10  18
 21  20  -2  -1
 -2  24 -20 -12
-17   7  18 -19
  2  14   7   5
 24   5 -14 -21
-22 -14  20   6
-12   2  19   5
-22 -14  12 -22
 11  21 -15   9
 -1   3 -21  10
  1 -15  17  22
 19  10   6  -5
-18   2  -7  19
 19  19  -7 -11
-24  11  15 -14
  5  19  -7  17
 21  20   3 -13
 22  -7   2 -10
 -8  16 -15  -6
  5  -6 -17 -20
-24   0  -8  -6
 16 -11 -13  18
  6  13 -24 -23
 20  -2 -10 -24
 24  17 -20  10
  6 -18   7  24
-13  -5  15 -24
 17  21  -4  18
 -9  12   7  -6
 23  -1  18 -12
-24   4   4   5
  1 -16  16  -3
-15  18 -11 -24
-18  -7  -5  19
 -9  23 -24  -9
  3  16  23   1
 15  23  22 -23
 13 -17 -11   4
 -7 -13  20 -10
 -7  -8   8 -17
 -7  -5   1 -10
 11   1 -19 -17
  1  10  20 -22
 12   6  -4  23
  8   1  12  -1
-17 -11  12  -9
 17  19  -6 -13
-11   5  -4  18
-19  -6   6  20
 20  13  -9 -21
 18   8 -14  16
 16  13   3  17
-21 -23  -1  -9
 -8  -7  19  22
 23  -7  20   8
 15  23   5 -21
-15 -11  19  -7
 -3  -3  -6   3
 23  24  11  17
 -7  11   3 -16
-12  16  17 -18
  5  -8   8  -2
 18  -4 -18 -21
  5   6  23   6
 11  16   4  -5
 12 -11 -20  -3
-21 -16  22 -13
 -2  17  -6  21
 12 -12  -4 -15
-19  24  -8 -14
-11  -8  12   2
-21 -18  14 -22
 -5  -2  16  17
 21  -9  -2  20
 -6  20 -20  16
 -5  -9  -5 -14
 12  10  -5   9
 18 -14 -10  13
  9 -20   3  16
  5  23  -2  18
 -3   1  17  10
 -2  23 -12 -21
  3  -5  -4  17
  9 -24  15 -13
  3   7  14  17
-22 -16  -4 -24
-12  -7   0  -8
-13  22  15 -10
  2 -20  -4  11
-20   0   6   3
 19  18 -24 -15
  0  -7  -4  24
 13  -7  12  -5
  7 -24  -3  22
 12  12  -7 -10
  3 -12  -9 -22
 -4  19  21  20
 -5  -9  12  14
-14  12  21 -10
 20  -3   2 -17
  2 -22  20   6
-20   0  16   1
  4  -3  -4  -9
-17  13 -10  -5
-21  16  14   7
 20   6   5   6
 11 -19 -22  -1
 18  -7 -20  19
 15 -20 -12 -17
 -1   7 -10  17
 14 -22  24   7
 -3 -16  23   8
  5  22 -15   0
 -7 -24  -9  -3
-17   4  -2 -16
-11   5  15   4
 11   2   2  23
 19   2  -5   0
  1  10 -13 -15
-13   6 -23  17
  5   9 -21  -9
-18  22   5  16
 -3  -9   1   5
 -3   5  20  -3
 12  -7  -6  17
-17 -15  18 -11
 -5   8  -8 -22
 -9  19 -22  -7
-10   6 -18  24
-16 -16 -14 -16
 -3  -3 -12   2
-12  -5 -11   2
 -8 -15  22  24
  5   9  -7 -15
-24 -18 -21 -22
 16   4  19 -17
  9   2 -13  19
 21  11  22  21
 16  21 -19  20
-21  19 -19 -10
-12 -14  19  21
-24 -13 -20 -20
 12  -4  21  17
  1   9  17  -5
  0  -4  -3  10
 11 -19  -4  16
  2  10  -1   2
 20 -20 -10 -16
 20  -5 -11 -14
-24  23  -6   7
 -2 -15 -15  22
-17  -8 -24   9
 16 -20  18   6
-14   6  19 -22
 11   2  14   0
-13   2 -24  16
  5   8   3  23
-24  11  15  -9
-10 -23  17   0
 16  19   8 -23
  1 -11 -14  -7
 10 -17 -14   1
-20  -3  -5   3
 13  16  10  20
  9  -8 -19   9
-14 -18  16  13
  5  17 -10 -14
  2  21  20 -15
  5  -3  19  17
 18   1  -2  23
 -2  -3  16 -17
-18 -22 -12  11
  7  11   3   1
-10  15  13  17
 21 -17  14  -5
 11  10  -5   5
 -7 -21 -21   2
 22  -8 -17  -9
 23   7  15 -23
-13  -9   2  13
 -2 -15 -18  14
 18  -2  13  10
 13  -9  -6 -14
 15 -17  13 -13
 14  -6 -19 -22
  5 -10  13 -20
 -8 -13  13  16
-16  -3 -23   6
 12 -13   4  12
 23  -6 -11  19
 21   8   7   4
 10   2  -3 -18
  3  -2  -7 -14
-13  14  -3  14
 21 -21   5  22
 13  17   5   5
  2   3   4  -9
 -5 -14  12   1
-24 -18  15 -14
-17 -17  15 -23
 16  -4  17  17
 22  -3   7   9
  5  -4  -3  -6
-22 -22  -1   6
  9  14  -3 -21
-22 -12  14 -13
 -1  -2   9 -18
 10 -13 -22 -16
 18 -11  12   8
-18 -12 -11  21
-14  13   3  12
 -6 -13  -6 -21
-20  -6  -5 -24
 19  23 -20   2
-11 -15  23  14
 18  -3  -4  -1
  0 -10 -21  -9
-17   6   9   6
-22   2  -3  -3
 16   6 -21   4
 10   0  19  21
 22  -7 -18 -15
  1  11 -18 -15
 20  10  19  -4
  0   7  -6  11
 -5  -7 -23  -1
-11  -4  18  -4
 24  -9  -2  -3
 -8  16 -17   3
 -2  -2 -13   9