  1   4 -11  11
  4   2   7 -23
 24 -21 -10  -9
 12  21  17  10
 -3 -14 -18   6
  5  14  -6   9
  3 -19  -5  -2
  9  11  12 -22
  7 -22   7  24
-16  -7  -2 -11
-23  -6   2 -10
 -3  22 -19  16
  2  14 -22 -18
-15  -6 -18  18
  4 -11   7 -10
  3  15 -20 -11
 22   4 -24 -13
-18   1   5  -8
 13   3 -20  16
-21  15 -16 -21
-19   8   9 -16
  1  -7  24  16
-23  20   0   9
 22   7   7 -19
-22 -15  -3   3
-15 -21   4  18
  7 -22  -9  -9
-19  18   0 -15
  8  -6   6  -9
 13  -1   4  -5
 -4   6  24  11
-13  21 -14  12
 22  -3 -19  -9
 24   6  22  19
-14 -23   5  23
  8  13 -21  22
-24   6  23 -14
 13  -9  11 -16
 14 -12  24   0
 16  12  -8 -23
  3  -2   6  18
  8 -21 -21  -4
  0  -7  -6   7
 14  22  16  -8
-15  18   5  -1
  5 -20   0  20
  2  -5  -8   4
  3  11  12  21
 -8   8 -11  22
  2  -4  22  21
 -3  -6   1   1
 13  23 -16  15
-13   6 -23  13
 21  23  24   5
 -9  22  18   6
 12   9 -16 -22
  2 -16 -10  -4
  6  24  22  -4
 13 -15 -14  16
 19  -9   0 -21
 24 -17  -5  23
 -5 -13 -11 -12
-18   0 -24  11
 -6 -10   6   5
 16 -21  21  20
-19 -21   7  21
 -1 -24 -21  11
  9 -15  -8  22
  9   5 -14  13
-12  17  -4  -5
-22 -10   5 -24
 18  10   6   8
 -1  12  13 -24
-21  -8 -21  13
-17  -9   5  -6
-18 -16   9   6
 -2  21  14   2
  0  17 -16 -18
-16  -6 -13 -12
-20  22  12 -24
 20  -4  -7 -10
 14  15  19 -15
-21  19  -5  -2
 -3  23  10 -10
 -2 -19 -24  17
  7  -3  17  11
  1  22   9  16
  8 -13  21  21
 -8  17  11  -6
-14 -13  -4  -7
 20   8  -9   4
-18  12 -15 -14
  5  15   0 -19
 -4  -3 -24   6
 24  13 -22  -3
  6   4 -20 -23
-14   1   5   0
  1  17  21  -3
-22  -9 -12  11
-16  -8 -21   2
 -3 -24   1   5
-20   1 -20  12
 -9  13  24  20
-24 -15  24 -18
  6  23   0   5
-16  -9   2   7
-13  22   2  13
-20  -3  22 -22
 -7  -3  13  -6
 17 -22  -4  23
 -1 -21  17  13
 19  -5  23  -7
 -6 -17   2  19
  2   3   4  -6
-21  -3  -1  -6
-19  -1 -18   6
 17  -4 -18  10
 22  11  21 -13
 22   5   4   6
-20  21 -22 -13
 -5  14 -12  -7
-10  -8   3  -4
 16  -5   0  -5
-21   2  15  11
 20  -8 -17   7
 -1 -16  -2   3
  2   4  -6   4
-12 -19  -1 -12
 13  -4 -18 -23
 12  -1 -22  18
  3   4 -13  22
 18 -11  -9 -11
 20 -18  -7  20
 -5   5  -5   5
 -5 -10  -4  16
  5   8  -6  22
-15  -2  -7 -21
  0   6  17  12
-11   6 -15  15
 14  -8 -14  17
 21  -8   2 -14
-18  13  13  23
-22  19   1 -16
 15  24  21  13
  8  13   7  -7
-15  -5  20  -6
  8  22 -19 -11
 11   4   3  -1
 23  -8 -18   1
-19  -5  18  16
-18   5   7 -20
 11  21  12  17
  4   2 -14   0
  9 -19  24  -6
 10  22  19  14
-17  11  -8 -19
-10  15  20  24
 -8  17   2 -15
  7 -19  23  -8
  1  -7 -18   0
 -6   8   7  15
 13 -15  11 -19
 20  22   1 -21
  6  24 -16  10
-18 -10   4 -21
 -2   9  11   3
 -1  24   4 -16
-16  19   1 -23
-20   3  -1   5
  4  20   7 -16
 -6  10  -2  18
  1 -23   6  11
 12  -8  -4 -15
  2  19 -13 -15
 10   8  -9  14
 20 -19 -23 -12
-20  18   9  -2
 19  22  21   5
-10 -21  23 -22
-12   1  -1 -11
-18 -10  10  19
 -7 -19  -6   7
 18   2   8  -3
 12  20   0  12
  7  14 -17   7
  6   5   1  16
  4   2  13 -12
-14  11  15   2
-16 -10  -5  17
-15   9  12 -20
  7  -8  17 -16
 -4  -7  13  10
  9 -10  17 -12
 14 -20 -14 -12
  8  -1 -19  24
 13   8  23 -19
 -5  11 -11   8
-12  -4 -16 -11
-12 -16   6 -14
 13   9 -11  14
  3 -12  20  -7
 -2   6 -15   4
 22   1  22  23
  4  -7 -15  14
  5  -8  17  15
-24  16 -10  13
-11   4 -23 -22
-22  20 -13  18
-21  22  -3   0
-16 -18   9  23
-15 -24  20 -19
 -2   2   9 -13
 22  -2   7 -15
  0 -11 -12   0
 -9  17  15  -1
-18  -4  10 -11
 19 -16   0  15
-23 -20   9  -8
  8  -8   8  -2
 15   4  18  -9
-21  13   8  -3
 12 -22 -13  16
  3 -18  24  -2
  4  -5  -8   2
-23  14 -20   9
  6 -23  14  10
-16  -2  -9  -4
 -2 -10  13 -10
 24 -21  10 -11
-20 -10 -13   2
-24 -18  14 -24
  3 -12  -5  24
 -9  24   6   5
-13   4  -8  -5
 11  12  -1  10
 21   7  -6 -20
-24  -2  22  17
 -3   3  -1  10
 16 -24  14  11
 11 -14 -15  -8
  0  -5 -20  12
-10   5  10  -2
-17 -19  15  16
 23   7  14  14
-16  18  -2 -20
  1 -14 -19  -3
-21   0  21  -8
-13  15   8 -18
 10  -4  22  19
 13 -10  23 -14
 12  17   2  22
  4 -21 -22 -15
 19 -10 -20  -4
 -5 -22  -5   8
-14 -21   2 -12
  9   2 -14   5
-10   1   2   2
 23   3  -2  19
-13  21   9   9
 -5  14  -4 -14
-14 -15 -23   4
-23 -17  19   6
-15 -18  10 -13
  5  13 -10  15
-20 -23  21  14
 22 -13   1  -2
-21  23  15  19
-10  14  16  -8
  4 -19   2  24
 -1 -24  -2   8
 -5 -22 -17  -9
 -7   8 -11   8
-15  15  16   6
 18   0  -2   4
-19 -16  20  -7
  6   6 -23  20
  6  -1  -9 -21
 18   1   6   6
-11   9  16  -6
-14  -7 -21   4
 11  -3 -23   7
 15 -22 -17   1
 -5  15  23 -10
  4  15 -21   9
  8  20  -7   2
 16  17 -12  -6
-23  20 -11  17
 15   5   4   1
 -4  11  22  -5
 22  24 -15 -10
 13  22 -14  17
 20   1 -11  24
 20   7  19  13
 24 -23  -4  13
-13   8 -20 -14
 22 -15  -9  -4
 21 -19   2  17
 13  22   6 -15
-13 -16   5  22
-20  21  -7  -9
 13  -4   3  18
  9 -17   5 -16
 17  24  -3  -3
-17  -3  18 -16
 19  22  17 -23
 21  19   1 -21
 19 -22 -14  19
 14  -4 -22  20
 10 -16 -20   9
 14  20   0  18
-10  -2   6 -18
 13   4   5   0
 17   8   7  -2
 -1 -19  13  22
 17 -14  -6 -18
-16  16  23  10
  8   8   3 -15
-14  21 -14  -4
 11  -2 -11  16
-24 -24 -23   4
 22 -13  23  15
  5 -17 -19 -18
 17   9  -1 -10
 23  18 -18   3
-17  11 -11   2
 13  11  -4  -7
  0   4 -24   2
 23  13   8  -9
-19 -14  -6  18
  6  14   4 -16
  7 -17   7 -17
-11 -21  14 -11
 -5 -21  14  -1
-19  -6 -12   0
-18  15 -15  -4
 11  17 -19   5
 13  23   7 -18
 -3  21  23 -10
 15  15   9 -17
-19   8  22  18
-20  17 -16  11
  7  20  16  -3
 -3  14  18   5
-10  21 -19   7
 11   8  14  -4
-23  -4  15 -23
 21  10 -24 -23
  5  21  -4  18
  1 -10 -14   8
 -6 -17  18 -20
-19   7  24  -9
-10 -15 -16   5
-13  -9 -19  15
  5  18  -5  -1
 18  -7   8  -7
 13  -9  -2 -12
 -6 -24 -13  13
  7   3  -9  -6
  7  -4   9   0
 -5  -9  15  -4
  6 -22 -24  -3
 13  12  23 -11
  4  11  21  -8
-10 -15  22 -24
 22  -8 -11   2
 23  20 -17   4
-13 -12 -14 -22
  4  12  -7   5
  3 -23  10   4
 21   7  16 -24
 -8  11  16  24
 -7   4 -16   7
 24 -14 -19  -1
  6  -4 -12 -20
 -9  -6 -21  11
-17 -19  -9   2
 21 -10 -10  11
-16  -8  11  20
  4 -21   5 -24
 14  22 -16  -8
-24 -15  -1   3
 -3 -10  18  -9
-24  22  -2 -17
  6 -21 -10 -20
-12  19 -22   0
  8 -13  14  11
  9 -16 -22  23
  1  11 -10   9
-12  -7 -23  -8
-15   3  -5  20
-14  -6   0   3
 15  20  -7  24
-16 -21  -7 -13
 -1 -19 -24 -13
 -4 -15   8 -23
-14   3 -17  19
-19  -7 -13   1
-13  -2 -22  14
 -8 -21   6 -11
-12  22 -15  20
 17 -13   8  -4
 12  -4  -3  -6
 24  21  16 -10
-10   7  15  -7
-18  21  15  -8
-19  21 -14  17
-19  11  -8   1
 11   3   2   9
 -2  12   4  -4
-16 -20  -1   1
 17 -18   6 -13
-11 -13  13  24
 -6   5   6  10
 20   7   3 -14
  5  10 -12   9
 -3 -13 -11  10
-13 -24  -3   0
-15 -24  24  15
-10  17 -12   3
-14 -11 -17 -24
 13  23 -19   6
  8 -24 -13  -6
-20  -1   1  12
  6  15 -18  15
 -5 -18  -3  20
 -8  18 -11   8
 -5 -23  -4  14
 17   1 -10 -24
 16  -8 -23  24
 -5  22 -20  14
 -8   2 -18 -20
-24   3   2  23
 14   2  11  22
  9  17  10  17
-15   3 -10 -10
 15 -17 -23   3
 -4 -20  23   9
 13  -3  -6  10
  0  19  -9 -13
 -3  24  16  20
 23   6 -14   6
 17  -1  -5 -17
 -3  -4 -21 -16
-10   1 -18  17
-24  -4 -22  -8
 17   1 -16   7
 -3  -9  15   1
-22  14  23  -1
  1  -8 -22  16
-20  23  10  24
-11   5   2 -11
 11 -18   7   3
  4  -3 -22   4
 -1  -6 -18   9
 -1  11 -20   6
 -6 -13   0  23
 21  12  -8  12
-14  -5  -5   3
 23 -22  -7  15
-17 -13   8   7
 -5 -21 -11 -17
 15  -6 -20  12
-11  -1 -18  -4
 13  15 -11  21
 -2  19 -20 -19
 13  21  -6  21
 -9  13 -23  -3
-19  11   9   7
-15 -16  -7   9
  9  16 -16  24
  8  -6  14  10
 -2   7  20 -24
  5 -20   3  -4
  8  -7 -18 -16
-17   8 -16   3
 -4 -17 -10   3
 15  20  -8  17
-11   1  11   7
 22  16  18   3
 15 -21   8   7
  5 -18  21  11
  2  -5   1   6
 -6  12  18  -6
 21  11 -12 -11
 12  15   0 -12
 19  20   2 -21
 17  16 -16   2
  3  -1  -1 -11
-17  21  -8   8
  1  12  10  -6
-20  23 -24  -9
 -4   0  -4  -9
-13  -2  21   1
-16  -4  18 -10
 15 -19  22  -4
-11   1 -20  19
 -7  -7  16  -4
-11 -14  21  -1
-19   6 -14 -11
-12   6   2 -11
 23 -14  23  17
-24 -20   1 -14
  6   9  13  -6
 -7 -17  -5  17
  9  16  16  21
  9  -5 -23  22
-21   2  -5 -19
  8  18   7  23
-13   8  -3  18
  6  13 -15  11
-22   2 -23  -9
 18 -24   1 -18