 -1 -16  24 -18
  8  18 -10 -10
-15  -6  -2   9
 14  16  20  23
 22 -22 -18   9
-14 -19  17   3
-16 -18 -20  20
-14   3  22 -19
 14  23 -20 -21
-19  20  -1  -2
-17  -9 -21  24
 15 -10   7  24
 16  20 -11  22
-11 -16 -18   7
 -1  -7  19  21
 19   5  -9 -22
 -5 -19  14   4
 11   6   6  -5
  9  18  22  16
  0   9  11  13
  4 -18  -3  20
  2  20   3  -8
 12 -21  16  -8
 -1   5  -4   0
 17   0 -11 -12
-19  18  13   7
 16   7  -1  16
-18  12  13  22
-15   3  13  14
 -2 -14 -15 -21
 -7 -16 -17   2
 11  -9 -21 -21
  7  -2 -17 -19
 12   1   6  -3
 11  -5  -1 -17
-17  14  -3  -4
 20 -13  -7  20
 19  -7 -12  -3
 -4  -3 -16  11
-23  24 -17 -14
-19   8 -14  21
 -9  -2  11   2
 22   9 -18  21
-20 -15  10 -22
 23  20  -9 -12
 -1 -10 -19  11
 16   8   8  -5
 -1  16  16  -3
  2 -13  22 -18
 -7  -3 -12  13
 -7  12  -1 -10
 12 -11   0  11
 13  10 -21   3
 21  22  18   8
 10   0  24  15
 -3 -15  20 -19
 -1  11  -5  -7
 13  10  -7 -20
 13  -3 -15  -8
  1  -6  20  -3
 -8  17   3 -12
 12  17  -4  10
 11  12 -24  23
-10 -17  17 -18
-18 -23 -24  -1
 14 -16 -24  -3
  2  11  22  10
 19  -7 -13  -3
 -5 -18  18  -5
 -9  18  -2 -11
-12   7 -22  20
  8 -10   1  -1
-15 -11  17 -18
 -2  11  -4 -11
 11  -2  -8 -20
 16  19  16  12
 14 -15  -8 -19
  7   7  24   7
 22  12  -6 -20
 18   7   4  19
 22   4 -11 -23
 23  18 -17  -9
 18 -19  15  -1
 18   5 -12  10
 -7  23  20 -23
  6   0  -9 -15
-24 -23  22  -7
 10  20  17  12
 21 -24 -21  16
 19 -13  14  -9
-22   4   7  10
  7  10  -2   5
  6 -12  -7 -10
 -1  14 -13 -18
 -2  14   9  11
  0  17 -21  -4
-22 -17 -14 -11
  2 -10 -21   1
 14  -6 -19  13
 -3   8  24  21
 21  14  -2   9
  6 -20   5 -16
 -7  -2  22  21
 -4   2  -5  21
-18 -20  20  10
  3 -13   4   4
  7  -9   8 -18
  1  15  12   0
-15 -15  19 -24
-24  23   2  18
-15   0 -13  11
-14 -16  11  17
 24 -21   9 -10
 18 -20  16  14
 -4   4 -24 -19
-19   6  -8 -19
 -1 -24   4  21
 24   6  14  -7
  2  14  13   5
-20   8  -2  17
 21 -23   2  -3
  7 -17  12   4
 -1   1   8  17
 -3 -16 -12 -19
  5  -5  -8 -10
-15   5 -10   2
 22  -4   2  20
-12   3 -24   5
  8  -5  -3   5
 10   3  -1  20
  7  20   2 -23
 -1  -9  11 -11
-18  -2   5  14
 -9   9 -19 -10
  8 -15   1   4
-23  13  -4  19
 12 -13  16 -17
  8  -4   2 -16
-11   1 -20 -18
 -6  15  -3  16
 20  15  24  22
-21 -15   7 -13
 23  24  18   0
-11   1  19  13
 -8   9   2  19
 11   5  11 -24
 19   8 -19   5
 -5   6  12  21
 17 -23 -23   7
-10   9 -11 -22
-16  -4  21  23
-13  -5  -5  12
  9   8 -10  -8
-12   3  17  17
 -1   8 -15   7
 14 -13  11 -21
 24 -21 -10  -9
 20  21 -22  -7
 10  21  16  -9
  5  17  24   8
  4  21  18  -1
-22  -7   8  -5
 10  -6  -9 -12
  1 -13  -3   2
 23 -16  16   6
 -7  11   9  21
 21  20  14  -9
 -9  12  -9   7
-20  12 -14  -7
-16   2   5  18
-11  24   8  -5
 13   6  -5  -9
  7  -6   7  -6
 -8  14  12 -23
-14  19 -15 -21
-18 -12   9 -23
 13  21  11 -12
  5  12  21  12
-21   4 -15  -9
  3 -14  -3 -18
-16  -9 -23  15
-23  -9 -22 -16
 21  21 -18  -9
 20   1  23 -21
 -4 -20 -24  -2
 11  15   1 -14
 19  -5 -11 -24
-10  -2 -13  -9
 -4   8   6  23
 14 -15  -4  24
-12 -10  -9  -2
-14 -22 -24  -7
 11 -12 -21   2
-10  23 -11 -19
 -2 -20  -6  -3
-19   5   3  11
  4 -11 -13  -1
 17 -17  -8  12
-19 -16   4  -3
  7  10   2 -16
 -3   9 -24  -9
-23  -8 -22 -15
 22  -4   1 -23
 10   8   3  -4
-20  -3  -9  19
 10   7  -8 -11
 -9  21 -24  12
 20   0  12  -5
  3   7  20  14
  7 -17   0  19
-21 -19  -5  20
 -4  21 -23  20
 14  -4  15   9
-14 -11   5  -6
  2  -9   9   2
  8  23   2 -19
 22 -23  11 -17
 24  19  11  -2
-15  17  11  15
 20 -22  -8 -15
 -2  11   3   8
 24   2   7 -21
-13 -14 -15  19
  1   1 -24   9
 18 -21  23 -20
 23  11  -3 -15
  6  -5  18 -23
 18  21   4  -3
 -1  -3  12 -14
 -3  19  -6  -9
  2  14  10  20
 14 -24 -21  14
  1 -24 -12  -4
 22 -17 -13 -21
 11 -15   8   1
  8  -3   1  17
 -2  -4 -15 -20
 -4 -20   9  23
 11  -8 -12   3
-22  12 -17   8
 12 -15  -9  20
-11  22  20  -8
-12  -4 -21   9
-13  15  -8 -15
 13 -14 -14  -2
 -9  11   4  -4
-23   2   5 -10
 24  -9 -22  16
 21 -22   5 -13
 -3 -22 -10  -9
 -4   7 -17 -24
  6  12  10  -4
 23  17  14 -10
 14  17 -11  15
 15  -9  22 -24
 20 -12  -5   3
  7  24   7   4
-11  -2 -13  23
  3   1   9  11
  7  11  10  -1
-14  10   8  12
 20 -24 -17  12
 11   0  20  24
-15   4 -22 -19
  0  16  -7  13
-21 -15 -17 -21
 22 -21  13  11
-12 -10 -18   3
-18   4  15   0
-24 -15  23  12
 12  -5 -14   9
 -4 -22 -13  18
  4 -17 -18  11
  9  -3   4  12
-22 -14 -15  -7
  7  16  18  21
-20  14 -20 -18
-20   8  10   2
 24   5  -8  22
 18   0   9  16
 -4 -11  18  23
-19 -22  18  21
 -6  17  16   6
 15  19   1 -23
-12  -2  19  -7
 24 -24  -2  19
  3  21 -10 -13
  1   3  21  22
 14  23 -11   1
-20 -19  11  21
  0  12 -22   6
  9  14 -10  18
 17  -3  23  11
  1 -18  19  18
 -8  12 -16  12
  1 -20 -18 -14
 -3   1 -15  24
 -6  -7   7  21
 19   3  -6 -19
 22 -11  23  14
-11   7 -18 -13
 17 -20  20  -7
 -4 -10 -12 -10
  5 -20  -7  -9
 21   6   8 -12
-24  22 -15 -14
 -3   9  17 -12
 21  14 -21   6
-16  -4  13   7
-24 -16  22  23
-15 -23  10  -3
 -9   6  24   6
 -3  23  19   4
 19 -10  -2 -12
-13   6 -23   5
-23  -6 -15  11
-16  11  20 -11
 10  -7  18 -11
-19  -1  12   3
 22  18  14 -13
-10   2   1 -16
 -4  20 -22 -23
 13 -21  12  21
-21  -5   2  11
-22   5 -17 -20
 13   2  -4 -22
  0 -23 -20  23
  1   4 -23   0
  8  -6   0 -22
  5   5 -15  14
-24 -17  15  20
-13 -23  14 -17
-14   1 -20 -17
 16 -16 -22 -16
-22  18 -16  -5
  8   9 -22  -8
 11  -4  19 -18
 -8  17 -10   1
-14   7 -12 -14
  8  -8 -15  19
 23  20 -13 -24
  7  10  14  13
-12  -7  10   4
 -5   8  24  12
-14 -24  14  -1
 -3 -17  24   5
-21   3  -3   6
 12   3  21  11
 -9 -14  20  -7
 -5  14  -9 -18
 -4  -1   4 -19
 14 -15  -7  -4
  7 -12 -10  18
-16  12 -17 -20
 23 -12  -1  19
  5   0 -13   8
-10   5 -14 -10
-19 -23  20   4
  8  17  10  13
 20  22   3 -10
 17 -21  -4 -15
  6  14  14  15
  5  16  -6   5
-24  18  -4  18
 23 -20   4   3
 24  -7   5 -16
 10  -1 -15   9
-23  -1  24  11
 -9  12  21 -17
  4 -11  22 -18
 11  16   3  15
  6  23 -14   0
  3  17  -4 -16
  9   1   2  23
  9  -5 -12 -15
-11  -4 -22  22
 -7  -9   7  18
 -4  11 -17 -22
 17   1   4 -10
-12  20 -12  24
 23 -23  16  16
  8  -2 -10 -13
-18  20   9  16
  0 -23  12   2
  4 -14 -17  22
 -5   8 -13 -23
-21  24 -21 -23
-13 -12  19  -7
 -9  11   4 -20
 20   9 -18   4
  2  22  -4 -24
 12 -15 -10  -6
 16  23  10  18
-10  -9  -9   0
-13 -21 -23  24
 18  12  -1   6
 13  12  12  11
  2 -20  11  24
 -8  18 -24  -7
-15  -3   0  20
-23 -22  22  -1
 -1  -9   4  24
 -1  19  11  12
 -1 -18 -12 -14
-18  14 -18  17
 13   6  19 -10
-22   2  -9  -1
 -3  16   3 -24
  2 -14  -5  -6
-17  -2  20  -7
 -1 -22  14  14
-18 -22 -15   9
  3 -21  18   0
  8  24  23  -2
 12  -3   5   7
 -8 -11 -21   6
  5   7  10  10
  9 -24  18 -23
-20   2  -1  19
 12  14   0  16
-18 -14   7  20
-18   1  10 -19
 -5  16   8  16
-17 -18  19 -24
  8   0  -6 -24
-15  11  -7   1
 24 -18  -8  -8
-17   6  -6  14
 -5  21   9  -6
-13 -12  -2 -15
 15 -15 -13   8
-21  18 -23  12
 -8 -18   5  -4
 21  24 -17  20
 -7  24  17  19
 24  14   4   1
 -3   5  -8 -12
  8 -11  24  10
  1  11  18  15
-10 -21 -19  15
  5   8   2  14
-20  14 -22 -11
 -1 -16  15  20
-15  14 -17  23
  5  -9  23  -1
 22  -5 -12   5
-20  -4   4   3
 15  11  -6 -23
 19  14   6 -22
-15   0  -5  22
 17  14  19  13
  1  -2 -11 -22
-22  11  24  13
  6  -4  -6  20
 10   9  21  -4
 22 -16  21 -24
-22   2  -6  -3
 -9   7 -22 -13
-21  11 -22  -4
 -2 -17  13  24
  2   5 -17 -13
 13   6   3  22
 19   6  -8   5
 -4   4 -13  11
 12  14  -4  -5
 17  20  13   5
 11 -12 -23   4
 24 -22  15  12
 10  16   2   4
 -4 -15  -1 -12
  4  13  16  -1
-11  20  23 -14
 14   3 -22   8
 11   5  -1  22
 10  13  24   6
 12   1  -7   9
 -5  15 -24 -19
 16  17   9  19
 24  -2  23 -15
 -1  17  -4   9
-22   4  14  23
-21  16 -22   3
-22 -13 -14 -11
 24 -22  -6  15
  1 -22  -8 -15
-22  23  13  16
 18  20  20  24
 15 -20  14 -21
 -3 -17 -11  11
-21 -18   7 -12
-15 -24  -7  21
 17 -21 -20   1
  9   2 -10  17
 17  -2   4 -20
-17 -11  16  21
 19   7   2  15
  9  19 -10 -20
 15   2 -18 -23
 20 -24  -6 -14
 -9   5 -21 -17
 20  13  13 -22
 22   0   5 -21
-16  23 -17  18
 16  -2 -21 -18
-15  12 -24  12
 -6  19  24  12
  0   1 -14   4
-21  -6 -11 -24
  6 -15  24  -2
 -5  -5   3  24
  5   1 -12 -15
-13   1  -7 -23