 12 -21 -18 -22
  1  22   2   8
 18 -10  21  22
 18   2  23 -24
 -9  23   2  24
 21  -2 -20 -18
-22 -19 -15  21
-11  14 -21  11
-21  11  -6  -3
 -5  20 -13  13
 -8   8   1  19
 20 -18 -15 -18
-21  16   8   1
-11  13  12 -18
 -4 -13   7  18
-16   9  -5   7
  5  -6  -4 -15
-15 -10 -18  -8
-18  -2 -22 -12
-12   0   2  11
-22 -11 -12 -11
 24   4   8 -20
-20  -4   8  15
  5 -24 -22  -5
 16   7  -1 -19
  1 -14  -7 -24
 -7   3 -12  13
  3  -8 -12   3
  8   2  10   9
  3 -11 -19  12
 -2   2  15   3
-16  11   9  12
-20  15   4   4
-11 -23  18  -1
 -8  12  22 -23
-24   2   1 -15
-11  -5 -16 -15
  2  15  13 -22
 23  -7  16  22
 18  24   7   5
  6 -16   7  11
 12 -12  -8  21
-19  24 -11   2
  5   5  18   4
-19 -10   1 -21
 10 -15  20 -20
  0 -12 -17  10
-20 -15  10  -2
 14   5  -4   1
  7  24  -4  -5
-17  -2   8   1
-13 -18  12  12
 10 -10   1  16
  7 -13  16  -7
  4  17 -10  17
-13  -7  -1 -17
 -8 -20  17  13
-20 -15 -14   0
 14  -7   7  16
-10  12 -24  -2
-14 -14  13  18
-22  21   0 -24
 16  14  13 -10
  0  14   9  -2
 -9   8  -2  -3
-12 -23  12 -15
-23 -14  -5 -13
-10   3 -18 -18
 -1 -11  15   9
  9  -9 -15   5
 -7 -20   7  16
 11 -14   5  -3
  3 -14  -2  23
 -1  -5  -6  13
  9   6   2 -22
 13 -24  18   7
 14 -19   6 -14
 15 -14  20  -4
 18 -23 -17 -20
-16  -5  23 -20
  6 -13 -10 -13
  9 -19  19 -24
  5 -19  23 -23
  3  21   1  19
 21   6 -17   7
 18 -21 -20   0
-14  -5 -10 -20
 19 -22 -18  24
  9 -11 -23  17
-21 -18   1   6
-22 -14  13  24
-14  -7  19  -3
 23  19  24   5
  2  -1   6 -13
-16  23   1  19
 -8  -1  -4 -21
  0  22  -9 -20
 11  -9 -23 -10
  2  16  -4   6
 16  -4 -11 -15
-17  16 -20 -15
  5 -18  12   3
 -7 -11   3  12
  6  -9 -21   6
  1 -19 -23  14
 12 -18   4  21
  9 -22 -21  12
-17 -18  -2 -19
 14  22   0  15
 12   3  11 -18
 21  23   1  -8
 19   6  23 -23
 24  -3  -5   5
  2 -20  -7 -10
 22   6   0  -2
  8 -15  18  -1
-11  -5  -9  -1
-10 -24  20 -16
 23  -8  20 -24
 18  12 -22  16
-15   9   7  17
 -4  17   9 -11
 18  20 -21  -4
 23  21  16  10
 14 -20   5  -3
-13 -18 -22  14
-10  -5  -1 -16
 11   2   6   5
-13  12   0  -3
 22 -16  23  20
 -1  12 -14   6
 20 -13  19 -18
 16  -6  -6 -15
 10  24  -9 -14
-24 -12  -3 -18
  2  22 -17  12
-22  14 -20  15
 24  20  18 -17
 10  21 -12 -20
 10 -19 -20 -10
  0  -6  21  10
-14 -17  20  21
-13 -19  -7  24
  8  -6 -23  -1
-16   8   0  -9
 -5   2 -18 -16
 19  21  -8 -12
-12  23 -20 -17
 17 -22  -8 -16
 -1  22 -16 -13
  0 -21 -12 -14
 -9 -12  11 -22
 10  17  -4   6
 24 -21   2  -1
-10  23  -1 -18
-22 -22  -7 -21
 -7 -17  18 -15
-11  21  17  -9
 17  10   1   9
 14  -9  22 -22
-11 -18 -21  -9
  7  12   9  -8
 -1  19  22   9
-21 -17 -24  -1
  4 -23  22  -5
-14  -2  24   0
 -3  20  11   3
  5  16  21  12
-18 -16 -19   0
 -3  12   3 -16
 11   4 -13  24
  8  24  10 -17
-23   8 -14  -3
 21  -6 -20  -9
 21  21  23  -8
 24 -18 -21 -15
  6 -12   3   4
  1 -16 -15  -9
-10 -17   2   0
-20  -8  -4  -4
  3  18 -11  14
 -1 -11  13   9
 -3  15   1   5
-12   8   4  -6
 -2 -24  -2 -20
-14  -3  18 -10
-17 -14  19   4
-15  -7  -6  17
 -6 -17  16  24
-11  10   7  -5
 18 -15 -11  21
 17  -2  -4  24
 -2   6 -17  21
  7  10   3   3
 21  -9 -12 -16
 23  -2   8   7
-12  24  -3 -17
-20  24  14  22
 17  -9  17 -10
 10   7   1  -8
  9   7  18  18
  9  22  -6 -22
-18 -13   3  17
-15  -3  13  23
-24   8  -4  19
  7  -4  19  -9
 -4   1   8  -2
 15   6 -14   0
  4  13  10  11
 -4 -20   7  16
 -2   8   9  13
 -3 -22 -22  -6
  4  -7  -7  -2
  3 -18  -9 -23
 -1  -8   3   8
 24  24  20  -8
  4  24   9  16
-16  -1   5  -4
-22  12 -17  19
-16   7   4  -9
-15  -4  -6   7
-23  12 -13  -2
 14 -19  13  14
 -5   4  -4   4
 21  11   4  20
 -1   2   0   8
 -7  17   9 -11
  7   1   7  -7
 -4  12  23   4
  4  15 -12   0
 -5   2  10 -10
-15  -4  -7 -11
 -6 -10  11  24
  3  -7  -9  -8
 18  -4   6   3
 12  21  10   7
  3 -24  -5   8
-19   1   7 -20
 10  11   1  17
-21   6 -17 -20
-20   0   0 -10
 10   8 -18 -20
-18  24   3  19
-21 -14 -11 -14
-11  11   9  23
  6 -23   4 -16
 12   1  -6   3
 -3 -23  12 -17
  6   4 -13  22
-23   0  12  16
 -5 -23  -9  15
  4   4  11  15
-18 -19 -13  -8
 23  16  12  10
  9  -8   4   0
-24 -16  12 -24
 10   2  -1 -11
 22  14  -5  11
 13 -17  17   3
  3 -15  10  -3
 18  -7  12  15
 -8  18 -13 -18
 -8   4  -7 -24
  5 -19 -20  -3
-13  18  -3 -14
 24 -23  -3  16
  8  24 -12  14
-15  24 -12  -2
  4 -22  12   4
 19 -20 -24  -7
 21  11 -22  -6
-21  -1   9  -2
  2  16  23 -12
-15  -4 -14   7
  8 -10   7  -4
 15  -2  -4  24
-17  21   2   2
 -5 -24  19  15
 -8  23  -3 -15
 18  11   5  24
 -3  22 -14  20
 24  12 -17  -7
 16 -22   1 -18
 22 -18 -22  24
 12 -22   6   8
-24  17   5  -9
 20 -15 -22  -7
-23 -23  -1  17
 11  -7 -15  -4
 -1  22  -6   6
 12   6   7 -23
 -2   4 -13 -13
 -4  11  13  24
-14  23  -4   6
-21   5  23   5
 -6   0 -21 -22
 16   9  14  17
 13 -11 -14  11
-21 -23  19  14
 14 -11 -17   6
-16   3  -6  20
 19  -4 -19  -2
  0 -17  11  10
 11  -2   3  -4
-19 -18 -11  -2
 23 -21  -6  12
-22  -9  -3 -17
-11  16  24  23
-24  -1 -11   6
-19 -21  24   3
 -7  13 -22   2
 -7  12  18  10
  9   6  21 -22
  3  -8 -20  10
-24  -4  -6 -11
 -1  -6  21  -7
 -2  -7   9  -3
 -2 -22 -22 -18
 14  -9  24  -8
-20  20  13   5
  0   8  18  18
 16  14  -7  23
 18 -21 -19  17
-23 -15  -3  -2
 -7  10  24 -12
  2   8  21   9
-16 -16   1   7
  8 -24  24   8
  4 -17 -19  15
 21  24  20   1
 10  -7 -12  16
 21   4  -4 -18
 10  12 -20  11
 18  -3  22   7
 -6  23  16 -10
 -8  -5   7  18
 -3  -4   2  22
 14 -22   4  17
 -4 -23  -3  -5
 12 -23  23  21
-22   9 -22   1
 -6   9 -15  14
 16 -22 -14  -4
 19 -15 -10 -17
-13  18   1  -3
 13  15   0  11
 15 -11  -6 -17
-18  21  -1  24
 15  19   1   1
-17   5  -5  -6
-18  -7  20  -5
-23  -8  15 -12
  5 -16  11  14
-23   3 -11 -12
-10  -3  14 -21
-17 -14 -19  -1
 -2  23  19 -11
 -4  12  -6 -12
  1   8  21  -4
 18 -14  19   1
 17   5  24   7
  7  24 -14  11
 23  21   9   4
 16  -1  -4 -17
 10  -7 -15 -19
 13 -15   9   4
-16   4 -12  -7
  9  21  13   8
 11 -11 -22 -22
  4  18  11  14
-20  17 -23   0
  1  17 -13  14
-24   0  -8 -23
-11 -20  24 -23
 18 -10   1  -9
 21 -12   3 -24
-23 -17 -12 -13
-24 -12  -7  10
-13  -5  22  12
-11 -20   4   2
  3  11  -5 -13
-19  -4  18  14
  2   1  -1 -13
-12 -24 -18 -14
-12   8 -18  19
  0   9  13  12
  7 -16  24   8
-23   2  15  -3
-19 -12  22   1
 11  17  -3  18
-24 -16  12 -23
-17 -19 -18  -4
-20  11 -11   1
 24  -5 -21  23
-10  -7  -7 -12
-14   5 -23   5
 20  -2  19 -12
  8  -4 -16 -14
-14  -6 -16 -24
 -5  17 -18   2
 11 -12 -23  15
 11 -13  24 -20
-15 -14 -16  -5
  2 -16   5   7
 -2  16  14  15
  4  19 -18  -3
  3 -17 -19  -4
-11 -11   6  21
 -6  21 -18  22
 -2 -11  -7  -1
 -5 -13  23 -18
 -5  16  11   5
-12 -18  -8   7
-23   8 -22 -14
 -4 -22   6  17
-13 -17  -2 -16
  5  15  11   2
 -2  22  13   3
  3  14   1   0
 16  19   0  -7
 -8  18  21   6
 24 -24 -15  -7
-19  12   1  24
-17  10 -19  23
  8  23  24  18
 23  -8   4  -7
 24   1   9 -18
-13 -22   7 -22
 13  15  24   9
 -2  -6   3 -23
-20  15 -16  21
 -6  -2  24  13
 -3 -13  10  16
 17   6  15 -19
 18  24  21  -3
  0  10  12  -6
 24 -11  21 -11
  3   7  14  16
 15 -23 -24  15
 13   7  12 -23
 12  24 -22   8
-21  24 -15  11
 24  21   2  -5
 15 -19   2 -11
 15  18  -4 -12
 -2 -15 -24   7
-13  -4  -2  -7
-19 -20  21 -22
-19  -9 -10  -8
-21   0 -14 -21
 12 -19 -10   2
 19  10  17 -15
 -2  23  12  16
  9  18  11 -14
-22 -19  -3  15
  4   6   1   2
 22  -9  14   9
-18 -11 -17  14
 16   7  -8  19
 -5   7 -18  -6
-10  21   6 -21
 -8  -3  -8   4
 -8   2  16  20
 17  13  18  23
-13 -17   9 -21
-12  -4  -2  19
 21  18  -7  22
 17 -10  17  14
 10  -2  -9  -8
-23 -22   0  20
 -2 -14   6 -11
  3   8 -18  -7
-19  14 -19  20
 16  24 -16  21
-12   5   9   7
 -1  -1   9  19
 -6 -15  -2   0
 20  17 -14  21
 14 -13 -11  -2
  6  23   7  -2
  6  -1 -10   5
-21  20 -12   8
 -9  16 -20 -16
  3  15  15 -14
 22   0 -17  -8
-22  18 -14  -9
-22 -11 -11 -23
-16  -7  11   2
 -6  24  23 -16
 24   8   2  10
 13  -5   1  21
 14 -22 -10   3
 20   2  24  -1
 14  21   1   8
-18 -15 -13 -24
-24   9  -7 -24
-19   1 -22   8
-24  24  11  19
-12  20  12 -10
-24  12 -18  -6
 24   7   7  -7
 16 -22 -16  10
 22 -19  18 -11
-10  23   4  16
-21  -4  -5 -13
 -2 -13  -3  -2
 14 -18   5  13
-23 -20  -5  -3
  5 -16 -23  20
 12  24  14   5
-23   7  14   3
 24   9   4  22