 -5  -9 -16 -13
 13   3   2  -5
 14  -3 -17 -22
 -2  14  -4  15
 15 -19  14   7
  2  -4 -23  10
-21 -15  -1 -12
 21  -1 -20 -24
  3 -19 -19 -23
-24   4 -13   1
 24  20  -9  16
-13   3   8  16
 10 -15 -23  24
  5 -21  10 -19
 15  12  10 -18
 10  -1  -7  22
  0 -14  -6   1
  6  14   1  23
 24 -19 -18 -11
 -6   7  23  11
  6 -20 -12   5
 -9   0 -15  -6
 18   4  23  16
-23  18   4  -1
-12  -2 -21 -23
  4   7  23  22
 16 -17  -8 -12
 -2 -10 -24  12
  3   4  13   1
 20  22   1   4
  7   5  16 -15
-21  20  18 -11
 -1  -9   9 -13
-22   7   6  -4
 21 -12   4  14
 -6  23 -21 -13
 -4   7  21  -8
-17   3  10 -10
-22  23   9  24
-10  13  15  13
  9  16  22 -22
 17   0 -22 -20
 -4  -1  -8  18
 14  21  -4   5
  2 -20  -1  15
  8 -23 -12  -5
 10 -21  12   7
 21   5  -4  -2
-17  16  13  17
 14 -21 -16   1
 -1  18 -22   3
-23 -13 -24  -8
-12  15  -5  -8
 17 -15  13  -5
-13   2  -1   9
 12  -3   4 -19
  6  24   3 -18
  6   3  22  10
 20  21 -22  -1
-21  -3  11 -19
-12  -6  -6 -21
-24   0  20 -20
 -1 -12  14  19
  2 -12  -9  12
-13  -8   3  -4
 17  22 -22  21
 14  14 -21 -21
  4   2  -6   2
 15 -22  -6   8
-15 -13   3 -16
-18 -23 -12  23
-14   6 -10  -1
-24   5 -23  18
 -4  10  15  20
-17   0  17  12
 -6  -2  19  21
  1 -17 -17   4
  3 -19   5  12
 -2 -16 -14  -6
 -4 -13   8  17
  6  21  -6  21
 21  -5  -3  15
 20  -9 -13 -16
-17 -22 -12  -1
 11 -16   7 -21
 20  -4   8  -6
 24  19  24 -15
-20   5 -24  -5
 14   8 -17   3
-10  16  17  -7
 20   1 -21  23
  6   1  21  21
 18  -5   3  18
 22   8  -3  -1
 20   4  -3   2
 -6  -2  -8  21
-20  17   4 -14
 24   1   5  20
-18 -19   4   2
-21  22  17   2
 18 -24   3 -11
 15 -17   6 -20
 15 -18  24   4
  8  -9  -5  13
-11 -13   2   1
 12   6   0 -16
 23 -23  -5  23
 -2 -12  -2 -12
-17  22 -17  -4
 21  19 -18  13
  4  -8   8   7
 -6  -3   6  13
  6  17  13 -15
 18  22  -3 -24
-12  18 -10  -8
 -9 -19  -2  -9
 -3   2  24  -4
  7 -20   3   1
-18   1   9   7
-14   2  -6 -21
 17 -22  -5   5
-14  16  20  23
 -2  21 -11 -11
  0 -16   7  -9
 20  10  -4 -14
 10  23  -5 -12
-16  -9 -12 -10
-10   7  24 -20
 -8  -7  -3  11
  4   0 -14  15
 12  -4  -6 -23
  6 -22  24 -23
-15  -9  -3   7
 18  -4 -18  24
 -5  -8  18 -21
-19  -1   6  -6
-23   4 -24  -8
 -7  -5  -9   1
 11 -22  24   0
  3   3 -13   7
 -4  -9  17  -3
 13 -13   4   5
 -8  -2 -20   5
 11   8 -24  11
-10  18   8  19
 11  -2  22 -12
-11 -20 -18  19
 23 -21   7 -13
-23 -12  -2 -21
 18  -5   4  10
-17   1 -10  -6
  8  16 -12  -2
-17 -17  18 -13
-21  10 -13 -21
 20 -22 -21  15
 16 -18   2  -6
 -9   2  13  13
 18  -9 -21 -14
-24  -1 -10  -4
 -5 -12 -19   2
 13  21  -7  -3
 15  14 -18  16
 11  16 -22   7
-16  13  12   9
 -3 -23  22 -24
-23  19   4  -2
  2   3   4   8
 16 -15   3  -4
 11  15   0 -20
  5 -18 -13  -9
 -5  20 -13  17
 -4  19   5 -12
-15  21 -19  21
-24  11  -7   9
 16  10 -17   1
  8  16  14  -3
 -4 -13 -10   4
 10  17  16   1
-12   9   8   5
 18  19  19  19
 10   6  17  21
 -6  24  -2   7
 10  16   1   0
-18  17   3  -2
 18  -2  14 -16
  6  14  23  14
 -5  -5  16   8
 13 -16  -7 -22
-16  18  21   8
 -4  -4  -8 -15
 17 -16  21  -7
 22   9   0 -23
-13 -21  -9   3
-17   0  11 -11
 -9  23 -21  -5
  8   4 -21 -15
 17   8 -14  22
 17  24  -5   7
  7 -12  23 -22
  8   4  10 -17
  5  -6  10 -12
-24  -2 -16   5
 -4  -9   5  -7
 17 -14   4   3
 10 -19  16 -16
 15 -23   3  -8
 10   4   0 -16
-12  24   8  20
  2  18  13   2
-19   0 -16   6
-22  21   2  24
-16 -13 -15 -10
 -9 -11   5   0
  2 -13   7  14
  0  12  -9 -17
 -4 -14   0   1
-24  -2  -7   3
-18 -18   1   8
 16   8  16  24
 13 -20  -5 -15
-14   6  13   5
 17 -14  18 -12
-15  -9  -6 -19
 12 -21  -8  -2
 20 -20  23 -17
-22   2 -21  19
 -8   7 -22  16
 22  20 -20  -4
  1   0   4 -16
-12 -22  22  -9
-20 -20  -4  -7
 20  -9   9  -3
-18   4   2   4
 18  10  -7 -20
-15  22 -22 -22
-10  17   0  -9
 -6  20  17   5
  1 -15 -23 -13
  3   6  19 -14
 23   3 -17  20
 18  -4 -23 -15
  6   9  10  10
 20  -9 -11 -13
 15  12 -10  21
-20 -13 -18  -7
-20   7  -5   0
-20 -12  23 -11
-17 -21 -12  19
-22 -13  -7  13
 -3 -16  16   4
  2   4 -23   2
  3 -20  24 -18
-21  24  -1  23
 13 -23   0  16
 23 -12   0 -17
-20  12 -20 -15
-22  -3  -3  -7
  5  -5  -1  -7
 24  23 -22  -6
 -2 -19 -17  -1
 -1  -7   4  24
  8  15   5   1
 20 -15   7 -16
-15  14   6 -20
-21 -15 -19   9
 15 -10  10   2
 17  -1   6   7
-23  23  -6  -4
-21 -12 -12   9
  3   8  -4  22
-15  23 -11  19
-11  -8  -5  11
-24  -3 -19 -13
 -6  14   0  24
 -2  15 -20   6
  3 -12  -4  13
 21   6 -16 -12
  7  -6  14 -11
 12 -20  -1 -14
 15 -23 -11 -11
 20  20  17   2
  0  15 -19  -8
 10 -13  -2 -20
-19 -14   0  24
 -6  20  -4  21
 24 -16  20 -21
-20  10  -5  -8
 -9   6  24  19
 13  16  10 -12
 -7 -18 -21 -13
 24  -7  16  -4
 22  -8 -14 -13
  7  -1  -9  -1
 10  24  -4  -9
-14 -19 -22 -13
  8 -16  16  21
 18  15   9 -14
 -7  -2  -8  24
 24 -24 -11  -3
  8  -6 -17 -24
 -8   5   3 -24
 23   0  24  21
 11  11 -13  12
  4  13 -11 -24
 17 -23 -10  15
 14 -14 -13  22
 -6  -7  23   2
-21 -11 -12 -21
 15  17  22 -23
 16 -13  -3  -6
 18   3  10  12
 -3  -2 -13 -16
-23  -4  -1  13
  8  -3  -5  -4
 -4  15  11  -7
-16 -11 -19 -16
 24  18   7   6
 21  19  -3 -23
 19   6 -15   1
 -2   5  -1  16
 11  15 -11   2
 24 -22   2 -22
-19 -23  -3  17
-14 -12 -19 -16
 23   6  -8 -20
 -7  17   0 -20
-13  19  19 -15
-15  14  20   5
 14  15  16  17
 -7  19  -4   0
  8  22   2  -7
 -3   7  11  12
-23 -10   0  -1
  8  12 -17 -19
 10  -3   1 -14
 -9 -19   8  22
 19 -15  24  -6
 -4  -5  -4  20
 -6 -18  19  -3
-20  24 -12 -12
  6   2   2  17
  2 -18 -15  -2
 16  -7  14  -1
  8   6  17  12
-19  23  23   8
-19 -11 -15   8
 17  18  10  13
 23   6  17  15
-15  16  16  -2
  5  -6 -18  20
  8  -2   0 -24
-11 -15 -19 -23
  4  17  -9   4
-14  19   5  17
-22  10   3  -1
 14  24  -8  20
-21  14  -2 -18
 -4   0  21  13
  1  16   4 -11
-19   1  16  14
 -2  17  22  14
-23  22   6  19
 14 -20 -19   2
-21 -12 -13  22
-15  23 -14  10
-10   7 -19  -8
 -9  24  -7   0
-12  20   0  -4
 -8  16  -9 -24
-10 -22  23 -19
 10   4   9  -6
-24  24  -4  23
-24  18 -16 -10
 -6  10   3  -5
-13  10  18   3
 20   9  -4  -7
 16  17  15  -5
-21  12 -12  -1
-14 -20  12   3
 24  22 -19  19
 18   6 -20 -10
 12  16   7  -2
-22  19  17  19
-20  24 -18  24
  7  15  24 -12
 18   8 -20  19
 23  15 -16   1
 -9 -20  -4  22
 22 -23   3 -13
  8   0 -23  -3
 12 -20 -11  10
-16  -4  -8 -24
  3  24  10 -10
 12  -2   7  -2
-23  19 -13  13
 18 -15  11  18
 18   9  20 -16
 21  -5  10   0
 13 -15  -7   8
 16  -1  23 -17
 23  22  20  -3
 -2   0 -21  11
 17  10 -24  13
-23   0  16 -12
-22 -10 -21   9
  4   2  -2  -7
-21  -7  22 -16
-15   1   0  -4
  2  -3 -14  15
 -3 -14  17  24
 -6   6  13   0
 22 -19 -23  22
  4 -22  -8   0
 -9  22   6  12
-24   1  23 -11
-13  -9 -24 -10
 10   2 -18  17
 15  12  -8 -24
-24 -24  23 -20
 22 -15 -24  18
-21  10  22  11
 24  -6  19 -14
-11  -9   5  20
 14  12   8 -23
 12  -9  -7  -6
 19  -5  12 -11
  3 -19   2  -2
 -7   3  -5  16
  2 -16 -22  17
  4  23  16 -19
-10  -1  13 -17
 15 -10 -22   5
 14 -16  -1  16
 21 -10  13   1
 -3   8   8   8
-21 -12  -9  12
 16   9  -2 -16
-23 -19   2 -15
 -7  -7   0   9
 -5 -24  -3 -16
 -3 -18  -6  -2
-22 -11  12   2
 20 -24  -5  -4
-13 -21 -22 -16
-10  16  -7  11
-21  19  21  -8
 -5   9  -3 -24
-14  13 -11  -6
  1   6  17  17
  1   0  22 -17
 -7   3  16  19
-24   0  23  16
-22  -5   3  -7
 -3   7 -21   6
 -6  15  20 -19
 21 -12  -3  13
-21  14   2  10
 17   0  22   9
-24 -16  14  15
  3   5   7 -15
 -8  -7  -6 -20
 22 -19 -10  -6
-11  16 -22  19
 11 -18 -23  -6
 20  -4   7 -21
  2 -18  12 -22
-24  -5  22  -8
  5  21  -7 -16
 -1  -6   8  -5
  6 -14 -10  -3
 24 -18   4  -9
 13 -17   7   7
 -5 -20 -11  23
 10   4  22 -24
  3 -13 -21  16
  7 -16   7   9
-17 -11  16 -12
 24  24   5   8
 15 -14  12   2
-24  14 -24 -20
 17  -3   4   8
  4  10 -19 -18
 12  23 -13  20
-18  -3  -9  -2
  3  16 -24   7
-23  24   7 -23
-24 -23 -10   1
 -2 -10 -18  -5
-17 -23 -11  16
-11  18  24  -5
-22   4  -4 -17
 15  -2   0 -21
 -8   8   3  14
 10   4   8 -18
 -4  23 -21  14
 -2 -22 -22 -10
-18 -10   2  13
-12  22  10 -17
-18  10   7  -9
 13 -22  -3 -10
  1 -18 -23 -14
-13   3  24 -22
-17  24  21  24
-10  18 -21 -13
 19  15  18  16
 18 -11   8  -6
  6   2  10  17
-10 -19  15 -18
 19 -11  18  16
 16 -21 -22  -4
 -5   5 -14  22
 -1  13  18 -14