-10  -2  23  16
-13 -12  -1 -19
 10  18   8  19
 -3  24   2  11
-11   8  22 -17
 -8  11  -2 -15
  1 -21 -17  16
 -2  19  15  17
 16  23 -23  17
-15  -3  15  -8
-12  10  20 -13
-22   7  -7   0
  0  12  -8 -22
 15   2   9  -5
 -9  12  -4   6
 21   3  14   2
-17  15  -7 -23
  6   8  -8  10
 24 -21  -5  -6
  4  -7  17  -5
 21  -1 -17  21
 18 -12  14  -2
-11 -11  -8  15
 11  17  11 -17
 -8  22  -2   6
  5   9   0  -4
-21   1  -9  18
 -6   1  15   0
 -8 -23  -2  -4
-23   1   0 -16
-16 -19  -8 -20
  1  12   5 -21
  5  16  -7  -1
-24  11 -11  17
 21  -2  22 -11
-22   7  22 -11
-24 -15  -6  -3
 -6  17 -23 -23
 15   1   7   7
 24   5  19   4
  1   3 -17 -15
 12   0 -10  -4
 -5 -11 -11  -8
-24  -1   6 -15
-20  13  24  15
-13  20 -18   5
-24   8  -6   1
 10  17 -14  -9
 12  -9   6 -12
  6  19  10 -10
 16  -6  22   4
-11 -16 -13 -12
 19   9  -5 -10
 22   0  19 -10
  3  24 -12  20
-19 -19  -7   9
-20  -6  15 -21
-12  14   0   0
 20  22 -19 -23
  8  21  -5  -8
-17   0  -8 -15
  9 -14  11 -24
 19 -22  -2 -16
 21 -24   8  15
-17  -1 -19  12
  1  18   0  -9
 10 -14  -5  -5
-15  -5 -10  -5
-22  13 -15  10
  1  13  -9  -2
  2  12   0   5
-21   6  -3   2
-16  21   8   5
-15 -19 -12  -3
 -3  22  18  24
 11   9   7   1
-16  -5 -13   4
-23  -8 -19  12
 -7  -5  -9  -5
-10   9 -13  15
 11   0  -6  -2
  6  -9 -16 -10
 14 -12  12  -6
 -1   2  -3  -8
-19   1  12 -18
 23 -15  -7  22
 10  10  12 -13
 -5   0   8  22
  9   5  -9  -8
 -3  -3  -5  20
 -5 -15 -18  14
-12  -1   9  17
 20 -24 -22  22
-11  -7  21   3
 12  24   1   0
-12 -19   7  -1
-13  23  -6  15
-19  -6 -24  21
-14 -18  22 -10
-23  12  19  11
 12  11  -7 -16
-21 -23  -9  -8
 10  23  -3  20
 17  10  -6   2
 16  17 -15 -22
-17  14 -12  23
  8   5 -14  -1
 -6  -1 -12  13
-10  10  -8  -2
-13 -22  19   6
-15   9 -14  -1
-24   8  -8   7
  3 -18   0   6
-15 -21  18  16
  9   1  -5 -21
 -1  24   7  -9
 12 -22  -9   7
 14  -7   7  21
  0 -13   0 -18
 12 -24  20 -21
 19   4  -5  -8
 -2  -3  -6  -6
 -6   4  21  14
 24  -8  -9   0
-10 -10  16 -11
-22 -18  -6  -4
 19  21   5   5
  3   2  11  -5
-24 -18 -12  -2
 18  23   4   3
 19 -23  11  -6
 -9  10  10   6
  7 -14  -7 -10
-19 -15   7   8
-21 -19   9  15
-21  14  -5   1
-16  12   2 -21
-11  17  -1 -22
 16  -7 -19 -12
 20  24  -8   5
-16  13  23  11
 -9   1  -7  -8
 -9   0  -1 -14
  8   9 -12  -4
 -5   7 -18 -12
 18 -11 -20  -9
-11 -24   0  -1
  2  14  -2 -16
 19  24  12   4
 -9 -17 -21 -11
-19 -12  -2  19
-19  -4   3   3
 13  21  22  20
 17  13  14   5
 24 -13   5  -1
 15   9   4 -20
-20  19   7   3
 10  11 -10  -5
 12 -21 -21  -5
 -6 -23 -22  -3
 -5   1   3 -19
-24  -5  18   0
-10   0  -6  -3
-14  14 -18  -3
 -6  -4  -5  -9
 15   0  19 -21
  0 -24 -22  -8
 -1  11  -6 -21
 18   9   5  -5
-20  21  -4  -2
-14  -6  13   1
  6   6  -6 -10
 15  11  -4 -18
 -5   6  -4  20
 13 -16  23 -20
  2   3   5  16
 -2   3  -3 -17
 14   9 -22  -8
  2   3  20  -8
-13  -5  -6 -17
 23 -18  23  -1
 -9  -4   5 -10
-23  14   9  22
 23 -18  -9  22
-10  -1 -23  17
 15  24  -8  -4
 20  -3  14  24
-19  24   1   5
  9  22   4   5
 -6 -12  18  -7
-23 -22  12 -12
 16 -13  21 -10
 -7 -23  15  15
  0 -11  24 -10
-12  15  23  11
  1  17   6  16
 11   8  19 -16
  4  23 -11  23
 18   3  13   5
  3   9  13 -20
 -3 -13  -2  -2
  0  11   1 -13
 14  11   4   0
 14  16 -18  18
 10  21   2 -11
-24  20  18   3
-20 -10 -16  22
 15  21  -9  -9
  0  23   9 -20
 20  -2  14 -18
-20   3  24   9
-23   4   9  13
 24   1 -17 -21
-13 -20  10   9
  6 -16 -20  20
 17  22  16 -23
-19  -7 -20   8
  2  -9  -8  12
  8  -4  -5   9
  5  12 -20 -22
 16   2  -5 -17
  4  -6  13 -20
 20  24  21   9
  2  24  21  12
 16  14   1  15
-23   9   8   1
-23 -23 -11 -22
-23  19 -10 -22
 16  22  12  16
-13   9  -1  -9
 22  11 -12 -20
  5  -6  10 -12
-14 -11 -20  -5
-13  20   6  -4
  3  10 -16  -7
-20  -2   5  -8
 -1 -12  -1 -20
 14 -22 -10   5
 -2 -22 -17   7
 16  -5  -8   5
 16 -17  22 -14
 -1  -5 -18   4
  9  16 -14 -11
-10 -24 -16  -2
-22   5  -1  24
 12 -11  13  -5
 11  -9  -3 -16
  5   6 -15 -24
  0 -10  22   1
 14  -5 -10 -13
 -7   6 -13  17
-14  -5  23  19
-19   0 -11   4
-20  12   1  19
-12   5 -17   5
-24  20  17   8
  0  17 -17  -2
 10 -19  17  13
  3  12 -11 -10
  5   5  11 -19
-18   7  -9  -6
 -9   5 -12 -18
-22   2   9 -19
 21 -17 -21 -11
 20 -22 -21  -3
 14  23   7  21
  8  10 -12 -11
 22 -10  -4   7
 -4  -1 -20  -6
-10 -15   4  17
-20  19 -16   5
 14  -3  24   2
 24  12 -20 -16
 24   1 -20  19
 17   8  12  16
  6   2 -18 -11
 13   6  -9 -20
-24 -17 -21  -8
 17 -15 -21 -23
 11 -11  22  10
 12   1  19  16
 23  -8 -18   1
-15   7  20  17
-21 -11   0 -23
-24   8  13   5
  4 -24   6  16
 -4 -24 -12  -3
 -3  -2 -16   5
 -4  -5   0 -13
 16   3   7 -11
  9 -11  12  -3
 -6  -3  21  24
 15  -7  -6 -13
-12  -6  10  16
 17  18  -4 -24
 24  20   9 -10
  4  15   4  -7
 -1   8  -6  15
-12 -16   7 -13
-15  16 -23  13
 13   2   9  -6
-22  15   3 -24
 -6  -8 -19   7
-21 -18   1 -11
  7  12  -4 -22
 18   9  -6  14
  9   1   0 -19
  0   1  10  14
 -8  -5  -5 -17
  1 -11   7  17
 19 -20 -21   2
-20  24  17  19
 24  11 -21   0
 -1  13  -3  -8
 -5  24  -1  -7
-12   1 -16   1
  9 -10 -17 -15
  5  16 -10   2
 -3  -8   2  -9
 -7 -11 -19  20
 -9  15  13  -6
  5  17 -23   0
 22  18  10 -21
-15  -1 -13  19
  1   4   6 -20
-21  14   3   8
 24  11  -4 -19
 14  -5  18 -23
  9  -2  22  -3
-20 -22  -4  -7
 20   1  19  15
 -4  21   6   0
 -1 -17   2  -4
 19   8 -17 -17
  3  22  -1  23
-10  -3  20  -2
-22  18  14 -21
-20  -1  15 -19
-15  14 -23  22
-23 -20 -15  18
 -5 -22 -18 -19
 -9  -6  15   2
 21  17  24 -23
-24  22   0   2
-21  -6  23  12
 -1 -16   8  -8
 10  13 -17  -9
 -3   2 -11  14
-13 -13  20  20
 -9  23 -16   8
-14  13   2  -6
 22  22  21   5
 10  14   3 -21
 -5 -19 -14  19
 16 -24  -3  21
 14  21 -13  23
  2  -5   6   4
-12   1  -1   5
-19  21 -16  -8
 16  23  12  -5
 23  15  19  -4
  2  24  -9  20
-17   8 -12   8
-17 -16 -20  12
-18   8  16  12
 23   3   6  -2
 19 -15  -1  -3
 24   5   2  -1
-21 -13 -16   4
-10   8 -21  -5
 23  -3 -19 -11
-20  12 -24  17
 -5   0   7   7
 18  14  -1  11
 13  -2  15  10
  4 -15   9  23
 -7  12  22  19
-11  -3 -21  24
-20  17  13   7
  1  -7   2   6
-15 -10  23 -22
  0  13  -2  -7
-18  -7  11  -3
 -6   3 -19 -22
 -2   6   2  24
-19 -17  22  -2
  1 -20 -10 -14
  3 -13  24   4
 21 -20  -4  -9
 12 -14   0 -21
 11  -6 -11  18
-16 -24  17   8
  4  17   7 -19
 21  14   7   0
-12   5  -6  11
 19 -16 -18  18
 14  20 -16  11
-16 -13  22 -14
-16  -3   6   4
 14  -8   4  13
-23 -16 -14  -5
 12  -1   8 -21
 22  -3   4 -16
 22  10  -4 -16
 -6  -3 -15  21
  5   5   0  23
 11 -18   8 -19
 18  20  17 -12
 -7   0   8  21
-10  23  -3  12
 17  -9  11  24
-19  -7 -18  -4
 10  12  10 -23
 -3  24  -8  -1
 12  -5 -23 -12
 -3  23 -19   9
-10  18 -11   0
 13   7 -18  13
 20 -19   4  -7
  9 -15 -16 -15
-20 -15 -24  -5
  3   1  23 -21
-12  15 -14   2
-22  21 -20 -18
 -8   8 -22 -17
  7 -22  16  21
 24  -4 -20 -18
 13  19  14   4
 15 -15 -10  18
 21  10   4  -9
 10  21  -8 -11
-13  16  -8 -12
-13  -2 -16  18
 -4 -24  -7 -13
-20  20   3   7
 -5 -16 -21  19
-15  11  16 -15
 14  -6  20  23
-18  -5  12  -7
 13 -12 -13  -5
 21   4 -21   0
 -8   0  -1  -7
 -9 -22  16  13
 19  24 -14 -22
 24  -1  23   0
 17 -17  -5   0
 17 -24  22  19
 -3 -20  -4 -24
-24 -16  21  -4
 20  24  23 -24
  0  -2  -2 -19
  5 -14  -2  18
 -1  -1 -10 -21
 20  19  20 -18
 19  -9  14  22
-21 -20  -1 -24
 -3 -21  17  -4
  9   6   9   5
 14  11  11  -6
 23 -15   0  -8
 18   2  -9  22
 17  20 -13  17
 -7  23   0  18
-18  17 -15  11
  4   8  19  14
  9 -17   5  12
  0  19 -10 -18
 14  17  16  15
 19  16  19  14
 18 -15 -11 -15
 -9 -22   2 -18
 -3 -15   9   4
 -3 -18  19 -23
  3  21 -13  10
 10   1   4 -21
-10  16   0 -23
 12  10 -23  20
 20   4  -7   3
 -9   2  12 -23
 18  21   0 -23
-18  -8  -5   6
-22  17  -7 -11
  6   4 -20 -10
-13  24  -3 -22
  4  -5 -24  23
 17  17 -17 -12
-12  -3  -7 -21
 -9   2  -5  -4
  0 -20  -2  11
 13   5  20  20
 15 -15  14 -19
  4  22  17   7
 -1  -7  -3 -21
 24  23  -1  -8
  2 -24   8 -24
 11  16  -4 -21
  6  24   2  -9
 24   5   4 -23
 -4  -9  23  -4
-20  16 -24 -20
  9 -23  22  13
  2  21   1 -21
 17  13 -11  22
 24  -2  10 -17
 11   2  -2 -10
 -1   9   8   7
  8 -18 -14   8
  9  -3 -12  -8
-11  11  -4 -10
-10 -22 -23  16
 22  11  -7  24
 23  18   3 -20