  9  14   9  15
  7   6   2   9
 15   5 -19  -9
 15 -12  23  15
 15  16   4   1
 -1  19 -12  13
 10  -5  10  24
-10  12   2 -14
 -4  -8  -3  23
-11  20  22 -23
-18 -23  14 -24
 -3 -14  -3  10
-15 -20  17   1
-16   8  -7  17
 -2   2   2 -12
  8   0  19  -8
 11 -12  17  22
 -1   3  15   5
 23  -9  -3 -15
  4 -20  24 -10
  5   8  17  -8
 -5   8   4  -7
 24 -16 -15 -12
 -4  -5  14 -13
 11  24 -20  -6
 -8   9  -7  -9
-17 -22  16 -18
 -6  -1  -4  18
  6  16  -6  17
-18  22  -3 -19
 16 -24 -23  -5
  2 -19  22  21
 -5  13  22   8
-21  19  16  -6
 23  12   2  11
 13 -20  -1  13
  5   6 -24  24
-22  -7 -24  17
  6  18   4  22
-10 -19 -24 -23
-24  22 -20   5
-23 -21  22 -16
-22 -19 -22  -4
 12  -6   5  20
 -9  18   9 -17
 15  15  23   5
 -9 -20  -1 -24
-13  24 -18  -5
  1 -12  23 -23
-11  24  12 -13
 10 -18  21 -22
 -2  -6  20   4
-20  14 -15  23
-12 -17  -1   0
 11  12  23 -13
-12  -1 -15 -24
  0 -10  12 -17
-19 -17  -3 -15
-18  20  10  -5
  1 -14  15 -16
 22   0 -18  23
-23 -16   2  -4
-10   7  17  21
-11   6  -2 -22
-20  12 -14 -11
 12  15  -1   7
 -6   0 -16  11
 13 -15  18  24
 -6 -22   4 -16
 23 -17   1  -5
-16 -17  17  23
  4 -22 -15   0
 -6 -18  18  23
  0 -19 -18 -15
 10  13   7  19
-24  -4  -4  15
 22 -24  -4  13
-17 -19  11  -5
-13 -23  16  24
 14  10 -16   7
 14  15   0  12
-23   6  16 -19
  0  -5   6 -20
  8  -9 -20   0
 23 -14  -8   3
 21 -20  17  -8
-10  18  -6  10
 11  -4 -13   9
  4   1   8 -19
-21 -16  15  -2
 -1  -8   5 -11
  5   0 -12 -18
  1  -6 -21 -14
 21  15  13 -18
  4  -8  -4  23
  6 -20  -1  15
-17  -6 -13 -20
 14 -19   6  -5
-11 -19  -3 -14
  5  -2  13 -17
  4 -11   5  13
-21  -7 -13   5
 -6  -4  -4 -18
-14  11  -5  12
  9   9  -2 -14
-19   9 -15   0
 -2  -8  -8   5
 21  10  18 -13
 20 -23 -15  13
 -5 -24  -2   6
-21 -10  19   8
 -8 -23   6 -21
 13  21 -10 -13
-19  -7  -2  -8
 -9 -18   7 -16
 14  -7  -6  20
 24  -2  -5   6
-18  15  22 -16
 16  16 -24  -1
 -2 -16  -5  -3
 -4   2   2  -8
 -1  -4 -14  24
 24 -24  18 -19
 19  14 -19  10
-24  19 -20   2
  1  22   0 -11
 12  14 -22  -8
  7  17 -11 -22
 22   9  -1   7
  0  20  -3 -10
-21   5  -3  14
 10  22  -4  22
-12  14  15   9
 -3 -18   2  -9
 20   6 -14 -19
 21  -8 -15   7
 13  -5 -15   0
 -7   0 -24  21
 10  -3 -14  -2
 -8  -6   7   3
  8 -10  -9 -23
 -2 -12 -13 -24
 -1  12  -2   0
 15  12   5 -19
 -7 -22 -14   2
-20  10  -4 -16
-13 -14  20  16
 17 -15  10   3
 -7 -21  13  23
 -7  15   0   8
 16   0 -22  13
-11  12  -3 -14
 19  10  11  11
 -3  -1  20 -22
 16 -21  21 -24
 -1  15   0 -24
  3  11 -17   2
-23  13  -7  11
 10   3 -12  15
 -3  20   1   3
  3 -12   2 -20
 14  22 -14 -10
 18  12   2  -7
 22 -22 -14  -2
 -5 -16 -15 -23
 21  10   7  13
  4 -24  22  16
 -4 -11   8  19
-12  22  -4 -14
 12  11  -5  20
-24  22 -14  -2
 24 -24   4  16
-21 -14   5 -21
  0  -9   8  16
-22  -7  10 -12
-22 -17   4 -22
  2  13  22  24
-12   4   3   2
 -9  22 -10   6
 -7  17  -5  -7
-12  17   3  15
-11 -12 -11   8
 -9  -8   3  12
  6  -8  16   6
  5  22  22  17
-22 -24 -18 -24
 10 -24   5 -21
 -3  23  10   3
 22  -7   6   6
 22 -22  24   8
-12   1   4  -9
 23  21  23 -19
 -3  10  -4  -9
 12  21 -12 -15
 -9   6  24  -4
-20  15 -24 -12
 23  18   4   9
 16 -17  20  18
-21 -15 -15  14
 14   6 -24  22
 16  16 -11  23
 -4 -17  -4 -24
 18 -14   4  22
 17 -11  10  -4
 14  19 -17 -17
-15   5 -13  16
 -9 -11 -18  -3
-21  23  -7  11
  8   5 -19  -2
 -3  23  22 -21
 -3  13 -15  24
-11   0  -1  -1
 17   4   8  15
 15  23  -2  24
 18 -16   0   1
 -8 -14  18 -18
-16  -6 -18   4
-16  -2  -7  22
 12 -22  13 -22
 -7 -21 -11  11
 12 -12  16   0
 23  15   7  -6
-22   8 -12 -17
-14  20   2  10
 -8  14  24  -1
 -2 -14 -18   8
 23  21  14  -8
-10  11 -16 -22
 15  18   4  19
-13   9  15   3
  6 -15  17  -6
-19  -7  -4  14
-21  -1 -24  -3
-20   3  14 -13
  3  24  -3 -16
-10  13  15  13
-15  -5  23 -22
  4 -19  11  17
-14 -22   2 -23
  5  -6 -13  -4
  4 -17 -22 -23
 -2 -13  -4  -1
 17   0  18  17
 -3 -14 -24 -24
  4  -8   8  -6
 11  10   4  11
-10  -9 -16 -14
-13  12 -19 -24
  1  18   4  15
-19 -16 -23 -11
-20   2   5 -13
  8  -7 -16 -23
 11  12  22 -24
 -9  18  23  -5
 11   8 -11  17
 17 -21 -11  11
-23   8  -6   2
-21 -14  -9   8
  0  23   8  20
-19  -1  17  20
 22   9 -13  14
 19  12   3  14
 15  -3 -16  -4
-16  18  23  20
 14 -16  -8 -19
 19  19  24 -24
  2  11 -14 -10
 22 -23  18 -21
 18   0 -11 -17
 19  -5  20 -20
 -7   1  22  -9
 15  -3  22  23
 16 -15   8 -20
 10  -2 -19   8
-14  12  12 -23
 15   0 -18 -20
-22  23   7 -21
-12  -1 -17 -14
 12  16  -1   6
-15  -7 -17   5
  0   0 -17 -23
-21 -23  -2  -3
 23   7  -5  21
  2  -1  -7  17
 -3  19  -9 -23
 18   8   1 -13
 -7  -4 -13  11
-19  11  15 -20
 19  -4  15   9
-18 -24  -6  13
 10  16  -6 -24
  4   4  17 -19
 -7  15  -3 -13
  0  -9  15  22
 -4 -23   5  18
  3  15 -22 -16
-18  -4  20   2
  1  13  -5 -16
  7 -15  20   5
-21  14 -19  -7
 -7 -17  -6   6
 19 -12  21  17
-18   8  19 -23
-10 -20 -20 -21
 -7  22  -4  16
-11 -18   1 -10
 -2   9   6 -10
 16 -11  24  20
-11  -8   9 -18
 -8  19  15   8
 21   8  -8  -4
  1 -24  -1  16
-10 -14 -22   6
-13  10  -2 -19
 14 -17  23   2
  4   8   4   2
  6   8  -7 -18
 -2   7  22  -3
  9 -22  11 -24
 24 -17  15  -2
  6  -8   8 -24
 -7   0 -22 -12
 18  -9 -21  10
  4  -2  -3   6
  0 -17  18   9
 17  16  14  -3
-12  -5 -19 -24
 11  -5   2   6
 14   8 -21  -6
 18  -3   3  -3
  2   0  12  15
 -5  -7   5   0
 20   6  21  -7
 14  -1  16  14
 11  -8 -10   8
 19 -21  -4  20
 13 -22  -9  19
-11  18 -18 -13
  4  14 -22   1
-15  -3 -11  20
  6  15 -11  23
-13 -14 -23 -23
-20   4   2   5
-23  -3 -24   6
 15  21  -9   8
-24  21 -18  19
-13  12  -6 -19
 10  -9  20  15
 19 -15  -5  -5
-14  22  19   4
 -8 -23  -3 -22
-13  16   5  20
  2  22  19 -18
 20  18 -18  21
  7  24  22  11
-12  16 -21   9
 10   1  20 -23
 -2  -1   5  22
  8   9  15 -23
 -7 -15  -4   8
  3 -20  24  -3
-10  15  -7  -6
 14  16  21 -15
 -9   0  24  -9
 11 -12  13   9
 -6   6   5 -24
-22  10 -14  -6
 -2  21   7 -11
-13 -14   3 -11
 -2  11 -20 -14
-12  19  12  12
  4 -23 -14 -11
  0 -20  11  19
 13 -23  20  18
 22   5  -9  23
-19  19 -17 -13
  7 -17 -19 -11
 -2   0 -16   8
-24  19  20  -3
 21  16 -11   0
-21  -9   8   0
 -5  17   5 -14
-20   0  24 -18
-24  12  21 -18
-12  14  16 -14
  2 -20  15 -14
-24 -24   8  -5
-23  11  21  -5
  8   7 -22 -13
  2   7   4  12
 11   5  -3 -16
-19  -4   4  -4
-15  12 -23   9
  6  12  -6  -4
 24   4  -2 -14
 23  22  -6 -18
 -6  13   7   2
 13 -16 -11  11
 20 -14 -16  12
  8   3 -21  24
 17   2  12   7
-24  22  22   6
 -6  -5  16  14
-19  -4 -11 -17
 -5   4  -4  15
 23  10  10   2
 -6  23 -19  -3
 11  -9  -3   4
 14 -14  23  -9
-13  16 -15   2
-13 -18  15   1
-23  16  -4 -11
-19  19 -16  20
 -6   5   0  -7
  2   7  12  13
  6  -1 -22 -21
 16   2  -6 -11
 -9  -1  -5  18
 16   9  -5   5
 -5  13   1   9
 -6  15  16   5
-21 -16  15   6
-19 -12  -2  -1
-10 -12  23 -14
 10  24 -13  -3
 23  14  -9  -1
  2 -20  10 -23
-23  16   5  -3
 10  -5 -10   3
-13   1 -23 -11
 23   5  -5  15
 -5  -6  -5 -14
 18 -21  -9  22
 22   8   5  20
 24   9 -13  12
 13 -18   7  -5
  1   8  20  16
  8 -13  24  14
  4 -24 -17  15
 -6   4  24  -6
-12   7   3 -16
-11  23  -2 -18
 17  -7 -13 -21
-21 -21  -8   9
 12   2  14  21
 -3 -20 -11  14
  1  -6   0 -24
 -2   0 -16  20
  0  19  -7  10
 20  15   3   9
-16  17  -2  24
-19   8   8   9
-17  23  -8   7
-13   1  16 -18
-20  20   8   6
  0  -9  19   8
  2   3 -11 -21
 24  24  20  -3
 -3  -6  24  13
-23  -6  15   0
-14   1 -24 -10
-21  -1 -17  -6
-15   7   4 -24
 -6   7  10  -6
  0 -20  -2  23
-23   7   4 -19
 -9 -12 -10  -8
  7  10  22 -11
  1  17  -1   8
 20 -10  22  -3
 20 -17  16   2
  7 -17 -21  17
-13  16   7 -11
 -6   4   4 -18
  9 -20  19 -23
  2 -11   0  21
  9  12 -10  -9
 22  -1  -5 -23
-23  24 -11   0
 23  10 -10 -20
-24   8  13  17
 24  12  24 -16
 -5 -18  -2 -21
  0 -14  -2  24
 -4  -2   6   9
 13 -20  16 -20
-20 -23  22  24
 24  -1  11  21
 22  24  17  15
 11  23 -19  -3
 -5 -18  12  16
  1   2  13 -16
 11 -17  -1  11
 -3  19   0  -1
-17   5 -23   4
  9 -24  -1 -13
 12  13  15 -23
  4 -14  -1   8
  5 -19 -21 -17
-16   6 -20 -16
-20 -11 -24  16
-21  18   1  22
 12  24  -8  -4
 16  19  16  15
 -9  22   2 -13
-10 -22  13 -10
 18  16 -17  -4
 11 -24   6   3
 -1  14  -1  12
  3  -4   9  12
 -1 -12 -12  21
  6 -12 -11 -14