  4  20  -1  -8
-22  23 -14  -2
-11  -8   2  -9
  2 -14  15  14
  2  10 -12 -18
 22  10 -17 -12
 -3   8   5 -15
 21 -24   0  -6
 -9  -2  18  19
-15  -3  -9 -22
 20  -4  -5  -5
 17  -5 -12   4
 23  11  16   5
-17  -5  -1 -23
  7 -23 -12 -16
-21  -1  -3   4
  4   3 -15  -6
-21 -19  17   1
  5  17 -18  12
-12  20  19 -22
  5 -10   5 -15
 14   1  -8  13
  9 -24  -4   1
 22  23  14  -9
 12   1 -12  14
  6  -5 -10 -18
-16 -21 -23   8
 24 -24  -4 -17
-20  12  13  -2
-13  14 -14  18
-14 -15  19  19
-18   3   1 -19
-21  13  20  23
 14  16 -12  -1
-14  16  -7  20
 14  20  -2 -15
 22 -11  -3  23
-17   0 -22 -17
  5  14  23   0
  1  13   4  -1
-11 -21 -11  -9
 -8  -2  22  10
  5  13   5  24
 -6 -22  22  16
 -5 -20  24  -5
 -4 -21  19   2
 23 -12  -9  23
-12  24 -13  15
  5  20  16  -4
  3  -4  -8 -22
-20  14 -21 -15
 21  -8 -10   9
 -4  22 -22  -1
  0 -11 -21 -22
 17  21 -12  -9
 15  15 -16   5
 -1 -15  -7 -24
 23  -9   8  15
 14   2   0 -16
-15   4  -4  -2
 23  21 -23  -7
 -9 -15 -15  10
 22  12 -11  10
 -1  -2  -2 -19
  8  23   0   2
 -8  15 -23  -4
 12 -23  15   6
  1  -2  23  24
  7   0 -11  -9
-23 -13 -13   0
 24   0   7 -12
  5 -12   0   0
 13  10   1 -18
 -2 -21   2 -20
-10 -18  22   0
  0  -9  12  22
-21  -2  19  18
-15  -9  16  20
 -2 -10  -9  -1
  0 -16  14   1
  9  19 -20   0
 11  20 -23 -21
-24 -22  18  19
-18  24  10  23
  3  24 -18   7
-21  13  18 -16
-11   2 -16  -2
-11  24  11 -21
  7  14 -13 -23
  9  10 -11 -10
-23  14   3  -5
 18  -9  22  13
 13 -10  -5  21
 21  -4  -8  11
 -3  14  11  -5
-11  -4  -7  24
 13   4  21   5
-23   5   9  -2
 20 -24   7  -2
  4 -14   7   5
 16  -2  21 -20
-10   7   5  15
  0  20   1  22
  3  14  10 -17
-24   7  16 -23
 -4   2   3 -10
  7   6  19  24
-11   1   8  10
-17  15  14  13
-20 -12 -24  -2
 20   3   5  18
 -2 -21  19  24
 18  17  18 -23
  9   0  -2  17
-19 -19  -3  21
  1 -12   5 -24
-18  14  -7  -6
 22  -3 -18 -18
 13 -24 -10  12
-13  20 -18   9
-23  -1  18 -13
-17   7 -11  12
 22  -9 -14 -11
  6   7 -15  -1
 23 -15  14  18
 -4 -22  -1 -23
 19   5 -17  -7
  7   6 -23 -16
 19  -6  12 -15
 23  19 -17  24
-10 -10  14 -19
 16 -21   7 -24
-10  -2  -4 -20
  4  12  14  -6
 24   5  -6  -1
  1   8  -3  22
-14  -2  -6   5
 -8  -2  18 -11
  3 -15  10  -1
-23 -15 -22 -15
 -9  13  -8  -6
 13  18  18   0
 -8  18  -6   8
 -5 -19   3 -24
 23  14  24  -4
-14  24  14  -9
-11  16  -5  14
 20 -11  18  10
  3   7  -8 -19
 19  17  -3  19
-15  -1   0   6
 22 -11  18  11
-19 -17 -24  14
 -1  11  18  -4
  7  -9  -2 -18
-24  -7  14   0
-13 -24  13   5
 -7 -24  -5 -20
 24  14  -9  -5
 10  14  11 -24
-22 -24  -2  14
 18  -3 -22  18
 11  16  21  -8
 12  11 -16  -2
-16  -6   9  10
 -7   0  13 -16
  5  19   1  11
-15   5  14  12
-13  -3   6  14
 10 -19   7   3
  2   8 -20   3
  4 -15  15 -17
 22 -22  18  13
 -2  15 -10   2
-21  -2  19 -22
 10 -15  -8  -8
 21  14  24   7
-14  13 -18  23
 -3  -5 -21 -10
  9  22  10 -12
-22 -10  -2  12
 -6   8 -18  12
-20  -8   2  -9
  9 -23 -14 -22
  3 -20 -21   8
  1 -24   8   0
  8 -11   8  22
  2 -20  23  -1
 -3 -11  24  18
-19  -4  -2  22
 -1 -18  11  15
 23 -20 -22   3
 -6  19 -22   8
 -3  -1 -22  -4
-11 -20 -14 -22
 -2 -22  22  13
 22  -3  -6 -12
 14 -17  20  -1
 12   1  -4  13
  3  19   0 -14
 17  11  17 -14
 -2 -12  18  17
 -3  13  13 -11
-12  23   5 -15
  1 -10  12  14
 14 -19   0  -5
 -3 -24 -24   1
  3  10  24 -12
 16 -12 -13  18
-22 -17  -3 -23
 17 -18  10   2
  8  20  15  -8
 14  17   3   3
 -8  -5 -19 -17
 -9  19  14  -8
 16  16  -5  -4
 -6  24  14  -2
-13  -2  10   6
  3   0  17 -24
-14  16  19 -17
  2 -22  15   3
 16 -14  -6 -20
-24   0  22  19
  2 -19  -1  18
 17  16  12  -1
  8  10 -12  -5
-15 -15   8  21
 -2  15  -3 -12
-16  -2  -9 -14
-22  22  -2  14
-16  -6  23  18
 18   5  14  13
 18   8  16  12
-23  24  -7   6
 -6 -21  20   4
 12  -9  -7 -10
 12  23  16 -20
-23 -21   4   7
 10 -22 -23   4
 21  10  -7 -12
 11 -13   9  -7
-17 -10  22 -10
-20 -24   0  19
 -3   1  10  -1
 -4   6   5  -2
 -6  -3 -15  -6
 15 -16  15 -12
 -2 -21 -17   3
 13 -12  -2 -20
 11  23  22  22
-13 -16   8  21
-20   4 -15  22
  2  17 -14  24
 -7   5  10   2
-12   9 -23   1
 22 -19  -3   8
  0   7   0 -17
 -3 -13 -24  -2
-10   1  12  -5
-23   9 -18  14
  4  16 -20  23
  2 -24 -19   4
  8  -6  18   4
-23   6   7  22
 15   2   6 -22
-14  -8   1 -16
-18   5 -15  -3
-24 -20  -8 -14
  8 -13 -14  15
 21  13  -7  14
  0 -20   5 -22
 -7  -8  -7  -2
  0  21  10  21
 -8  22   7 -20
 -8  24 -17   5
 16   3 -19  -1
-12   1  -4  -8
-14  21  23 -20
-18  -1  16  17
-22  19 -15  19
-21   9   4  11
  0  14 -11  16
-21 -24   5  24
 20  -5 -13  14
-24  18  -8   0
  4  19  21 -16
 -4  23 -23   6
-20   2  -2   9
  2   7  14 -22
 24   9   3  23
  8 -19   7 -17
-11   3  10  -6
 16   4  10  10
 -8   5   4  -6
 17  24  10  22
  8  -9   1  -8
 -6 -14   7  12
 21  12  16  -4
 -1  -3  17   4
 -8 -10 -21 -21
-16  15 -18  -2
  1  -9 -17  24
  8  14  23  -4
 19  -6  18  23
 -4  11 -11 -18
  4 -24 -18  21
 12 -16 -15  10
  3  13   2  18
 -3  24  14 -19
 19  23 -13   5
 20 -18   1 -13
  7 -15  21  14
  4  10 -10   4
-10  20  15   9
 -2 -17   8  -9
-23  23 -23  -1
-22  20  19  -6
  0 -20   0   7
-20  22  -6  -1
 15 -16 -11 -17
 11  -9 -10  11
 -5 -23  14  22
  0  -1 -24 -24
 -6 -11 -13 -19
 -8 -23  11 -12
 19  23   0  -7
  0   6 -11  -1
-20  16  -4  13
-19  15   6  -4
-21   0  -9  19
 18  -5  -2 -17
 20 -11 -20  10
 18  20   5 -13
-18  22 -21   3
 14 -22  -4  18
 24  20 -16 -19
 22 -11   7  18
-13  22  20 -10
  8   2  -8   9
-19 -10 -13  -1
-17 -13  10  -4
-23  23   6  -5
 -7  16   0  -5
  9  14   1   5
-18 -10  -7 -14
  8  17  -1 -21
 -5   0  22   5
 12  -9   9  18
-18   2 -13 -12
 -8 -24 -21   0
 15  -2   5  13
 12 -19 -24  -5
 -8   2   9   2
  8   6  -7   5
-17  -7 -13  16
-20  15  20  16
-16  -1  -4  15
-15  -6 -20   8
-24  13  -2 -23
-14  12  -3  23
-22  -2  18   2
 -4  -5   3 -13
-24  19 -22  19
 21  13 -22 -24
-15  -8  -1  -1
-24 -24  10   1
 -2   7  18  24
  0  17   3   6
  7   8   7  11
  0   3 -22 -19
 10 -11  22  -5
 24  -4   3   9
  1  -8   6 -19
 -9   3 -22  11
-20  17 -18  -3
 23  23  12 -22
-17  -3  16   2
 -2   6 -15   0
  2  17  24  19
 22  14  23 -14
-21  -7 -18   4
-13 -19   9  21
  4  -4  17 -11
-17 -20  15   2
 -5 -11   8  18
-10 -17  -5   1
 -8  19   2  -8
 21  -7  15 -10
 -2  -3  10  19
 15 -19   6 -19
  8 -10 -13 -10
 -2 -22  -6 -22
-13 -18  -5  -5
 24   6  16   5
 15  14   0 -15
-15  22 -14 -18
-21  16 -23   4
 17  -8  15   1
-14  -6  -5 -18
 15 -16 -23  19
 16   8  23 -15
  1 -19  16  12
 20  -9  -3   9
-20  14   8  18
 -8  -6  -9   1
  6 -10 -16 -24
 23  -6   9  17
 -3  13  -5 -15
  7 -19   0 -23
 17   2 -11   3
  3   2   1   8
 22  14 -24  23
-14   3 -12  -1
 15   8  -5   9
 22 -11  18 -14
 22  -4 -17  -8
 11  22 -17  14
  4  19 -10 -14
-16  20 -15 -19
-21   4 -22 -23
 23 -22   4  -5
 17  12  -6 -19
  0  12 -24   9
 16  11   1 -13
-23  -6  21 -10
  3 -23   8  -2
 24 -14  12 -19
-22 -21  -2   4
 -7  20   4 -11
  4   5 -14 -16
 10 -22 -22 -14
 20  21   1   2
 12 -23  21 -10
 23 -21 -14 -16
  1 -23 -13  24
-23  -1 -16 -12
 -7 -21  12   0
  9 -17  19  16
 -3 -11  -6 -16
 15  23  10 -13
-21 -15   1  -1
 20  14  20 -14
 16  19   4   9
  7  24  22 -22
 -9 -17   8 -11
-16   2 -14 -22
  3  16   6 -20
 22 -17 -12  -9
 18   5 -18 -10
-13   3 -19  21
  1  -4 -16 -17
 18  -2  11 -11
-11   1  14  -2
-20  24   4   3
 23  13  -1   4
  0  -1  24 -16
  2 -14  -8  21
-10  -9 -13  16
 13  -8 -15  -9
 14 -24  -4  -5
-16  -5 -11 -20
 -5 -19  16 -20
-17  -8  16  22
-19  22  12 -14
 13  10 -14 -19
 24 -14   2  23
-15  -6   6 -14
 23  12   1   2
 22   7  11   0
-18 -15  10  24
-23 -17  10   8
 22  12 -11 -23
 -4 -12 -12 -16
-12 -21  -1  -3
 19  -6  16  11
 -1  -7 -24  18
 21 -13  10  24
 -3 -12  10  13
  5   9  17  -1
 21  10  -7  -1
  9  -8  -6  -1
 16  -5 -14  13
  0   6  -9  20
 -5  10  12   8
-21  -4   6   6
  1  -5  -9   0
 -8  12   3 -10
 24  -1   6 -20
 -2  -2  19  -9
 -9  16 -15   9
-17 -17  21   8
-17   4 -21 -15
 23   1 -18   4
  0 -23  -8  20
 -7 -14   1  -9
 -3   6  11  -1
-22  15   1 -14
  4   2   7   9
  1   5   9  -4
 -1  -1 -21  21
-22   5  18 -24
 22 -19 -21  -1
  6 -21 -20   6
  8   3  -3   9
 10  22  15  -3
  6  -4 -22  16
 22   3  -6  17
  6  -2  22 -10
 19  -4 -10  23
-16  13 -18  21
-17  23  20 -10
 -2  22  14  -2