  9   3   8  -9
-13   3  23  24
 24  23  -6  -9
-16  21  -5 -21
 -5  14  13  -8
 15  -3  -6   8
  5 -18 -18  13
-17  -4 -16  11
-15 -21  22  -8
 17  -9  -2  20
 -6  16   9  14
 17  24 -10   2
 -7 -17  -5  -8
  0 -12 -22   7
  1   6 -14  -5
 -1  -2  -1  -7
 13   4 -18 -21
-12 -18 -24  21
-13  -2 -21  18
  3  -8 -13 -16
 -4  15 -23 -19
-18  -5  -7 -15
 -5  19  19  11
-20  13 -12   4
-11  -8  -8  -5
 14 -22  19  -9
 -8  23 -15  20
 23  24  -7  16
-23 -10  19   9
 14   7   4   0
-17   9  24 -17
-21   5 -15  -7
 10 -10  -9 -23
-20  23 -21 -22
  1  19  11 -14
 -4  -1  20  14
-14  -2 -21 -24
  0  -9  19 -10
 -1  12 -21  13
 -8  12  -5  -8
-18 -24  23   5
 -1  17  23  22
-12  -5 -20 -21
  1 -10 -14  13
 -8  24  -7   1
 12  11  13  21
-23 -21  -3   7
-19  20  -9 -18
-15  18 -16 -24
 -5  -7  21  -2
-12 -23  16  22
 -4  -6 -16  17
-24   7  23  23
 16 -15   5 -14
  2  12  -3   3
 14  14  10 -10
 12  21  11   4
 -6   8  24 -21
-19 -12  14  -5
 -2  20  22   9
-15  24  24  24
  8  -2 -13  -5
-10  -7  -1   2
  3 -10  13 -14
-17   4  -5  -5
 -9 -23  21  24
 23 -21  -6   5
 12  14  -5  17
 -9   3 -18  -5
-21 -11   9 -20
  9  -9  -2   2
 -5  16  10 -21
-24   8   6  -6
  1 -11  -1  -3
-12  14  17  14
  8 -15  15 -17
 -1 -12  11 -11
-21   3  -6   7
 10  22  10  -7
 20 -11  18 -12
 17  18   8  21
-14  -5   6  22
 -8 -14  -7  24
-20 -13   6   7
-19  -2 -14 -12
 -2  16 -21  23
 15 -22  -2 -13
-23 -15  22  -9
  0   9  19   5
  4  -7  24  16
 22  -5   4 -22
  3  -9  -6 -24
 21  18  16 -18
 -2   5 -24 -14
-24 -24 -13   7
 19  -5  -1 -23
 17  17  19 -11
-24  -7 -13  -5
-16  -6   8  19
 23 -11  -1   6
-13   1  -7   1
-14  10 -17   2
 -5 -14  -4  20
  8   8   8  16
  0 -10   5   6
-12   9 -17  24
 13 -24  15  -9
  0  20 -23  -3
  7   8  11  -4
 -3  19   5  -4
 11 -14   1  18
 19 -24  24 -12
 -7   6  21 -13
  1  20  21   7
 20  -1 -16  -7
 -2  -3   0   2
-18  10   5  -1
-22  15  13  -9
 11 -16  -9  19
 23  -6   6  17
  6  -8 -24  24
  6  18   8 -19
 14   1   7   9
 -1  10 -16  23
-20  -3  14 -12
-11   1   0 -22
  0 -13  19  -5
 16 -22  -5  17
 -2  10  12  19
-12   7   6  -9
 20   2 -13 -18
 12   0  10  14
 -7  -9  -5  24
 -1  23   6 -10
 15   9  15  24
 14 -18   6   0
  9 -14  23  16
-15   0   4 -18
 16 -12 -15  -3
 18   3  12  22
  3 -20  21  14
 -1   7   6 -17
  5  21  20   8
 -8 -13   2  -1
-10   9 -24  -5
  3   9   6 -19
 15 -23  24  -8
 16   0   7   3
  2  -7 -10   1
 -4  -1 -18 -13
  3   3   8  -7
 -8 -12 -12 -22
 11 -13  18  22
  7 -22  -2   3
-22 -23  -2   5
 -2  23   5  19
 -4   8 -14   7
-18 -24 -18 -22
 -6   5  -4  21
  4  -7 -16  12
  9  23  -9  -2
 11  -6 -16   8
 -2 -20  17 -15
  8 -17 -19 -24
-14  17  20 -14
  4 -12  -5  21
 21  14  -5  -8
 16 -16 -15  22
-16 -10  24  19
-11  19 -16 -15
-20  12  -3   1
-12  11 -10  -2
 12 -11  13  -6
 -9   9 -24   9
 19   8 -21  -3
-23   2 -11  17
 -9  21  14   8
-14  16  17   6
-19   8  15 -17
 11  10 -10   0
  9 -23   4   7
 -9 -13 -17 -23
 12 -12  21  -9
 11   2  15 -18
 21  16 -23   3
 22  23  -5  -5
 16  -3  13  -5
 -3 -17  -1  16
 24   7  12 -18
 20  18  22  20
-16  15  18 -10
  3 -11   1 -21
 12  14 -22  23
  0   2  23   7
  0  15 -13   8
 21   3 -10   7
 11 -15 -11  12
 -9  -2  19   4
-24  -4 -13  -8
  5  11   1   3
-22 -21 -24  -6
-12  19  14  -3
 13   7  14 -12
  4 -10   3 -14
 -4  10 -17 -18
-11 -14  18  17
 23  -8 -11 -14
-10  -4 -15   8
 24   2 -11  21
  1  23   7 -14
  4  15 -19 -14
 -4 -24   4   7
  0 -22  19 -16
  1  13  24  11
-18 -16  15  20
 -3   0  -6  -3
 -9  24  23  -2
  7 -10  10  -9
-15  -3 -24  11
-21 -21  10  -5
-10 -15 -14  -8
-23  22 -10 -18
 14 -14  12   9
 12  11 -20  -6
 10  -1 -11  -7
-13 -20 -17  16
-18 -11  -8  -6
 -3 -12 -13 -10
-19  11  14  17
-12 -11   4  19
-16  22 -13   1
 14  -5 -17 -13
 -6 -15  -9 -12
  1  -1  19   8
-14  -2   1 -20
 21  22 -12 -16
-20  18  20  12
 12   5 -17  16
-24 -14   1 -22
  2   8  -7  21
-18   3 -15 -11
 24  -8 -15   1
 16  -9  13 -23
-22  -2   0  10
  8   3   5  10
 23   0   5 -13
  0  -9 -23 -14
 -7   2   2  21
 20   3  22   8
 -5  21  15 -12
 15  -8   4 -13
 12  21 -23  17
-23 -19  12  22
 16 -20   8 -15
  3  -5 -22   3
 11  24  -2 -19
  3  21   0   8
 23   2   9 -22
 -2  -7  11 -11
 17  -5 -12  23
 24  20  -9  12
  5  20  22  14
 10 -19   5   1
-19   1  18 -10
-21  22   4  10
 -5  -7   9 -15
 14 -14  17 -17
-16  19 -20 -14
 19  18 -22  -9
  8  -8 -20 -22
  7  22  16  19
 -4  10 -17 -23
 15   1  24  -6
-24  15 -22   4
  6  13  -3  -9
 23 -20 -16  18
  0   9  22  16
 19 -16   0  18
 21 -14  22 -22
  8 -11  -6  -7
 24  22  13 -12
  9  11  13   3
  6  -8 -17  -5
-24   7  -3  -6
 -5 -18  -3  13
 16   2   4 -17
-12 -23  -1  -4
 12  20  -6   9
  5  17   7 -24
 -6  -7  17 -12
 -9 -20  -8   2
 22 -17   0  23
  4  24 -21 -12
 19 -14   6 -12
-16   3 -11  -4
-19 -24  -9   6
-20   4 -22  -5
-10 -19 -13   5
 11 -12 -17 -21
-18  -4   5  19
 10  19   7 -23
 -6  -3 -18   3
  2 -12  -5   0
-17 -11  -6 -22
 23  -7 -23 -20
-10 -23 -16  24
  8 -12  -9 -23
-13 -20  13 -19
-24 -19 -13 -21
  5 -10  10 -10
-22  -6  15 -15
  4  10  -8   3
-14  23 -21  10
 10  -1  11 -23
 18   1 -15  21
-19 -10   9   3
  6 -23  -6  10
-23 -17   8 -17
-23   5  19  -3
 13  -5 -18  14
 10  17  -9  19
 24  14 -13  23
  4  17  21  -3
-22 -14 -19 -10
 -8 -20  -4  -8
 18  -9  23  -3
-24   9  14  20
  4   8  16  23
 10  20  -2   9
 -7 -11 -23   1
-12  -6  15 -13
-11   7  18  22
 13  -8  10 -20
 18  -5  -2 -18
 19 -13  -1  24
-14  23 -18 -22
-22 -12  -5  11
-13  -7 -10   6
  2 -20   9  -3
  9   5  12  11
-11 -19 -20   3
 -6 -19 -18 -13
-10 -18  -6  20
  5 -14  19   0
 -4   9 -21  18
 23 -12  23  22
-22  15   1 -21
 22  20 -15  22
-21  10   0  19
 -7  -7  -1  -4
  5  -7  -7 -22
-13  -5 -18  -3
 12 -19  17   8
  7  13 -17  18
  2 -14  -6 -15
  1  15   1  16
 22  18  16  -2
  6  17   8  11
 15   5  -1 -11
  7  17  15  17
 -2 -11   6 -20
 19  11 -12 -23
 18  23 -10  22
 -6  -5   3  23
 15  -1 -22  20
 -1  18  13 -22
  7 -24  13  14
 22 -16  -7 -13
 -5 -18  -1  -5
 -7  22  11  12
  9 -19 -18 -22
 -8  18 -21  -8
  0   7  -4 -12
 14  18   1 -23
  1 -22 -24  -8
-21  22  -8  -4
 15  24  -2  17
 21   6 -12 -18
  5  -1  11   2
 16 -22 -19  -8
-12  13  -1   3
 18 -22  20  -2
-12  -7   8   3
  5  17 -12  13
-19  20   5   2
-22  -2  23  24
-13 -22 -18 -19
  5  19   1  -8
  8 -22  11  13
 14  20  -4 -20
 -7  -9  22 -21
-17  10  -2 -23
  8  22  -9 -22
 11  -6 -12   6
 12  24  10 -13
-17  -4  23  23
 -5  21  13 -11
 21  -1  -6 -13
-18  17  13   6
 16   9  17  11
  7 -17   3 -20
  0 -12  22 -23
  8  -1   6  -2
  3  11  10  16
-15  18 -15  15
-16 -10 -12   4
-14  16   2   6
 -9 -19  -6   9
 -6 -22   4 -14
 18  -2  -8 -22
-22 -10   2 -24
-16 -18  16   1
 23  13  -4 -11
 22 -16  19 -22
 22   3  -8 -12
  9  14  22  -7
 17  -3  24  15
  7 -22 -12 -14
 17   0 -14  17
 -3   6  11  -6
 16  10  -4  24
 -5  16 -16   7
-24 -20 -23  -8
 10  23  -3   6
  0  -9  18  17
  5 -14  12  10
-13   2 -15  -5
-24  11  13  20
  2  18 -17  21
 -6  -4 -23   7
-13 -23   2  -2
 -4  17  12 -22
-11  -4  -4  20
 15  12  -6 -22
 -9 -19  12 -21
 22   8   2   8
 -3   9 -22 -12
 15 -17 -22  13
 11   6 -13 -21
 -8   4  -1  17
  1  -6  -9 -22
 21  -2  -7  12
-20 -11  19 -11
  6   2   1   1
-22  20  -6 -22
  8  -9  -7 -15
-20  -6  15  16
 21  -4  -9   3
  0  13 -15  -4
  9 -17  -8   6
 12  -2  -4 -16
 14  -8  -1   4
  2 -11   5 -12
-21  13 -20   7
-13  -9 -13 -12
  5  19   6  -8
 11   6 -13  15
-16 -19 -12  14
 -7  -2 -11  22
-19  16 -21 -20
-23  23 -13  19
  3  11  -9  12
-22 -20  -7 -12
-19  10 -21  10
-20  -6  -1 -22
  7  10  -7  18
-13 -22   1 -12
-18  24   7  10
-15   5   1  -4
 12  23   6 -21
 22  -2 -21   4
  7  -3  -5   6
  5 -14  13  16
-18   4   3  20
 -6 -23   0  18
  8  18  -4  10
-13  23  20   3
 -8  -3 -24  17
 20   6  15  -5
 18  13   3   5
 13  11 -24  10
-15   5   9  16
-24  -9 -24  22
 23  20 -14 -24
-14  21  14 -22
 22  11 -20  -1
  3  24   0  21
-24 -18  -4 -24
-23 -21  -8   1
 22  -2  -7  -8
 24  -4 -13  21
 20  -1 -20  18
-15  18  23  -3
  0 -12  -5  23
-10  -3   3   6
 -7  10  12  18
 17  13   9 -21
  8  10  20   4
 -7 -17  17   1
 -6  21 -13 -18
  9  23  -7   6
 19   3 -14  17
 14 -22 -15  19
 -7 -19  15   8
-24  -6   6  11
 14   4 -15 -18
-20   2  15  14
 24 -10 -16 -23
  7   7  -8 -15
-20  16  -5 -10
 19  -7 -13   2
-13  -8  15   4