 -9  18 -13  12
 24  11  -2 -15
-22  -7   6   5
 -9   0   2 -18
 18  23  11  19
-16  -8  20  -9
  9 -11  -5   7
 -6  -8  -9 -19
-10   1 -21   9
 -6  14  21  17
 18  12  18   8
 15  17 -13  -5
-23 -20 -17 -14
-11  21  -3 -12
 23 -16  -5  14
-20 -24  19 -13
 14  20   7 -16
 -9  20 -23  -4
-11   5  14 -21
 10  15 -17 -23
 -9  15 -23   5
  5 -16  -4  22
-23   4   2 -12
-17  20   4   4
 -3  13  22  21
 -3  24   7  20
-22  24  20  23
 -9  -9 -14  16
 23   7  18  -1
 15 -19  -7 -10
 13 -20  22 -15
 11   2   1  -8
  5  -4  -6  21
 -9  -8  -2   9
-10  -3  15  -7
 21 -18  -3  -9
 16  10  21 -22
 -3   8 -11 -16
 -1   4  17  15
-14 -16  16  -5
 10  22 -15  15
-24  -4  18   0
  7 -18  23  15
-17 -17  12  10
  1  -3 -20   1
 22  -7 -11  19
-14   0  17 -19
-23   9  -6 -10
 24   4  24  -5
 13 -14 -18  24
-14  11  19  21
 19  24 -12 -10
  2  -5  20  10
 15  19  21   3
  7 -22   8  17
-20  -9 -23   6
 -1  20  23  23
 -7  23   1  15
 -8 -14  -3   0
 11  23   5   3
 18   2   6  18
  3  16  14 -11
 -5  12  -6  11
 13  11  20 -16
 18  -2  15 -20
  3  23 -18 -22
 21 -10  -8   0
-23 -20  -1  22
 10  15  14 -22
 22 -22   1  17
  3 -21  12  10
 19 -16   6  22
 16 -13 -11   9
-21  24 -18   9
  9  18 -12  -6
-19   7  -9 -22
-17  -7 -23 -20
-16  -6  10 -20
-21 -11 -12  14
  1  12   2 -13
-13  -2   2  18
-14  -6   4  -7
 24   0 -16   0
  0   7  -3  24
-10 -22  19 -24
 21 -14  -3  18
  6  10 -12   5
-10 -13  11  18
-19  12  -2 -20
  0  10 -11  21
 17   1 -22 -21
-11  20   8 -17
-11 -16  -7  21
-14   9 -13  23
 24  12  -4   3
-20  -4 -17   6
 12  -8  10   5
 -4  -8  16  18
  1  11  -2 -23
  8 -12  11  17
-14 -18   1 -11
-13   1   5 -15
  2  22 -24  -3
 10  23  19  23
 -4  -9 -18  -2
 20   4  14  14
  0 -13  10   7
 -3 -11  -2  20
-20  22 -24  -6
 16 -11  19   4
-24  22  -8 -17
 18  -9  15  13
 24 -21 -15  18
-14  11  15  23
 -5 -16 -23  24
-12 -22  17  17
-21  23 -11 -15
-14  -2  19   1
-11  14  -4 -23
-17  15 -11   4
 24  24  22   1
 22 -17   3 -14
 -6  24 -18   7
 19  -6   8  11
 20 -16  22  15
 -9  24   1  -4
 -9  -3 -23   8
 16  15 -10 -15
-15 -11  -9  20
 -1 -19 -20   9
  9 -14   1 -13
 22 -24 -12 -11
 -6  21  16  11
  9 -21   6  -4
  5  11 -21   9
 12 -17  19  -7
-24   9 -13   6
 -5 -13  24 -18
  3  18 -21  -8
 -8 -20  14  12
 21  17 -16 -17
 18  21 -19  16
 20   1   1  -2
-17  -9  15   1
-23  -8  -1 -17
  4  19 -16  10
  0  -2 -22  12
-12 -16  16 -24
-16  18 -14  19
 11  -4  14  14
-11  23   7   0
 24 -17 -13 -16
 20 -15  -6 -14
 -8   1  13  -6
-13 -21  17  23
 18  -1   2  14
  1  -5 -15  20
  0  23  12  20
  2  19  10   7
-16  10   9  -3
 13  22  21  -4
-17   1 -21 -21
 -9   3 -11 -22
-16   8  24   1
-20 -14 -15   8
-23  10  14 -16
 24 -11  13 -16
 -9  22 -15  -4
 11   1   0  10
 -9  -1  -5 -22
 -7   0  -5   2
 13  10   7 -15
 18   8   4  -2
 -7   8 -11   0
-10   8   5  -3
 15  19  -1  19
 21 -13 -23   2
-10 -18  13 -15
 12  15  19  -2
 -1 -13  -5 -20
-19  23  21   6
 16  10   2   7
 19 -19 -16  15
  5   1 -15   0
 24 -16  15 -24
 12   1  21  16
 -4  23  -7 -11
-16  17  18 -20
-13  19   7 -20
  1  -5   9   8
 14   2 -14  14
-19  -1  20 -22
  0   8  15   5
-17   3   2  19
  0  -7 -19  12
  6  11  -2   8
  8 -16   7  -6
-24  11 -12 -10
-13  20  -2  10
-10  16 -10  23
-19   8  12   2
-16  21  -4   4
 -4  -5 -12  21
 -4   3  22 -16
 20 -20 -15  13
 -4  18  14  -8
 22  -9 -14 -12
  9 -22  -4 -17
 -7 -20  24 -11
-14  -1 -10 -17
-18  -7   9  22
-23  19  10   4
 22  -2 -18  18
-19  15  11  -9
 13   1  15 -11
 16 -24   0 -13
-10 -18 -15  -8
 21  23  19 -18
  7   7   1 -24
-20  17  -1  -6
  7 -15  13 -22
 24   2  -5   9
 18 -14   2  14
-13  -1  -2   5
 -9 -10 -17 -20
  4  -1 -16   3
-20   0   2  24
 11  -8  18 -21
-13  24   6  13
 14  15  24   9
 -2  19   7  14
 11  16  17  17
 12   0 -15  -5
  0   4  -2  -8
 16 -24 -13  17
-22  10  -2  17
  6 -14   7  14
-19  -2  21   4
 21 -11   6  -4
  1   3  13  19
-21 -23   0  10
-22  17 -14   4
 14   5 -21   6
-18  24  -4 -12
 14  -3   3 -20
  4   5 -21  24
  1   6   5   9
  4  10   5 -24
-16 -20 -12  14
 13 -12 -20 -13
-21  14 -16  21
 -7 -17  14  13
 18   3  -2 -24
-24   5  -5  -4
 -6 -13  13 -11
 13 -18 -24   5
  3 -24  -9  23
 15   0  12   5
-18   5 -21  -3
-10  20  13  11
 14  -2 -17  19
  7   9 -20   9
 16 -15 -14  -4
  2   5  -8  18
 23 -19 -17   2
  8  20 -13   2
 18  11  -6  23
-22  19   8  12
  2 -24  19  -2
-15  19   8 -17
 15 -11  12  13
 12 -17   6  14
 -1  -5 -24   0
 -3 -20 -12  11
  7  13  18  10
 -5 -18   2 -19
  1  -3  16   2
-17 -17  18  19
 -9  -8 -18   2
 -1 -10   1  -8
-20 -16   5   6
 12   6 -10   3
 -9   2  12 -16
 24  -1   1 -14
  7  12   7   1
-17 -15 -12  -9
-21 -24   2  15
  6 -19  -6   4
 -4   9  22  14
-17  -6  10 -10
  6   3 -19   3
 -8 -15   4   5
-20   1 -12  -8
  0  13 -21   5
 -2  24  12  13
 22  -5 -22 -17
  2  22  -5  -4
  0  -6 -14  10
-11   3  12  22
  9  16 -17  -2
-16  -4   4   5
-13   9  21  -5
-10  14 -10   2
-11  21  -3   1
 -8   1  22  -2
-24  18  15 -17
 20  -9   6  -3
 -7 -12 -16 -22
 19 -13  10  23
  3  21  -7  -5
 -8  -5 -19  11
-24  -1 -10   6
-20 -24  -6 -22
 18  10  -2 -11
 20 -11  20 -13
-23 -12 -19 -11
-18 -13  -5  10
 13  12   0  15
 23   8  -7 -16
 -9  -1  14  16
-23  24  -9   4
 24 -14  17   7
 19  -1 -22   4
-19 -12  10  16
  9  24 -13   9
  9  21  20 -10
 20 -10   8   0
 22  13  24   2
-15  -5 -13  11
-21  -6 -16 -15
 -8  19 -21  -7
-19 -12 -19 -20
 -5 -24  23  -4
  2  13   8  -6
 -4 -11  -1 -21
-13  23  14   4
 -3  12 -20  17
  8  -9  -1 -16
-20  13  19 -10
 12 -16  -6  18
  6 -16  24 -16
  3  -3   1   6
  2  -4  -6   8
 -9   1 -24  22
 12  22 -18   6
 19  -5  23  22
  4   3  -1  -2
 10  13 -19  -2
-16  15 -24  12
-19  -8  14 -15
 -3   2   7  24
  2 -24 -16  -4
 13 -11 -16 -20
  0   3   8   2
 -6  -5 -11 -18
 22  22  20  -5
-15  22  -9  14
 -3 -12 -17 -19
-11 -24   6 -13
  0  12 -11   8
  5 -13 -23   6
 -3 -17  21   2
 13 -23 -23  10
  8  17  18 -20
 -1  15  12 -15
 -4   4  -5 -15
-12  11 -20  -7
 11  10  22   5
-15   3 -20  11
-21   4  13   5
 20 -13   9 -24
 15 -18  19  -2
-16 -19 -22   3
-12   9 -13  -7
 12   4  -1 -11
  4   4   7  -7
 17   7  -4  24
 21  14   5  13
-19   1  19  -7
-24 -23  -4 -17
  5   5 -15  -3
 -9  23  -8  19
  8 -18 -11 -17
 11 -18  11  -9
  3  22  -3 -20
 -3   3  16 -24
 12  -9 -14  -2
 10   3  20   4
 -3   5  15  -6
 13   0 -14  12
 14  16 -22 -13
 -6  12 -13   8
-18  14 -14  14
-14  -4 -21 -17
  1  15  -6 -24
-21  24 -20 -16
-14  21  -8   9
-15  18  -8  -8
 17 -21 -12 -11
-16 -11 -23 -15
  2 -17   4 -23
-24  17  16   8
 23  17   4  16
  4 -10   7 -12
  0   6   5   4
-14 -11  23   7
 12 -17  19  22
-11 -11 -16  -7
-21  -2  -3  -1
  0 -23 -20  22
-10  -3  19   4
  6  15 -18 -15
  5   1  13  21
-14   5 -18  19
-17  -8 -14 -23
-19  15  -2 -12
-19  24  15 -11
 14   9  19 -19
  4   6  -4  16
 22 -10  -2 -16
-24  11  18 -15
 -8 -23  18   1
-22  16   9  23
-22   4   8 -17
 16 -11 -12  -5
  1  17  17 -13
-22  -2   6   1
-11  24 -14  20
  4   4  12  -9
  8 -15 -22  23
  7   4 -20   9
 12  -5   6  18
-15  22  21  24
 13  24   9   5
 -3  13  19   9
-13   2 -11  19
-14  24  24 -24
 24 -19 -24   9
 -1  12   9 -20
-14  12  -8 -24
 21   8 -19  13
-11 -12 -11  -6
  3   1 -22 -21
-22   4  11  22
-21 -10 -19  23
 12  -3  -3  13
-14   8  -7  18
 17   9  14 -15
-12   7  14  13
 -7  -3   6  11
  4   5  22  17
  4  16 -23 -17
 20  -4  -8  16
-17   3  -8  23
-16  13 -23 -20
-19 -17  24   8
-16 -18  13  -9
-24  18 -20  15
 21  11  17  12
 22  16  23  11
-24   4  11 -15
 -2 -10  20 -15
 10  11  13 -15
  8  10 -15   5
  0   6   1   5
-13  19   2 -11
  6  -8  21 -20
 19 -18   6  -2
 10  -6  19  20
 11  -1 -11  24
-11   7   8  21
-24 -23  15  -8
  5   7  20  -3
 23  -6   6 -18
 -5  12 -16 -16
 22 -20   0   6
 22  -9  24  -1
 -4  18  14  14
-16  23  -6  -4
-11  -3   3  10
-24 -14  11  22
-15  -2  -6  20
 20  11   4  -9
-21 -19  -2 -24
 -4   5  12  18
-17  -4 -18 -18
 -6  20   8  23
 24 -10  16 -19
-10 -11  -1 -23
  2   5 -15  19
  1  10 -23   7
-17 -19  -7  -4
-24  22  -7 -14
 20  -1  17  20
 12   5  -3 -16
 -1  -8  -3   9
 15  19 -22  -9
 -6  16  20  10
-17 -14 -24   9
  5   7  -9 -13
 16 -19  -4  18
 16  17 -15   5
 19  24 -24  17
 16  12  -8 -18
 16 -18  18   1
 22 -23   5   7
 -2  15 -22 -19
  5   7   3   0
-23   4 -11 -21
  3   7 -24 -17
-21  -3 -14 -23
 -8  -1  -3  -9