 20 -18 -23   9
  4  14   0  21
 22 -19  -9  10
-23   2  24  15
-11  -8 -21 -16
  3  17  -4   4
  4  15  19 -23
-12   4  12  -8
  3 -15 -15  13
-20  -7  -6  -4
 10 -16   4 -17
 13 -15  11  15
-22   8   8  -4
  8  18  23 -17
-15 -13  -1  -8
-19   8   1  12
 -4  23  -1  20
 14  22 -12  -8
 -7   0 -11  18
  0 -19 -10 -21
-23  15 -14  -5
  7   5  15   9
 -7 -16   1  12
  6  15  -3  24
 12 -20   5 -14
-11   2  16   1
  2  -8  -4 -10
 24  19  10  -8
  5  16  18  -7
-20 -20  -6  19
-12  -7   4 -22
 12  18  11 -18
 23 -10 -17  14
-20  24   5 -10
-16 -19 -13   2
-10   9  -5 -21
-19   7   0   4
-22   3 -19  23
  8  -9 -16  -1
-24   3 -20  -5
 -5  -2 -18   8
-19   2  13   7
 19  -6  -4   3
 15  21  -4 -23
  4 -18  12  -7
 24  -5  -1  -4
-21   8  -7  16
  5 -20   3  21
-13 -21  15 -10
 -5  -9 -18  20
-24 -14 -14 -15
 -8  -2 -12  -5
-20  17  23  15
 -4  23 -17  -8
  2   8   2  -9
-19   3  13  -8
 17   9  -6  -4
  8 -22 -18   6
-20   4 -22  -4
 -7  12 -12  -8
-11  16   5   4
 10   8  17  14
 14 -15   9 -19
  6  14 -16 -20
-18  15  24  -6
 10   8  -1  12
 13  12  -2  -5
 -5  19 -20   6
  1   3  -3   5
-17  13  -8 -18
 -5  16   8   4
-14  19   4   2
-11  20 -10 -10
 16  -4  14 -19
  3  11 -19   7
-17  20   0  21
 -2   6  20  -6
  3  -5  -4 -12
 -6   9 -21  17
 -5 -22 -12  -3
 12  -3 -23  20
-13 -20 -22  19
  3  21 -24 -11
 -7   2  10   3
 24 -24  -6   9
-23  -5  -9   4
  5  -5  -3 -18
 11   1  22 -13
 -7  23  -7   9
  6  -6 -17  -9
 21  -6 -10   8
 21   4 -11   5
  9  14   0  -3
  9 -23 -14 -24
-16  -9 -11  -6
 14   0   4 -16
-10  18  20 -14
  7  14 -22  14
  1   1 -22  10
 12   3   8  20
 11  -9   9  22
 -5 -10   8  -8
 -9   7  -2   4
  4 -14   2  16
  5  19  -5  11
  1   2 -11   1
-13  14   9   2
 20 -17 -22 -16
-11  14 -18  -7
-15  -4  12  -9
-21  -9 -11 -16
-14  13 -11   8
 -7 -22 -20  18
 -4  24   3   3
-23 -15  18  -9
 -8   3   6  22
 22   5  -7  -5
-18  21 -19 -14
  6   7 -10   7
 15   7  10 -24
-22  -3 -18  -6
-12  18 -21  19
 19 -23 -17   6
 -6   1  14 -23
  4 -11   9   6
 -9  16 -17 -10
 20  16   8  -4
  8   3  20  -5
-10 -16  23  11
  3 -12 -21  17
-15   4  12  24
 24  14  22  -5
 11   6 -12 -11
  3  -8  -9  14
  4  16 -21 -24
 20  12 -23 -20
 19  21   5  -2
 23  12  -3   4
-19 -18 -16  14
-14  14  -8 -24
-12 -21  14  17
 10   5  19  -4
 18 -22 -21  18
-24  23 -14  -8
-10  -4  14 -19
 10  18  24  14
  5   1 -22  20
  3  -5   5 -14
-10 -18  21  21
-12 -15   3   5
-24   1  -3 -22
 11  15  13 -18
-22  -5   9 -20
-12  11  -3 -16
-17   5   2   6
 -9   3  23 -23
-19 -23  15 -23
  2 -20 -23 -13
  6  13  11  -4
 13   6 -19   1
 -4 -23  17 -10
 24  15  -3   1
-10   9 -21   3
 -5  -2  -8   2
-11 -13  15  19
-22  19 -24 -16
 -5  -5 -10  21
-10  -4  17   7
 -7 -24 -21 -21
  2  24 -14 -23
-12  14 -15  11
 -9  17 -23 -12
 -5 -24  18 -17
-12   0  19   8
 -2  11 -10   4
-13   9  -5 -16
 21   6  14 -21
  3   3  24  20
  1 -15  10   8
  6 -20  13  23
-20  12  -4  18
 23  -7 -23  -1
 20  18   3   5
 -9  14 -24  17
 -4   5 -18  -4
 16 -10 -24 -15
 13  17 -21  24
-14   7 -19 -23
  9 -20 -14 -11
 -8 -24 -21   6
 -8   0  -6 -15
  2 -20   9 -19
 22  22  -3 -10
  7  -7 -12  -7
 14  -8 -12 -12
-20  22   2  20
-21  10  12  18
 17  20 -10 -11
-17 -17   9  23
  1 -20  20  20
-19  22  -1  -9
-24  22  22   6
-24  15 -18  23
 -9 -10  -5   7
 15  22  17 -16
  9  18   8  11
 24 -21  19 -17
  5  21  -3   8
 18  21  18  16
-21  24  -2  24
 13  -9  14  -8
 -4   9  21  12
 24 -15  -7  -1
 14 -14  23 -21
  3   9  12   5
 10  -2 -24  23
 11 -23   0   6
 -9  -2   1  14
 10 -17 -15  -6
 -3  11 -12  -6
  2   4 -12  -1
 15 -10  16  11
-18  13  19 -16
  3 -17  10  22
  7  23  15   8
-24  13  18 -22
 21  -3 -11  17
-15 -15 -17   8
  1  24  17 -13
-13  -9   2  10
 -5   2  10   8
 19   5  22  -9
 -4 -15 -18  -5
  1   1  -9   9
-17 -23 -15  15
 -3 -20  23  10
  6   4  -1  22
 12 -12   2  14
-24   8  -6  -7
-11   2 -11 -18
-14  -3  -7   5
-14  21  10 -19
 23  -7   0   1
 -9 -19 -15  23
  2 -23 -14 -13
 19  17  14  10
 19  10  18  -3
 -9   0 -20  -7
 17   6 -15  10
  2 -24  11  17
 11  -2 -15 -12
 20  24 -10   4
 18   6 -16 -19
-14 -17  22  12
 11   9 -12  -8
 24 -15  18 -21
-10   5   6  24
  9   0 -24  -2
 23 -18  24 -19
  5  -8  -4   5
 22   0  -5  12
 20 -13  14  -7
-21 -24 -19 -15
  1 -13   7  -8
 20   5 -24  11
 12  17  14 -18
  5  14  -3  13
-16  -9 -24 -23
 22  -9  16  12
-20  23   9 -19
  0 -23 -11 -15
  4   2  15 -24
-22   1   5  -2
-23 -17  18 -15
  2  -1   5 -16
-16   5 -10  -2
  2 -24 -12 -22
  9  -7  -3  -7
 15  -6  23 -13
-23 -15   2 -19
 24 -24   1   4
-10  -9  -7 -15
 13   0  12  -9
 15  13   4   5
 11 -22  23  -6
-17  -2   8 -10
-24 -20   6  -4
-19  -7  -1  19
-19 -22 -23  -4
  8  17  19 -18
 13  12  -7  20
 23 -24  19  11
  5  -4   4 -19
  2  -4  24 -20
-16   5  -8   5
 -8   3 -16 -19
 17   2 -15   7
 -6  16 -15  13
 20 -12   8 -23
-22  10 -12  -8
 22  11 -18  14
  8   1  -6  -4
-11 -23   2   0
 20  15   6  -2
 23  20  14  22
 21  -6 -22  -5
 11  17  -4  15
 22  16   4   3
 24  -1  12 -15
 -2  14 -15  11
 17  -6  22  21
 19  23   5  -9
  4  16  21  -4
-16  -5   9  11
 -1 -19  -5  10
-18  12  -6 -22
  2 -12  -7 -24
-22  21  -1 -13
  6  20 -20  -2
-13 -12   7 -16
  0 -17  20  -1
  8 -12  -2  -1
-10  17   7 -10
 18   8  -5  -4
-16  -7 -14  24
  0  10   7 -11
  0  14   6   9
 16 -13   7  -1
-15  -3  18   2
 -5   2  -2  -1
 -9 -16 -15 -12
  7   3 -18 -20
 13  15   3  -5
  0  12  -9  23
 15 -14  -5 -11
  2  10  -4  19
  3 -19   2   2
-20  -8 -23  -8
 21 -14   5  20
  6  16  14   1
-10 -18 -14  11
 -2  16 -15   3
-12 -21  11 -17
 -5  10   4  11
  6   5 -22  21
-13  18  -1   2
 -7  15 -21   8
  6 -18  19  -8
-20  -3   7  -3
  6  12 -21   9
-18 -10  -4  13
 23  16  -1  -3
 16  -6 -24   8
 -9  -9 -22  12
  2 -11  11  -8
-20 -19 -18   5
  9  23 -11  -5
-11  11  -8  -4
 -3  11  23   0
 12 -14 -11   2
 11   0  21  12
 -4 -18  -3   0
 -5  19  23  -8
-12  11   5   5
-15  -7  -9 -20
-15  -7 -13  -9
  6  24 -19  19
 -7  13  10 -14
 14  18 -21 -18
 18  18 -22   6
-17  15  11 -11
 -3 -10   6  21
 18  -1  24   9
-19   3  -7 -19
  1   2   8  11
 24  -2  -6  11
-13  13  13  -5
-20  17  21  15
-23   4  -5 -14
 13  20   0  -8
 20 -24 -23   8
 13 -14   2  12
 -1   6  10   5
 -6 -12   0 -11
 -3  -8 -14  13
 -5 -10  -9   7
 13 -20 -14  24
 -1 -24 -10  -7
-22 -18  -8  22
-16  -8  -5  -5
 15  -9  12  -4
 20 -12  -5  12
 18  17  -8 -15
  8 -13 -18 -20
 -1  17   4 -11
 -8 -17 -21 -15
 18   0 -13   6
  3  -6   7  -9
-18 -10 -23   0
-11   0   6  -9
 21 -22 -16  -5
 16 -17   7 -14
-15  23  -5  -7
-17  10   7   9
 17   9 -16   0
 22  15 -14   4
  4  19   4  -1
  0  23   3  -4
  1   8  -6  22
-22   2  -9 -22
  3  -5 -16 -21
 21   3  15  -5
  5  14 -16  19
-14  24  -4   1
  5 -24  -1  -4
  8 -11   6 -23
 -1 -22  21 -20
 13 -20  14  22
 13   5 -18 -14
  6   4   0  11
  7 -13 -21  -4
 24   4   9   0
-23  23  -3 -14
 -3  -2  10   2
 -4  -9   2  16
 -2 -18  -7  -9
 -7  -6  14  -7
 -4  20  -4  16
-22   3  23   4
-17 -17 -15  -1
  6  23   5  17
 11  11 -17   2
 -4   5  -2   6
 23   4  -1  14
  9  14  10   3
  9 -21   1  -2
-17 -13   5  -3
  1  15 -22  17
-24  12  -3   7
 -7  21  17  10
  1 -24 -17  -5
 24  -9 -23   5
-16   9  -1 -24
  8  13  17  -5
-13 -10  22 -17
-10   5 -22  22
  7  -1  10  11
-10   4 -11  -6
-11   3   8  -2
 12  -4 -17 -15
 10 -19  -1  17
  7  18  14  21
  4   0  -9 -13
-21  -1 -16  -8
-24  22 -10  19
 -8 -19   3 -17
-20  20  -6  11
-17 -15 -21  17
 -4  23  18   0
 18 -15  19 -11
  6 -12 -10 -19
-12 -22  -4 -22
 10 -21  -3 -23
 -7  -4  14 -20
 15  19 -11  16
 -1 -13  -1 -16
  1  -9   6  -2
  3 -15  -5  -4
 -4 -12   1 -15
-13 -24 -23  18
-23 -11 -11  21
 14  13   5   0
 10  18  10  -8
 -8  -7  -5  11
 10   6  24   0
-17   8  22  -3
  4  -9 -14  -6
-16  -3 -15  20
 11   6   3  -7
 -3  16  -2  19
 16  12 -22  -2
 14  -6  16 -20
-20   1 -10 -11
-17   2  11  18
 10  20 -15 -22
 19  12  -7  13
-21  -2  -1 -15
 12  18  18  -2
-14  -6   0  -3
 18   6  -8  -1
 -3  15  21  -9
-20 -18   3  15
 21 -13  -8  14
-20  18  20  -7
-12  17 -24   0
 -7  12 -22  -1
-24  23 -11  11
  9  15   8  -1
-16  -7   8 -23
 -8 -23 -17 -12
-20   8  24 -21
 23   2  10   7
 22 -10 -19 -11
-24  17 -10   3
 14  -4 -19  14
 23 -18 -21 -21
-18  11  18  21
  0  -2  13 -15
-13   6   5  -5
 15  11  -7  15
 19 -10  17 -12
 13 -12  -1  20