-13   7  -1 -20
 19   9 -17 -12
 -6  21   8  -2
-22  17  -6 -17
-11  -5   6  -1
 10 -22  -5 -16
  5   4   5   0
 19 -16  16  23
-16 -21 -14 -23
-17 -13 -17  -3
  9  18   4  24
-21   7 -20  12
  7 -19  -3 -19
 -4   6  -9  15
-20  13  16  -1
 -4  -9  -6  -9
-19 -21  22  -4
-22  10 -17 -19
  9  13  20  -9
 -1   4 -17  10
 22   6  16  -3
-20  -3   1 -15
  4  -1  12 -17
-12  13  -4 -14
 24  -5  -9 -14
 21 -14 -20   3
 15  15   7  13
 -9  19  23   9
-17  -3  13   5
 14  19 -18  -5
-20   1   1  -3
 17  -5 -11  12
  4   2  15 -12
-11   3  -4 -11
-12  15 -17 -24
-22 -15 -16  -9
 -1 -23  -1  16
 21  23 -13   8
-16  -3 -23  -4
-14 -10  15 -24
 14 -21 -24 -24
 19 -16 -16  10
-22   9  18  12
 16   3 -23   8
-12  -1  -8  21
 -2  18   7  -4
  2  13 -10  23
  1 -14  -7  18
 12  20 -14   4
-15  20  20 -21
  0 -23 -10  22
-21   6 -19  -1
 12 -22 -21 -18
 -7  -4  15  -4
 -6   7  -6   7
-14  21 -10  -7
 13  21 -18  -4
 22  10  10 -20
  3 -24 -21  19
-15  18 -21  -7
 -7 -16  23  -4
-22  -6 -18   8
 -8   9  22  11
 21 -13  11   8
-21   5  18  -4
-18 -16  -5  -8
-10  -5  14 -13
-18  15  16  23
 22  14  -5   1
  4   6   9  -4
 -6  15   6  11
 -8  19 -15  20
  5   8  12  -2
 -5   9  14 -23
-13   5   5 -10
 17 -21 -21   9
 19 -17  21  16
 23  19  18 -13
 18  20  -6   5
  5   8  11   5
 23   9   0 -12
  2 -18  21   1
 -9 -15  -6 -15
 11  19  18 -19
 -7   8  -2  19
  5   4  -7 -22
 19  23 -16  -8
 -8   6  17   0
-19 -14  -6 -15
-14   0  18 -23
-16 -14  -3 -11
 -2  11  -1  13
-17 -23 -14  19
-14  -9  21  11
-18   9 -23   3
 -4  -3  13 -12
 17 -16 -18  22
 -9   3  22  14
  4   3 -18  21
-11  12   2   2
 23 -14   8  14
-15  14 -19   8
 17 -17 -24  20
 11   1  -2 -23
  9   4  24  20
 -1 -14 -19  12
 -8 -17  22 -21
 22   6 -17 -14
-13   5  -9  -8
 13  24  -9  -4
 14 -18  17  -4
 15   2  24 -16
  6  -7  23   5
 -7 -19   5  -3
 -2  20  20 -13
 11 -11   3  18
-23  -4 -18  10
-16  11 -15  19
 -4  23 -17  -2
 -1  11 -14 -22
-18   6 -15  -8
 22  16  -4  11
-22  14 -20 -20
  5 -13  -1 -15
 13 -10 -19  -8
-13   4  11  -6
-20   6  -1   4
  5  -7 -12  24
 12  -1  11  21
  6  23   7  23
  3  -8  -4 -17
 -5 -24  -9  -4
 10  -9 -13  11
 -4  -5   5  19
  0   0 -18   6
-23 -10 -16  23
  7   1   1 -10
 22   4 -12   6
-24 -12  18 -17
 11   3   0   7
 24 -20 -23 -11
  5  -1  -1 -24
 10 -20   5  -3
 18 -17   6  22
-14 -24   9  10
-19 -20  14 -14
  3  19  14   9
 16 -15   8  -6
  3  -5  18  20
-22   9  22   0
  2 -20  13 -11
 10  11 -16   7
 17 -13   1   5
-10  20   6   2
  1 -11  14   2
  6 -18  -7 -12
-22   3  -9  15
  4  24  16   4
 23 -18  12 -15
 20   1   9 -21
 -3  11 -20 -17
  0  19  -3   5
 24 -10 -23 -15
 20  -9 -23   3
  7  16   0   3
-20 -13   0 -22
 -3  22  -1  -5
 -2 -12  15  15
 -3   5  -5  21
 13  11   9  24
-22 -19  -2   4
 16   5   3 -24
-12  -6  -7 -13
-14   6  17  10
 -9  17  22  15
 -9 -11   4  -3
 -7  16 -22 -20
-23  20   5  12
-12   4 -18 -16
-22 -11  24  17
 24  23   3 -23
-12 -11  -6 -15
-22   2  24  -4
-11   8   9  24
 16 -23  -1 -15
-19  20  16 -18
-14  17  10   8
-13   5  -4 -18
  8  14  -4   3
-17  14  -2  17
 -1  -3 -11  21
-24  18   4 -17
 24  -9  21 -18
 15  18   5  17
-11  -8 -19  -6
 19  -4 -21  15
-14 -19  -7 -10
 -5 -13  20   2
-17  -8 -16  16
-21 -16 -22 -11
 -7  10  -9 -13
-20 -18   2 -10
  9   9  13  17
  6 -11  22  -6
  7  18  11   9
 -4   3  24   2
  3  24 -24 -15
 13   4 -24  15
 -7   9 -18  11
  6 -14  23 -15
  0  -1 -11   7
-17  24  11  -5
 10   9 -15  18
 -1 -20   1   6
-16   8   4  -6
  1   1  11  15
-23  15  19  18
 23  22  24  -6
  8  -4 -16 -14
  4  -7   6 -24
 21  21  20  10
-10 -22 -24   8
  8 -12  -7  17
-21  -2  20 -13
 -1  18 -18 -16
 18 -20  -6   3
 15  -5  -4  22
-17   0 -23  -5
 -8  24 -10  -9
 -6  -2   4  -1
-16   9  -8  22
  2 -24 -13  11
  3  10  -1   8
 13 -24  -6  -7
 -1  17  14  21
 -9 -15 -22   5
 13  24  20  22
  8 -10  12 -22
 22  -1  11  22
 -7   4  18  -2
  2   5 -21  18
-13 -20  -4  18
 20  24  -8  -6
  4  -7 -10  12
-18 -22 -24  -8
-10   4  21   3
  8  21 -16 -11
 -7  17   9  -7
 -3  10   8 -24
-22 -17  -8   3
 -8  -3 -17 -12
-20   3   6  12
-11 -20  -8 -22
 -3 -15 -20 -14
 -5  22  16  10
  1 -13   9 -24
-15 -21 -13  -9
-18   9 -23 -12
 -9  -5  17  -8
-18  -7 -19   6
 -3  11  22  17
  5   6  19  13
 -2 -23   0 -11
 13  22  -6  -9
-24 -20  -9   4
  1   9  -8 -20
 17  21   4  -1
 -4   2  12  -8
 -3  -4  18  11
 19 -17  -6  -4
-10   3 -20 -21
-23 -18 -11   0
  0  23   3  23
-19   1 -24 -18
  9  11   7  -9
 -9 -22  13   8
 -5 -21   1  24
 20   3  -7 -23
  7  23  -4   5
-21   3  -8 -10
 15 -19 -17 -20
 -9 -19   9 -21
 11 -23  20   7
 20  -7  -2  23
  3  11   7  24
-13  11  22 -13
  6 -12  23  24
 19   3 -21   9
-11 -11   2  -1
  5   3  23  -9
-10  -9 -24 -17
  0   1 -14  -4
  7  20 -21  -8
-21 -16  24 -15
-16  10   4  12
-20  17  12  21
 16 -23 -14 -14
  6   1  -2  17
 23  13   8 -13
 -9   7  22  16
 -3 -10  16 -23
 -8   8  15  -9
-22  -7   0  23
-13   1  -1 -17
 13  19  -7 -13
  3  17   5 -10
-19  -9 -20  -2
 20   7   4  -9
-15  14   7 -24
 -8 -16 -19 -20
  4  19   3   8
 -2  -4   8 -23
-24 -20  24  16
 13 -22   3  -2
-11  10  -7   0
  6  -8  22  21
  4  -8  24  19
  9 -20 -24 -19
  4  12  -2 -17
  5  23   6  -6
-19   1  -7  -8
 -3  12  -9  15
 -4 -11   0  -3
 13  -6  -9 -22
  9 -14  -9  -1
 14  -2 -23   2
-20   6  -7 -12
 16 -10   1 -16
 23 -24   2 -11
-19  -2   0 -15
 -3  24  -7 -15
 -5 -18 -18   3
 -2  -3  -8 -16
  2 -24  -5 -12
 -7   5  -1   5
  1 -16   7 -23
 24   5 -19 -22
 -8  21  24  21
  9  10   8  -4
 11 -11   7  14
 22  17  20 -20
 -4   1  23 -22
 23  17   4 -13
-20 -10 -23  20
-14 -20 -14 -10
-22   0 -21  24
 20   8  22  18
 17 -10  12  18
-16  23  -9  -6
 -3 -13  16   5
 -5 -10 -18 -21
  9  13 -18  23
-13   3 -21 -10
  3  15  -4  21
 21  22 -19  11
  4 -21  -2   4
 -5  20 -16  23
 20   5  -8  14
  3  -9   8   3
 17   3   4 -20
 -1   0  24  -2
  6   9  -7  -9
 -8  19   9  -8
 19   1  16 -12
-14   2   5  -5
 13 -15 -18 -21
 -7  -7 -23   7
 -5  -2  21  23
  7  -5   1 -10
 12 -14   5  -6
 13  22 -12   2
 17  14  21 -17
 -5  10 -22  22
 16   3  -9 -11
 19   3  22   1
  2  24 -13 -12
 22  10  15   1
 10   6   8 -12
 22  16  12  20
  3 -11  18 -23
-20  -7 -21 -23
 14 -24  23 -23
  7   6 -11  -4
-14 -11   0  22
  8 -23  22  23
 21   2  19  -6
 17  12 -18  -2
 -2   2 -17  -5
 17   6 -24 -18
 11   0 -20  17
 -3 -23   2  22
-20  -5  23 -23
 18   8  -4  -8
 -1 -12 -17  20
 -8  18   8  18
-12  12   7 -20
-14   2   1   1
  9   3 -20  10
 13  10 -15 -24
  2   6   4  -5
 24 -14  13  -6
-24  -5   4  -7
 24  -9   2 -10
 -7  -3   2   7
-10  -7 -13  19
-20   9  13  -9
 12 -21 -13  -1
 14   7 -10  10
  9  -8   7 -11
 19 -11  -3   4
  4  18  -9   4
 -1  -6 -19 -13
 10  -4 -13  -5
 -7 -11  19  -7
-22   5  -1  13
-21   1  11 -22
  8 -16   7   6
 24  15 -24 -23
 -7   7 -10   1
  3  11  -7   3
 15   1  21 -24
-19  -3  19   1
-23   6  -1  11
 11  -8  12  -6
 20  14   1  18
 -6  23  -2  14
  4   6 -16   7
 -4  23   2 -10
-12   5  -6   4
 21  -6  24  23
 17 -24   2  -3
  8 -13   9  15
  4 -15   2  -5
-22  -2 -11 -24
 -1  16   3  20
 18  -1   1 -22
  4   1 -23  -9
  5 -15 -10 -15
 16  13  16  -7
 24   3 -22 -21
 20 -11   0   0
 19   2  -2   1
 -6  24 -21  -8
-16 -16  -8   5
 21 -23  16  18
 13  16   5   5
-11  -3 -10 -17
  8 -21 -14  23
 24  -7  -6   6
 10  -9  14  16
 -6   1 -17 -18
  7  16  14   4
 -1 -21  -2  12
-24 -14 -23  12
 -7  21 -23  17
  6  18  -8 -13
 20  -4 -24   5
 -2  21  12  17
-13 -23  12   9
 -9  -3  18  14
 12 -15 -12  -6
-16 -15  -7   8
  6 -13  -9  -9
 -6  -3  -4 -12
-10  10  13  18
-14  21  -1  22
 17   5 -14  -4
  3  24  10   1
 -5 -10  11   4
  7 -10   1 -23
  3   9 -24   1
-12  -9   2  19
  8   1  21  18
-10  16   9   9
-19  -2   7  21
-24 -11   4  -3
 18 -15   4   1
-11   1 -21 -12
  0   7  -5  14
  5  -2 -22 -20
  1  21  23   6
 21  19 -19 -23
-19  15   6  13
-22  20   7 -19
  4  -5  -2   7
 -8 -12  14   8
-20   3 -19 -17
  9  22   7   4
  3 -12  18  -8
 11  13 -21   4
 15 -23 -12   2
-23  -4  -8 -21
 21   5 -14   9
 13 -24  18   5
-19  -1 -12  11
 -4  -3   3  24
-17  -6  19  20
 20 -23 -22   2
-11  18  19   4
  1  22  -6  -1
 -3   9 -12  21
 -4 -19   1  18
 -3  12   4  12
 -9 -18   2 -15
 -9  -5 -18   6
  8   8  16  11
  5 -15  15   3
 24 -16  21 -22
 12 -16 -15  16
-12  13 -11  -2
 23 -24 -20   5
 22 -17 -14   1