 -7  18 -18  -4
  7 -19  14  21
 10   7 -15  15
 -4 -22   9   0
  9  20 -17 -22
  2  13   0 -18
-18  21  -4  10
 -5 -18 -12  12
  9 -11  -7   4
 23  -1 -19 -19
  7 -14  19   7
-10 -19  -5  24
  7   4  19   3
-16  16  21 -10
-13 -17  -8 -22
-24  14  -8 -11
 11  -2  16 -24
 11   4 -10 -17
 23   3  13  18
  8 -12 -12 -24
  5   5 -20 -23
 -5   5 -24   2
  2  -1   2  15
 21   5   8   2
 -4  -5 -13  -8
  4 -18 -22 -19
-16  -4  15 -11
 -7 -21 -16  15
 17  16 -22 -12
 16 -15 -10 -11
-24 -13  -7  -9
 -5 -10   0 -22
-12 -11   7 -21
-16  -6 -23  22
 -1  20   1  17
 -7  -2  -8  22
 22  22  -5   4
  3 -15   2 -23
-24 -21  -4  15
 15 -16 -13   9
 -6  16 -17 -12
 15  -2  21 -18
  9  -2  16  17
 -7 -18 -23 -24
 -3  18 -10   7
 19   5  -8 -18
 -8   6 -10   6
 -3 -24 -16  21
 15  17  -2 -11
 -6   8  -6   6
 23  14  -9  14
 19  10   8  12
  7  -1   8 -24
 18   5  14   1
  4   5  20 -20
-24 -22 -22   8
  6 -14 -12  13
 -4  -6  17   5
  4  15 -10 -19
 24  21   9   6
-17  -5 -14  11
  3  13  -2  -8
 -3  -6  16  -4
-19  -5 -20 -21
 13  -9  -4   1
  4   0 -18   0
-19  -6   4   5
 19 -21   1  15
 -7  22  -9   2
 16   2  -4  10
 19 -17  -9   3
 12 -18  20 -19
 18  24   8   8
  3  -7  -2  12
 13  -5 -21  22
-15  13  13 -23
-14   6   1   7
 16 -23  13   2
 -3 -22 -24 -19
-10 -10 -12   0
 13  14 -19 -12
 -7   1  14   0
  8   5 -12  10
-17  21  -8 -19
-18  18  12  21
-11   0 -10  -3
-10  19 -19  11
  5  -7 -16  12
 10 -20  11   0
-16 -17   0 -21
 -3 -15  -7  17
  2  13  12   7
  4 -12   9   7
-15 -18   3 -14
 11 -23 -23  -1
  9  11 -10  11
-21  23  -1  20
 15   0   5  18
 20 -21  -4  15
 19  24   2 -19
-19  16  -9   2
 -7 -19   7 -19
-20  -1   8 -14
 12 -20  21   2
 22 -20  10  -6
-19  -1 -17  -1
 -8 -21  20  -1
-24  -4 -12 -14
 -2  19   3  -5
 -8 -16  20  22
  3  14  10   7
 21  -2  -1 -20
 19  22 -12   2
 19   5  -8 -12
 23  18  -4 -19
 14  -6 -11  -7
 -8  -8 -14 -17
 13 -18  13 -22
 23  -4 -14  -9
-10   1  23  16
-21   7 -15  12
 17  20  16  -9
 -7  17  19   0
 -6 -16   6   0
 16 -15   5   0
  8   4 -22 -10
 11  20  18  14
 18 -18  -8  10
 16  -5   0 -11
 17  10  -6 -20
  8  -1 -12  -5
 21   3   9  -2
-10  15 -18 -21
 16  13   5 -16
-11  22   2  -1
 -8 -13 -20  18
-15  22 -23  23
 18 -22   6  10
  0 -16  20  16
  7 -12   8  -8
 21  -2   6   1
 19  18 -12   2
 13  24 -11  13
-15  -3 -23   5
 22 -20   3   3
 22 -16  -5 -14
  0  -2  19 -20
 18 -15  19   5
-20  -2  -9   8
 17  -9 -20   4
 -5 -21   0  12
 20  -7  15  -8
  9   8  13 -15
  0 -20 -13  -8
  1   0  -7 -16
  9  23  -9 -13
 13  -1  16 -14
 14   2   8  -2
 13   5  22 -15
 22 -16  -9  -8
-15 -10  19   6
 17  17   0 -16
 11   0  22  -1
 16   0 -17  17
-14  23 -15  12
-24   7  24 -19
 17 -18  18 -23
 17  -7 -13 -20
 14   2  -3  19
 -9  10  20   0
-24  22  -3 -12
 15 -15  -4  12
 12 -16  12 -16
 13  -9   3   9
 -4   4 -18  23
 -8   1  17   1
 24 -22   6  -4
 -3  -6  19  -6
 13  24   6  23
 -7  21   5  23
 11   3   3  15
  5  -8   3  10
-10 -18  13   5
 17   4 -24   4
 -9 -10 -12  15
-17   1  20 -13
  8   5  -7  -2
 -4  16  14   3
-15 -17  13  -4
-15  10  23   4
 18   1  -2   9
 15  21  -5 -16
 -9  14  -6 -11
-22  -2   5   8
 11  -1   9 -20
-18  15 -10   3
  8  10 -17   8
  2 -20  -1 -16
 11  21 -21 -14
  1   4  15  19
  1  12 -20  14
-19  -6 -22   6
 23 -24  22  14
-15  -7 -14 -19
 18  22   6  17
-19 -17 -10 -13
 12  -1   9 -18
  2   6   1  -6
-23   4   9  17
 13 -13 -10 -24
 -2   8  17  13
  2  23 -20 -13
 19   1 -10  -1
 12   5  14  14
 11   7 -19 -11
 18  10 -15 -10
-16  12   5   9
  1 -10 -22  -4
 13  18 -15  -4
-15  18   8 -20
-24 -22  21  18
  3 -12  23  20
-22  -9 -23   4
  7   4 -13   2
  9  16  -6   9
 23  -8 -14  23
  0  -9 -20  -6
 13 -23  -4  -3
 11  11  -9 -20
 21   3 -10 -14
-14 -10  -4 -19
 -4  14  -3 -16
 17 -20   9 -19
-10   5 -20   4
 10 -13  20  17
 10 -12  24  -7
 -4 -20  16 -15
-15  12  -2  18
-20  -4 -18 -11
 -6   6 -14  23
 -2  -5 -18 -18
-14 -12  12 -22
 -1 -24  23   4
 -2 -16   7  18
 21  -7 -16   6
 -7 -20  10  24
 21 -13  15 -23
-14  12  -1   6
  5 -24  24   2
  9  -6  10  11
  9  20  24  11
-21 -16  15  12
  2 -18  -2 -21
 12 -22 -10   2
 -3 -24 -24 -16
  0 -24  15  24
 -4  -2  24  21
 15   6   8  -5
 -8  12   5   6
  0  14  17  -3
 12 -14  -7   1
-20  -5  14 -10
-11  19  14   2
-18 -22  17  23
 -6  -8  11  -3
 21   6  14  -6
 -6   0  -8  18
 17   5  -6  20
-22  24   2 -14
-10 -18   0  18
  2  -4   5 -19
 12  -4 -12  -4
  5  18 -23  -9
  5   4   7  -4
 18  -6  22  11
 -1  -1  23   9
 11   8 -20  19
-17 -12  12   9
 19   7   8   6
-13  -8  -6  21
 16  -4  23   7
 11  18   8   6
-13   2  -4  -5
-13   5 -17  17
 13 -23   3 -13
-14   0  12 -17
 17  14  14  13
 16 -12  10  20
 21  -8  15   6
-15  -2  24   7
-22   2 -24  20
 15 -21 -24  16
-20  19  13   4
-24  -3  10  24
 19 -15  -3   3
 -5 -12   4  23
-16  11  16 -24
  8  11  21  10
-12  15  -7   0
 21  -5 -16  -5
-15  17   3 -16
-22  -3  -9   7
 17  24   4 -15
  1  -8  -1   4
 -2  -4  -3 -21
-13  22 -15 -20
 14 -11  -3 -22
  4 -22  14   8
 -2   9 -22 -22
 -2 -14 -21  -6
-23  -3  24  24
 20   0 -10  21
  2   4  -5  17
  2   6  -4 -11
-24  -7  -3 -10
 18  17 -16   0
  6  -5 -10   3
 -8   8  15  12
  0  -1   3   8
-19 -10  22 -19
  6  16  -9   2
 -4 -21  -6  22
 18  16   5 -11
  8  24  18  -1
 18  -1   7 -17
 -8 -12   1 -23
-16 -10   1  -1
  8  -9   9 -17
-16 -10 -12 -17
 -9  -6 -15  -8
 10 -18  15  17
 -9 -23 -16  -7
 16  24  -5   6
-19 -10   0 -22
  0  14  23   3
-14  -4   4   0
 -1  -9  18 -15
 14  23  19  -7
 11  -8  21  19
-16  12 -11  14
-21   3   6  24
 -9  -9  12  22
 -5  20  15   1
 11  -7  -9  -4
 19  23  -6  19
  7  -7 -16  22
  7 -23  -4   1
 17   7  -7   2
 -3  16 -13  12
  8  12 -22  23
 -6  18  -3   2
 18  -8  -6  23
-19 -21 -15 -19
 -5  -4 -14  18
 24  15  -7   8
 13 -14   2  21
-13 -17  -7 -14
-20  23  20  -3
 14 -16   2 -10
 -5   6  23  -5
 14  19  -8   5
-20  20  -7 -17
  8  14 -23  21
-21  10 -19   1
 -3   6 -18  -3
 24 -17  17   1
 22   1 -15 -16
 -8   7 -13 -16
 11   4 -24 -24
 -5  -6  13  20
 19  12  -8 -17
 10  -4  18  12
-16  11 -16  19
-24 -22 -19   2
 -1  -9   3  -2
 16  22 -13  15
  3 -18 -20   9
 -1   7 -23  16
 15  10 -21  -6
 18  19  -3  -4
-20  -6  17 -19
  3 -24   1  23
 11  12  12   0
-23 -15   3  -3
-17  -2  13   5
 -8  -3  17   9
-20 -13  12  13
 18  -7  12  15
 18   3   8  20
 13 -12 -24  13
 16  19   9  14
-24 -22  10  14
  7  12  -5 -12
-12 -18  15   9
  9  -1 -11  11
-24 -13 -19  -3
-10  16   7  13
-23  -5 -15   9
-12  -1 -19  22
 20 -24  18  22
 24  -9  15 -24
 13  23  19  -4
 23   0  21 -23
 22  22   5 -10
 21  24   1  -2
 10  12   5 -12
-19 -22   7 -24
 15   5  21  12
 13 -18   6   3
 -8   9  -5  -6
 -9   1   6  16
  0   9  20  23
 -8  -9 -23 -15
 11  21  14  23
 17 -20  -2 -13
-21  13 -15  15
-13   0  21   5
 15  -3 -18  22
 15 -21  -8   5
  0   7  -6 -18
 -1 -15   7   9
  8  -9 -15 -19
 24  21  11   6
 10  11  24 -13
-12   4  17   3
 19  22 -17  -1
-18   8   6   2
 20  12  -5 -18
-17 -16  17 -17
 -9   5  22  -5
 -7  -9  17  -1
-15  19  -8  12
 17 -22   9   9
  4 -24   8  12
  7 -16  21 -11
 21  -1 -18  22
 19 -12  -1  12
 14  17   6  -6
-22  -8  -1 -22
-10 -21   2  10
 12 -12  21 -22
-10  17  21  -1
  1  24  -9 -21
 -8  -3  -1 -17
 20  12   0 -24
 -8  -1  12  23
 -3  -2  -2  -1
 10  15  10   0
 14  21  17  15
  0  12 -11 -16
 12 -16   8  18
  1 -14 -19 -17
-11  -6  -6  23
 -5 -19   6  10
  7 -17   0 -12
-15 -20 -18  -9
 -6 -16  -3  13
 -4  14  -7  -6
-23   1  22  12
 10  24  -9 -24
 22 -13  -6 -12
 12   1 -21 -12
-11  -5  17  19
 22  -1  16 -20
-23 -20  24  -5
-22  17  -5 -24
 24 -17 -24 -13
 -6   6  15  12
 11  13 -15 -24
 15 -11  12 -13
  4  -4  15  20
 -6 -23  19 -12
  3   5 -22  15
  2  -4   1  13
 21 -11 -11 -10
  4  16   9  -4
 -8  -7  -2  10
 13 -18  21 -17
-12 -11  23  18
 15  10  20  -1
  7  19  -4  17
-15   9  18  -8
-13  -2 -16  14
 15   7  -7  -2
 -8  17   9 -17
  4  -9 -15   1
 21   3 -21   4
 18  11  14  -4
 17  20  -5  12
-17  18  12  11
  7  -5  20 -16
-18 -10  13 -11
-16 -22  17 -16
 -5   6  -4 -16
 -3  21   2 -17
 13  20  10  -2
 10 -18  22  18
 11   2   4  13
 18 -10  10   8
 17 -24 -13  22
-15   5 -11  12
  2 -12  -6 -20
 14 -24  18 -15
-11  17 -16   9
-15  16  15 -15
 -7  13 -16 -18
 17  -8  10   2
  0  23  12   8
  2  -8  -7   3
 14  13   5  -1
 22  22 -13  15
-12  15 -18  11