 -1   3  -3  12
 13  -8  -8  -1
-22  -3  -6 -10
-16  -6 -10  20
-19  17 -21 -12
-16 -24 -14  20
 23 -24  16 -22
 -3  -2  -3   5
  2 -15 -18  -6
  1  -5 -16 -20
 20  20  21 -12
 15 -12  23 -20
 11   1 -21  20
-10   3  -9   7
 19 -23 -16  22
 20  14 -21  18
-22 -12   5 -10
 -7  19 -24 -17
  8 -16  23  18
  4  -5  22  22
 24  -9  18  20
-13 -13  20 -12
 23  -5  18 -15
-17  24   6 -14
-23 -17  10  11
 18 -12   1 -24
  9 -19  -4  15
 14  12  -7 -17
-21 -12  -5 -15
 23  -1  -7 -19
-14  15  11  -8
  1  10  -9  21
 24 -24  -6 -11
-16  -4  -1  -8
  5 -16  17  -7
  1  22 -22  21
-17  -3 -13   6
 22 -21  10 -20
  0 -16  15 -22
  0  18 -17 -21
-19  -6  23  -5
  5  -6   1  18
 -8  13  -2 -11
-10 -12   9  19
  0   4  17  -6
 -6  -2 -18  12
 -7  -1  -5  10
  1 -14  20 -22
 -4  -4  16  -5
  9   1   1  23
-11 -24 -24  -8
-21  18  19   6
 -1  18  23   7
 -4   9 -21 -10
-21   9   5  -7
-17  -5  18   8
 -2  22 -12   6
 -2   7  24   9
 24  -8 -23 -15
  7   3  -2  -5
 10 -23  17  11
 23  21 -18 -24
 15 -11  11  21
  6  15 -12  14
  2 -10  -1  -3
 -9   1  16   1
 -8   8  -4  -1
 22 -16  -4   8
-15  13  -7 -23
  7  -9  20  -9
 -5  21  24   2
 -4 -14   4   9
 23  18 -17  -7
  5   5 -14 -21
 22  -6  10  -3
-10   4  -9   0
 -6   3 -16 -15
 -8 -18   9  20
-23 -12 -10   4
  7 -12  19   9
 -6 -10  19  22
  2 -13   2   1
-13   4  12  10
 20  18  24   1
 16   5 -20  -1
-19  -3 -13 -23
 15  -1  11  17
-13  21  20   7
 -5  -9   6  13
 -9  -7 -13  11
 -6 -10 -23  16
 -2  12   0  18
-15 -18  -2  -2
 20  -1  18  -8
-18  -3  19  16
-19  10 -23 -13
-17 -20  20   0
  8 -20 -19   1
-10  -6 -22 -22
-20  -1 -15 -10
-18   4  19  -3
  3  -6   9  12
 19  10  22  -6
-19 -19   1  -6
 -6   6 -11 -23
 -9  -2  18  15
 18  -8   6 -11
 19  17 -10 -22
 -1   9  -8 -16
-12  22   3  11
 20 -15 -23 -16
-11   7 -13   1
 19   9  10  23
 19   8  -7 -17
 20  14 -16 -22
 12 -23 -23  -7
 23  -8   4  13
 -5 -19  -9   6
 20  18   0  11
 16   3   2 -12
-19 -19 -11   5
 20  -5   3  12
 -1 -20  21  21
  3 -23   0 -10
  4 -16  15 -16
 -1 -24  23  13
 14  -9  -8   9
 20  11 -16  -7
  1   2   4  12
-15  -3  -2  21
  3  15  -1  14
 12  22 -17  14
-12 -11  -2 -14
-15  10   0  21
-15  -6 -18  -7
 -5  16   8 -14
 -3  -4  -6 -15
 -8 -17  -8 -22
-18  15 -19  -8
 -2 -12 -17 -12
  9  22   9  18
-23  16 -14 -21
 -3 -11  21  -2
-11   2 -23   8
 -6   2 -19   8
 -8  15 -18  15
-24  -2 -16  -9
 19  14  15 -13
-16 -14 -20   4
-19  23  24  12
 19  21  19 -18
 23  -8   7  20
-19  -7  14  23
 12   0  -7 -20
 22 -20  20  -6
  0 -23 -23  -7
 19 -12   4  -6
  8   2  -5   3
 14   6 -13   6
  7   2   1 -14
 -3   1  19  -4
-14  -1 -13  22
  1   2   5  -2
 -9 -18  -8 -10
  4  -8 -18 -15
 17  -4   3  -3
-21   0  21 -10
 -5 -13  -6 -10
  3  -8  19  -6
  2  10  10  23
 22   2  24  -3
-21  22 -21 -22
  1  20 -21  12
-24  13  17 -20
 11  11 -16   5
  8  -9  -6   8
  5  17 -14 -10
-23 -10  -5  12
  4  -4   7 -12
-10 -21   1  22
-15  21  -2   5
 -9  -9  -3   5
  8  13   5  10
-12 -23   3 -17
-22  -7 -23 -16
  7  10   1  13
 23 -19 -17  24
-24   6   8  22
  4 -24  20  -2
 22  19  -3  24
 19 -15 -12 -24
-19  12  19 -12
 17  -7  13 -12
-24  19   5 -24
  5   8 -12   4
 20  10 -17   9
  8   1  -5 -18
 24 -23 -22 -21
  9  12 -22  23
-14  -8  -4  -1
-18  19   3  19
 19  -7  14  15
-15  10  10 -12
-15   9  -1 -14
 16  16 -19   7
-12   2  -2  12
 -7 -23  10   2
  0  16 -15  21
 24 -17 -17 -17
  7  18 -21 -17
-10 -10   4 -17
-23  14  11  23
 24  -6  23 -23
  7   3 -11  14
-12   8  17 -24
-12 -10 -19   7
 -6  13   6   9
 19   1 -20   4
  3  -4 -21 -16
-13   7  -7  24
-17  19 -12 -10
 19   6  19 -12
 -2  -9  -5 -12
  2 -14   8 -10
  8 -10 -22  23
  8  -5  16  13
 23  14  11  20
  9  15 -21 -22
-16  -4 -14  21
  0   5  24 -17
  0  -1 -14  21
-22 -10 -24  -1
 -1  16  11  -4
 -6  19 -16  18
 -1 -19 -11  17
-12  -4  14  -5
-23  10 -24   3
  6  14   0  17
-21 -17   9   2
-22  17   8 -13
-15  20   4  22
  5  13  11  -8
  1  24   2 -20
-13 -18  -8 -17
 14  -1 -14  -9
 -6  11   6  14
-15   5  12  -9
-13 -14  22  19
 -7  23  -1 -15
-21   1  -5  22
 24 -11  22  24
  5  24   7 -23
  4 -10   0  -3
-12 -10 -16  13
 24 -13   8 -14
 14   5 -14  20
 -9  21  13   2
 -9  23  -3  16
 -9  -5  15  -6
-14  -8  14 -15
  3   1 -15   9
-11   9 -18   9
 -8  -6  19  -6
  1  -9 -23 -11
 13 -14  -8  17
-15 -24  -7  -7
 21  19  11  -3
 13  11   6   5
-13  19  22 -21
-23  14 -16 -22
  9  17  14   3
-11 -24  -6   8
 13 -19  -3  12
 21 -18  -5 -18
 17 -23 -18 -24
 -4  19  20  13
 11  17  24  19
 20   5 -23 -20
 21  -6   0 -24
-22  -8  23  -9
-15  21 -17  -1
-11   6  14 -12
  5  19  -7  14
 24  15   6   8
-11 -11   4 -21
  5 -14 -17  21
-12  -3  18  24
 -4 -13 -18  15
-15  -5   7 -18
 -4  -4  23  -3
-11 -15 -17  -5
 -4  15  -6   1
-19 -23 -16  20
 17  -1  22 -19
  7 -23  -2  20
  3 -24  20 -11
-24  -8  12  13
 20 -21  -1   9
 22   3  -9 -19
 -8 -18 -17   9
-16 -17  -1  24
-19 -19  -6 -10
  1  14 -22  11
 -1   5  21  22
 21 -16   3 -14
  2 -12  19  -7
 14  24 -13  19
-14  16   0 -21
 -3  14   9  22
 11  -9  -7  -1
 19 -24  21   6
  0 -12 -23 -23
 -9  -8 -24  -4
-12  -8  21  13
 -1 -23  23  15
 -5  -1  -8   9
 -7   0  18 -11
-12  22  17 -12
 22  21   5  -9
 -6  13  -1  23
 22  13  -5  -2
 -8  -8 -18  -4
-24  -2  24  -4
 -9  -7  19 -15
  2  22   7  -6
 -7 -19   6  -1
-24 -11 -13 -12
-14  24  13  -9
  5  -2  -4  12
  0  11  -7  17
  2 -14  23  20
 18   0  14 -13
-22  14  12  17
 -1  13   7   2
 22  11   7  -8
 -8   3   5  -2
  4 -13  -4  -6
-12   8  14   1
 -9  11  19 -23
-15   3 -23  21
  3  24 -16   8
-11  12 -15 -21
  6   2  20 -10
  1   7   4  13
 -6 -16 -17 -19
 -1  20   2 -17
  5  22  10   3
-11   6   4  24
 12 -14  12 -23
  5   6 -14  -8
 -1 -24  11  16
-21  24   0  13
  7  -4 -14  -8
 12  -5  11  -3
 17  -7   1 -24
 13  -3  19  -2
-20  22  10  13
-10   5 -11  -4
  2  23  20  -7
 22 -21  -4  20
 -9  15 -15  -4
 19  21  24   3
  9   1   6  -9
 -4  15 -11  24
 24 -11 -10  -5
  9  21  -2  12
-18  11  11  19
 16 -21 -10  24
  4   0   0 -10
-19  24   3   7
 22   3   3 -14
-20  -4  -2 -10
 14   6  23 -13
 -3  21  -9  13
-12   4  16  -8
  8   9   3   9
 11  -5  24   1
-22  14 -11  24
 -8  -9 -17   7
  8 -21   6  -1
 -8  23  23 -13
 -6   0   6  10
-13  -3 -12 -18
 18 -16   0   0
-19  24   0 -14
 -2  12 -22 -23
  9   1 -10  -1
 -5  19 -10  20
  7   1 -15   4
 22 -23  17 -17
 18  16  -6 -17
 -4  22   2   0
 -9  18 -13  21
 24  -4  -9 -24
 19 -24 -11   7
 -7  -8 -15  12
-22  -6  -2  -6
-13  -3  -2   9
 -8 -19  21   7
-11 -19   1 -16
-11 -23 -19  21
 18 -14   6 -10
-20   4  10  -8
-16  18   3 -20
-24  -7 -20   1
-21   7   9   2
 13   3  -1  -8
-22  -1  19  18
 19  13   1  14
-19 -16 -16 -14
 18   4  10  -4
 15  14  10  -6
-15  -5  14  16
 -4  20  -7  22
-11   1  15 -13
 15  12  13   1
 24  23  -4 -18
 -4 -24 -10   2
-11   2  21 -11
  6 -17  10 -22
 17 -24 -15 -13
  3  20 -15  18
  6  15  -9   2
 21  -1  16   1
 -2  -5  -9  22
 10  17  18  14
 14  -5 -19  -1
-13 -22  12  13
 -6   8  22   4
 -4 -16  13   1
  1  -3  20  -4
 -9   5   3   2
-15 -21  10  18
 16  16 -21 -14
 -3  20 -23  10
 13   2  -9   0
 20   4   1  15
 -5 -12  11 -21
-15  10 -20   5
 21  19  21  18
  9  -6   4  10
-15   2  -4 -19
 22  -3  10   2
 14 -23  17  20
-18 -23  -6 -24
  2 -17 -17 -13
 24  17  21 -24
 13 -20   5  14
  1 -17 -10 -11
 -5  22  -6  -9
 15 -17  -4   3
-20 -20   6   6
  2  -7  -3  -4
 -6 -12  13 -20
 -3   7 -23   7
  8   9 -23 -19
  3 -15   1 -22
-12 -21   8 -18
 -7  19 -24 -22
 13   5  21   3
  1   8  -1 -20
 21  10  16 -11
  2   4   0 -16
-11  12  15   5
 -9   3  17 -16
-16   9 -19 -17
  7 -21  -8 -21
-18  -4   9   9
 11   5   4  -6
  3 -14  21  -3
 23 -19   6  13
-15  15   6   4
-17  14 -23  24
-23  -2 -13 -11
 13  11  11  24
 -2  13 -18  -7
-20 -11 -19  12
 -6  17   5  11
 -3   5   0 -12
 24   8  17  22
-19 -14 -14  -2
 -4  -3 -15  15
-10   7  18   3
  6  16  19  -1
  4  -7   5  -5
-11   6 -11   9
-21  -4   0  -2
 23 -14 -21  -1
  8   6  -9  -9
  7 -17  23 -14
 20  -4  16   3
 -6   9  -5  21
-20 -17  -4  10
-18  -1   5   4
 13  -8  -1 -20
 13  -3 -13   1
  2  16   0  20
  7 -23 -14 -21
 14 -20 -17 -20
-10  22 -15 -20
 14  10   0 -17
 -6  18  -7  17
-20 -14  17   8
  3 -21   8  21
  6 -13   7   0
-11 -18 -11  12
-12 -24   3 -19
 -1  22   3  14
  0 -16   2  21
-24  15 -13  21
-18  -6   1  23
-11  -7  16  19