 -2 -23  -6  23
 -7 -13  23  15
-24 -16  11   3
 -9  -8  -7  13
  2 -14  18 -20
  1  -1  -2  12
-10 -24  23 -11
  3  -7  14  12
 14  -4  14  14
 -6  21   1  10
 -8  -3  19  11
-24  21   1  -6
 10   6  -4 -17
  8 -17   3   9
 -3  11  11   3
 24  16   9 -16
-24 -13  24   5
 21 -24 -24  13
  3 -19  22  21
 -7  22  15   5
-19 -17  -9 -23
-15 -15  12  22
 -1 -14  15 -17
 11  -6  14   4
 23 -24  21  -6
 -4  -3 -19  23
-21  19  -6 -22
 -4 -17 -24   6
-15  13 -20  16
 23  23  14   4
 23  -9  22   7
 -2  20  -2  21
 -9  16 -16   0
 19 -22   5 -15
 13   9  10 -11
 -2  24 -14 -15
 21   7  12  13
-20  -8  -8 -17
-12   2  -8  20
-11   8  -1 -14
 -9   3 -13 -20
-18 -15  13  -6
-18 -24  23   5
-16  18  21 -20
 10  -6 -17   1
 14 -13  22  -9
 -8  14   8 -14
-23 -19  -2   9
-22  -8  18  23
 18 -19 -13  15
-20 -23   0 -16
 24  16 -24 -15
  5   2  -6  18
-14 -17   0  -8
 15 -20  -2 -22
 -7  11   3  17
 -1 -14   7 -10
  3  18  13 -14
 -9   6  -6  -3
 15 -18  12 -24
 19 -21  22  -4
  9  12  12 -14
-24  -5   5  10
 20 -22  -3  21
 -2  11  -5 -20
 -4  -7  24  17
 23  -5   6   0
 20  -6  -7  17
-15 -23  -1  20
 12  23  13  11
  4  -4 -11   0
 15 -19   3  13
  8  21  13   9
 -8 -18  14  10
 20   1   8  12
 -9  10  15   6
  5 -18  17 -19
 -7  -2   3  -5
 -2  20  21 -10
-16  -2  18  10
 14   7   4   1
 18 -13  -3  20
-23 -15 -11   1
 18  23  15   8
 -3   8  -6 -17
 20   4  21  22
  5 -10   9   3
 18 -23  23  17
 24 -21  10 -24
-19  10   7 -12
  4 -15  -7   6
 11  23  11 -13
 17 -20   4  -6
-11   6   7  19
 -2 -13  22 -19
  6  -3   3 -18
-21 -23   8  12
 -6 -16  -3  23
 24 -14  13   7
 -8 -18 -20 -22
 -3   0  -8  22
  0  16  -7  24
 11   7  22 -16
  6 -10  24  22
 -1  20  -5  -2
-10 -11  -5 -13
-19 -17 -17 -19
  4 -15   4 -11
 -2  16   2  15
-10  19  11 -15
 -2 -10 -15 -15
 20 -15 -14 -20
 -7  15 -24  23
 16  -5 -23 -24
-23 -11 -19  -6
  9 -23 -22 -11
-11  -8 -22  -9
 21  15  18 -23
-20  18  10  22
-14 -20 -15  15
 -6 -14   7 -23
-21  -1  11 -22
  6  10 -24 -11
 15  17  -6  -6
  6   5   7 -22
-16  -8   9 -18
-14 -12  10 -16
  4 -18 -16 -22
 17  14  10  11
-23  15  -6 -17
 18   3   2  -3
 13  10  12   5
 -7  23  13 -16
 -1 -20   1  23
-14  19  -2  14
  6 -21 -10  -1
-21  -9   3 -14
-23  -2  18  24
  2  10 -20  21
  7  -7   8 -10
  4   9  22 -23
-12   6  23   3
 17  -8   4  -2
-10   4  18  -7
 17   0 -23  11
  0  22 -24 -14
 22  -8  23  22
-12 -19   5  -1
  3 -24 -18   5
-23 -21   2   0
-14  -1   4   8
 -2 -17   7 -21
 20   4 -21 -18
-13  -2 -11 -24
-10 -19 -10   4
-16 -11  20   2
 17  12 -18 -23
 18 -12 -22  18
 18 -21  16 -11
  4  18 -20 -12
  8  11   5  24
 -5  19  21  12
 23  19  -4  10
 16  -9  10  18
 18  -6  11   4
 14   0  -4  20
 -7  22 -22  -3
-13  24   9 -17
 14  -5   7   0
-19   7   8  -5
-21 -21 -23 -22
 12  -5 -16   8
  0   2 -20  20
-22 -18  21   1
  4  -1  -6  22
-23  -6  20  -4
 -1  -4  12 -18
  7  14 -24 -20
 -9  24  -4  14
 20  -7  22  -4
  5 -17 -24   0
 -5 -19  15  24
 15   5   8  -7
-23  11 -22  16
-15   2  21  13
  6   2   7  23
-19  -1  16  23
  2  -7   4  -2
-22  15  -5  11
 18 -19  -1  20
-23  -3   6 -16
 -9  16  -4 -12
 12  17 -13   3
 22  -1   0  17
 -6 -21   7  -4
 20  13 -19  -9
-22 -12 -23   0
 -3  -4   2   4
-14 -17 -21  19
 24   5 -11 -17
  5  12  14  16
-16 -15 -17 -13
 -5   5  13  -7
 15 -21  -6  17
-19  -5  -4  -6
-12   2  23 -11
 -2 -11  21   4
-18 -10  16 -24
 -3 -22 -15  18
 -4   3  -5 -23
 -9  -1  11   0
 22   2   6  -4
 -8 -21  -9 -20
 -3 -13  14 -11
 12   5  19  19
  7  11  -6   1
 14  -4 -11  19
  6  11  14  -6
-16   3 -10  17
-12  14  -1 -13
 -3  13  -8  14
-21  13  13  23
-20  -7  13  24
 -7  12  -3  -3
-21   5  -7 -23
  6 -11 -23  -5
 -1  -7  23  18
-23 -13  -1  11
 -2  19   1 -14
-21  12 -11  12
  9   6  22  -6
  7  -7  15  19
 19  22   5  -2
-11 -23  -2   9
 12  13  -2   5
  0  20   8  15
  9 -17 -11  22
-21  23  18 -11
-10  13 -20  -1
 13  -7 -17  11
 15  24 -10  19
 18 -16  10   7
 -5  13   6   1
  5 -21 -11   7
 12 -11  10  21
-13  18   2  13
-14 -17  12   6
 16  -8 -24  19
-22  -5  22  12
  2   5  -5 -11
-23   3 -12 -14
  4   8 -17 -20
 -1  -9  -6  24
  1  -3 -13   3
-14  24 -19 -13
 16   6 -10   3
 -7   3   2  19
-11   2 -14  -8
 -8   8   7   4
 22 -20 -15  -4
 23 -24  -1   4
  8  18   9  19
  9  -6  13  -4
 16   1 -15  20
  6 -16  15   1
 14  23  12  24
 11  -2  -3  20
 19   0 -19 -14
 21 -10  -5 -20
 -1   7  22  22
  4   1  16  -7
 22  12 -14  18
 22   7 -13   2
-15   7   2   9
  5   9 -22 -13
 17  18  15  24
-24  23  23  17
-11 -18 -11  12
-23  24  -6 -16
 17  -7  15  -1
  7  22 -24 -22
 19   4  16 -12
-11 -20   6  19
  4  -3 -23  15
-12  14 -13 -12
-19  24  17  15
-16 -17  19  15
  8 -17  -3   5
-19  -5 -13  22
 19  10  10 -13
 14  -6  16   7
 14 -24  15 -10
 16  20 -14  14
-15 -10   2   6
 -2  23 -16   1
  5 -20  12  11
  5  15 -11  10
 18 -24  18  20
 17   6 -21 -15
  9   6  -4  10
-24 -11   5  -3
 14 -18 -11   9
  3 -22  10  18
 16  -1  -8 -23
 -9  15  -7  15
-12 -24 -18 -14
 17 -18  19  17
-12   6   0   4
-18 -21  -8  -7
-24   4  -2  14
  0 -19  12 -12
 -8  -1  -2 -15
  9 -11   1 -14
 12 -16 -14 -22
-11  -7   0  -1
  7   4  -7   0
  4  -5  18 -19
 -2 -22   4  -6
 23  -3   0  -9
  9 -23   2   5
-20   2  -6  19
 22   1 -16  -2
  6 -17 -20 -13
-21   2  19  16
-11  13   4  24
 17 -23  19 -21
 -1  23 -17 -19
  3  13  -6  10
 -4 -20 -18 -19
-20 -11   6 -21
  9  -7  -8   1
 14  22   2 -13
  6 -20  18   9
-16   0 -13 -20
 19   1   1 -19
-23  -6  24  22
  4   4  23   5
  2  19  -4   2
  9  14 -23  13
  1 -11 -12 -16
 -8 -15   9   1
-17  -8  20   8
 14  -8  -3  23
-16  -2  -7 -20
 -1  22   8  -9
 -4 -19 -22   1
  2   1 -16  22
 19 -19 -21  -6
-22  24  -5  24
  3 -18  10 -24
-15   3  17 -21
 12   5  -2  -9
 15   2  20 -15
 -6  -9  -5 -10
  9 -21 -21  -1
-16 -16 -24   2
 -2  16  -4 -23
-18 -15 -12 -13
-15  10 -20   6
 18 -20  10 -13
  5  -8 -19  -5
-21   1  21 -11
  5 -24 -11  19
 10  11  -5  12
 15 -10 -19   0
 12  19   7  -4
 19  17  21  10
-22  23  -7 -20
  2   8 -19 -14
 11  24 -20   5
-11  17  10   2
-22 -20 -14  -2
 -5   1 -17 -23
 -8 -16  -4  19
  9   0  18 -21
 -7 -21 -11 -14
-10  12 -14  -4
 24  14  -3  23
  4 -23   9 -16
  9 -19  -6  -8
  9  -3 -16 -24
  6   2   4  15
  7  -5  -8 -15
 17 -19  14  14
 15 -18 -22  12
-20   2  -4  20
 -8  -1 -12   3
 21  16 -24  -9
-10   4  -8   4
 -8  23 -24 -17
 -2   1   3  20
 16  -5   0   5
 -4  -2  -9 -15
-20   9 -24 -18
  8   6 -20   4
 -2  -9  -2  13
-13  -9  20  -6
  9   0   3  23
 18 -16   5  19
  9  -4 -20  -3
-16 -13  12  18
 10 -24   9 -12
 -2  11 -12  -6
-21  21  -9  -5
  2  -2   2  10
 20   9  -1   5
 24 -23  12   5
-16  10  -2 -18
-11 -16  14  -4
 -4 -11  -3   6
 -1  14  -2   3
 -8  16 -16 -19
 14  16  23  -5
  0  -3  12  -9
-10  -9 -24  13
 10 -24 -23   8
 17   9   0 -10
  7  10 -21   1
-22  24 -17  16
 16  -8  12   3
  2  10 -14 -18
-16  21 -15 -16
 17  21   2  13
-14  -9   5 -24
 -2 -10  -1 -20
  6  -1   7 -11
 23   1  19 -23
-17 -15 -22 -19
  3 -20  10  21
 23 -12   1  21
  9  -8  -9 -19
 -5 -12  18   0
 17  17  -2  -6
 17 -24  -6  21
 24 -12  -9 -22
 20  -7 -21  20
 11 -19  13 -21
 -1  21  -3  19
  0  -6 -24   3
 24 -19   0  17
 -4  16  14   3
  6  17 -23  19
  6 -19  -6  12
 -6   9 -19 -24
 -9 -19  18 -18
-10  -9  21 -20
-15  17 -10  20
 21 -10  16  -2
 11   4  14  -5
-12 -20 -14 -18
-10   9  15 -10
 24  12  23  -3
 23   9 -18   8
 16   5  -7 -11
-22   1   0 -22
 23 -20 -19 -17
-24 -21   3 -11
 12  -9 -19  21
 -2  21 -16  -9
 18  -1  22   3
 -6  13 -15  -1
  2 -20  -2  21
 16  -6  -9  19
  6 -17  10 -20
-11 -13  10  13
 10  18  -8 -16
  6  17   9  -9
 13 -11   4 -23
 14  11  12  11
-13  -3  -1  -1
 -5 -21  12   0
 12  23  22 -10
 -6  22  -8  13
  9   3  -7 -14
-15 -16   1 -17
  2   3 -17 -15
-18  10 -13   3
-14 -20  11   9
 19 -23  16  -6
-11  14 -13  13
  3  17   9  22
  1   8 -17  -3
 15  -9  16  -6
 22  20  22   8
 -8  16   4   9
-12  -4  22  23
 -2   5 -12  -1
 -6  21 -21 -14
-12   8  -3 -10
-12   2   6 -11
 -2  18  -9  21
 -8   6  -2  -8
  3 -21   3  19
 -2  13   1  -3
 14  -9  19 -11
  2  -1  13  -2
  6  -7  -5 -20
  5 -24  21  20
-19   3 -13   0
 15  -5  18  24
-21  -8 -20 -17
  6  -4  -4  -8
 13  23 -23  23
 15 -23  19 -16
-17  11 -22 -22
 -8   7 -21 -14
 11 -19 -14  -8
 21 -23   9 -20
 20  19 -13   6
 14   3 -19 -11
 11  20  23   5
  7 -13  23 -18