-11  11  11 -11
 16 -20  24   4
  2  13   0  15
 18  -3  14 -18
-11  18   8 -24
 -3  20  -6  17
 22 -18 -13 -21
 11 -23  16  11
 18  21 -20   7
 16  -8  23 -17
-19 -14  12  -8
  2  16 -21   0
 13  22  -6 -20
 20  -4   8  -7
 -1   8 -22 -20
 20  -8  23  11
 -6  24   0 -10
  6 -15   8  19
  8  -3  -9 -10
  6  -5 -19   7
-12 -12  -4 -15
 16 -12  20 -17
-18 -18  -7 -12
 18  20  23   7
  2  10  21 -12
-23  17  -3  -9
  1 -15  -2   7
 10 -16   3  -6
 -6  21 -23  23
 -7 -23 -15  -4
-21  -7 -21  -9
-10  24  16   3
 16  -5  24 -12
-13  -1   4  -8
 23  -5  -5   9
 -8  -1  12  -8
  2 -13  15  19
 -8  14   6 -21
 -9 -20 -22 -11
  2   9  12 -14
  4  14 -18  18
 23 -24 -10  -2
  6 -14 -15  -7
  8  16  22 -16
 14 -22   2  -7
-10  -9 -13  11
  6   6   5  16
 -5  18   2 -19
-12   4  -2  -7
 -9  -5   4  -1
 22   0  15  -5
-23   8   0   4
-13  14 -21 -23
 20  16 -10  19
 -9  -3   7 -14
  4  22 -15 -14
-18 -11  14 -19
-12  24  -7  24
 22 -24 -18 -10
  2   3 -17  10
  0 -10  -3 -12
-11   9  23   0
 15 -23  -1 -24
 23  -8  -3   0
 17  20  22 -23
 -1  -4  19 -13
 18 -24  -8  -3
  5  23  16  24
 -8  13 -17   6
-11 -11   8  -7
-23   1 -14   1
 -9  12  23   5
  9 -24  23  -9
-16 -18  15  -2
-10  -4  11   1
  5 -23 -15   6
 22   6   1   5
 20  23  11  13
 -3 -12   5 -22
-18  21 -10  10
 18   7  19  15
-20  23 -19  16
-15  -9  17   9
 11  15   0   7
 16 -22  -5   3
 -3  11  24   9
-22  -3 -10  -7
 -3 -19  -5 -15
 -1 -17  14  11
 -8 -14  -9  12
-24  21 -15  24
 -8 -23  12  -1
 19  11  13 -14
  8 -21  -6   9
-19  -4 -14   3
  7  13  14 -11
 15   4   7 -17
  8  22 -14 -22
 -8 -21 -17 -21
 -1  10  -9 -10
  4  -1  -5  -2
 16 -22  20 -13
-16   4  -4  -2
 -3   8 -24 -16
  4  24  14   3
 16   9 -11 -23
 12 -17  10  11
-23   0  19  12
  2  -8   3  21
 13 -12 -13  13
-12  -5 -21   2
 17 -18  16 -21
 -4  24   7  -2
 -5   6  13 -11
 24  19  14 -12
 21  18   6  22
-18   2  -4   1
  9 -21 -20  -9
 -7  -2  14  -2
 21 -10  21  24
 13 -14   5  -8
 21 -24 -15   1
 19 -18  11 -14
-16 -24  -9  21
  3  -4 -17  -1
 -6   0  -5  19
 13 -15  17 -10
 20 -11  -7  14
-11   7  -2 -23
-24 -24  21  11
 12 -13  12   0
  3   6 -14  -4
-13 -15   9 -16
  7 -15  -9  18
 21   1 -16   6
 18  12  -4   7
-17  -4   1  10
  7  24 -13   1
 14   3 -12  15
  6 -18 -15 -23
-14  -4  -4  19
-23  13 -24 -23
 -2  -6  21 -10
 13  23 -14  16
 20  14  -4  23
 19  21  -4  23
  5   9  16  -6
 14  -7 -16 -17
  9  -7 -20 -20
 -8  14  -1  20
-24   0 -19  16
 15   9  11 -17
 -1 -21 -15 -23
-21  -3   2 -18
 -2   1 -22 -20
 -3  24  -2  12
  8 -24  24   9
-13 -14 -20 -22
  6 -16  16   2
-14  -6 -23  -6
-10 -18  20   9
 22 -20  13  -4
-19  12  15  18
-20  -1 -18  23
 17  14  -1 -22
  0  -3  10   0
 21 -19  -9  22
 20  19  -7 -19
  8 -15  23   9
  1  16 -18  -3
 -2  -1  11  11
  8 -10  -4  14
 23  -7 -18   9
 16   6 -22  18
-23  24  -9  -1
-15 -21 -19  17
 24  -9   0 -14
-22   6   1 -10
 -5  16   1   6
  9  22 -20 -18
-17  19 -18  14
 14 -24 -12 -11
 22  -4   1 -15
 15  10   8 -15
-24   8  16 -10
 17  16 -16   7
  4 -15  14  15
 21 -24 -18  -1
 -9   0   9  15
 10   5  -2   5
-17 -15  -6 -14
 14  -8  22   3
-16   9  17  -8
 23  -9   1  12
  8   8  20  -8
-14  18  -3  -4
 20 -16 -16   2
 22  -3  13 -19
 19  23  18  21
-10  14  12  23
-13  -3 -16  13
 19 -21  -2   1
  4  16  17  -7
  8  21 -12  15
 -9 -22  19 -23
 -2 -23  13 -13
 -3   3 -23   8
  1 -11 -16  -6
 -2 -20  -3  24
-11   1   5 -21
-10 -21  23   6
 10   3  10  -2
-24  13  23  11
 17  10 -12  -7
 -9 -21   6 -14
 -5   2   4 -17
 -7 -13  16   2
 -5  -6 -21  -9
 20 -11 -16   5
  2  11  23   1
  6  17   4 -22
 -9   8  14   9
 19 -18 -24 -13
 21 -14   3   5
-20  -7  14 -19
 12  23 -22 -24
 17  -4   6   5
 -4  -1 -24  17
-23 -14  23  -8
  7   4 -23 -20
 11 -22  20 -10
 19   5   0  -4
 -7  -7   2 -11
 -3 -23   7  19
 18  -1  22  21
  5  21  21  -3
  8 -10  -6 -10
 16  -9   7  -3
-12   8  16 -16
-16 -24  21  21
 13  21   6 -21
-11  21   0 -22
-22 -20 -23  -7
-13  23   0  -2
-19  13 -22 -18
 19  -4   0  10
 10  11  -2  -8
 -3   4   6  22
-12  20 -13  17
-11  -1 -23   0
-24 -19  19 -12
 21 -14 -20   0
 -7  11   2  11
  2  -9  18  23
 15  -4  -2 -21
-14  -5  -1   7
 -9 -17 -17  22
 11 -20   2 -21
 -2   8  22 -20
 15  -9 -10  -1
  5  10  21  18
 14   8  13   7
 21   9   3 -24
-22  20  18 -24
-23  12   1  11
 19  19  15   9
-13  16  20 -19
  4  12 -11  -7
 15  -6  23  -4
 -5 -18  -8 -10
-20 -15   7  -8
 -7  -4   6   9
 -3 -13   8  15
 21   9 -13  11
-23 -20   9 -20
-20 -13  24  -9
  2  -7  12  15
 18  24   0  24
 12  22  18 -18
  6  24 -16 -11
  9  -8 -12   6
 -4   8 -19 -12
  0  13   4 -21
 22   9  15  -1
  4   0  17 -18
 16   2  -6   8
 -4   4 -24  11
 23  20 -24  -4
  9 -11   7  -9
 -6 -12   6   4
  1  24 -14  -9
 17   5  15   9
-18   4  19  20
  2   1 -13  12
 21 -24  12   7
 11   9  -6 -20
  2   2  15  14
  2  13   2   8
  7  16  21 -14
 12 -11   5  22
 19 -10   8  15
-24  20  19   9
 -5  -3  12  17
-20  -3  17   9
 18  -8 -15  -5
-22   3 -12  14
 19  15 -21   4
 15  22  -6  23
 23  -2  -3   7
 21   5 -21  11
-24  11  11   3
 11  19  14  21
-11 -21  20  -1
 -9   1  -6   9
-20   3 -16  -2
  2 -17 -18   8
 18  21  -2   5
-10  17  24   6
  8 -19  18  23
 21  -9   1  -2
  2  15 -11   5
 14  16   2 -11
-11 -20   6  17
-15  -3  24 -24
 24  -8  -1  10
 -3  -3   0  19
 20 -15 -12  16
-11   1   9  -1
 12   8  -4 -11
 23   6  15 -15
 -5  18  24  -1
 22  17  -5  -4
 21 -23 -24  -5
-13  -4   5  13
  2 -20 -20 -14
 -9  -7  -8   9
-11   7 -21 -11
-10  19  -8 -11
 21 -22  16  11
  3   1  16 -11
-16  -9  21 -22
 -3  21  22  -6
 19 -24   6  -7
-23  -1  11 -20
 -1 -14  10   0
 14 -22  16 -21
-22  13  24   9
 20  -3  -9 -15
  4  21  23  17
 20 -13  17  -4
  8 -20   7 -23
 -5 -16 -14   3
-11  22  18  12
 -2  17  -3   1
 11  10   0   6
 -9  13 -24 -13
  4  12   1  22
-17  -3   9  10
 -9   8 -20  14
 21  12   9  12
 -3 -20  16  20
-11 -13  14   3
 -2   4  13 -13
 -7  18   7  22
  1  15 -17  14
-10  -8 -19  17
-13   7   1  22
 18  -1   3   6
 -3  -5   0 -18
 21  21  23 -19
 21  20 -24   2
-19  -9  16  -9
 -9  24 -14 -10
  5 -17 -15 -13
-21  21   7 -24
-21   4 -17 -19
 19  -7 -14  19
  7   5   4  18
  5 -24  -5   7
 11  21  -8   7
 18  17  -3  17
 -5   0  -4   7
  0   6 -22  22
 15 -18 -21 -13
 22   2  17  -5
 -1  -1 -14 -21
-12  20   6  15
-17 -16 -15 -22
 18  -6  23  -1
-20   7   0 -11
 -8 -12  14 -21
 -1 -23  14  -7
  7 -11 -23  15
 24   6  -3  13
  3  17   4  -6
  0  10 -21  11
 20  -9  12   5
 -7  11   0 -10
 15  16   0  23
-21 -12  15   1
  1  -4  -5 -13
 -3   1  -7  20
-17  -7  -2  21
-13  -6   2   6
  8  19 -24 -19
-14  20 -20 -12
 10 -17   4   8
-17 -17  20 -12
-17  21  12  23
 21  -6  21 -14
 -5   7 -15  17
-19  24 -14  20
 -3  -8  17 -13
  8  14  -6   6
 13 -21  -3  16
  2  22   5   4
 14   9   6 -16
-12   7  14 -14
-20  20 -10 -13
-19  22  20 -14
-23  22 -19  -7
-18  23  -7 -14
 -8 -14  13 -11
 -8  -9  -7 -19
 -2 -10  12  23
 18  23   5 -17
  2 -20   5  -2
-13  17 -18  22
-22  19  22  16
  6  20  -1  22
-15   6 -12  12
  2  14  -1   5
  4 -22  16  -3
 22 -14  23  -6
-18   7  10   1
-19  -2   7   1
 -3 -14 -23  -4
 -9  24  -8 -21
 -2  20 -13 -18
-16  -5 -21  10
 21   8 -24 -18
-16 -19   4  -8
 -2  -2 -21  -3
 10  17  13 -19
-11 -13  23  11
 11  -9  15  20
  1  14  23 -16
-23  20   3  -9
-22  -7 -22   4
 22  12  -9   5
  6 -15   2  10
 11 -20  20 -21
 -5  15   5  18
  3 -22  -9  -9
 -4  13  24   7
 17  17  18  16
  5 -15 -23 -22
-14 -24 -21  22
-21  -9   6 -23
 13   9 -17  22
-23  21 -22  -6
-17   0 -24  13
 10   6  14  14
 23  24  -3  10
 13 -23  -9   1
 -8 -24 -11  -3
 19  20  -3 -17
  5  17 -19  -7
 21  21 -24  16
 -6  15 -23 -22
  8 -14   1  20
  2   6   3 -21
 -7 -18  -5  -4
 24   4 -12 -11
  6   2  10   9
  4  13 -10  -7
-12  14   3 -15
 24  17  -5   9
  0 -14  -1  20
  5   4  -6   5
 21  17  13  -4
 14  14   7  21
  5  14 -14  10
  2  15  21   2
 -6  18  13  -5
-16  -6   3  -4
 13 -22   5  10
  7  17  11  18
-18 -20  16  16
 22 -18   9   2
-12  15 -17   6
-13   7 -15 -20
 24   2   3   2
 10  -8   2  -1
 12  -7   8   3
 20 -11   1   0
  3   8   0 -16
  7  22  24   4
  5 -15  15  20
  5  16  22  -3
-18 -21 -12  24
-18   8 -24   7
-20 -17  17   1
 23  20  10 -19
 -1 -17  22  14
 -5  19 -15  -6
 18 -14  -9   0
 23  -8   2  19
 -1 -11  23 -24
-19  16   2  23
 15   9   7  16
-12  24  20  19