 11 -16   6 -11
  9  22  -1  24
-18  17  15  -3
 -4  23 -11  18
 11  17  22   0
  3 -13  -5   8
-21 -15  -1  -1
  8  -9  12  -4
 13   2  20  -7
  5   5  24 -17
 22  -4 -23  -4
  4 -20   2  -7
 20   1   1  20
 19 -16   3  12
  8  14 -12   4
 18  13 -11 -22
-16   7 -16  16
 10 -14  14 -22
 -7 -14  -7 -22
 15   2  17 -12
 -9   9  15  -3
 14   6  17 -24
 11 -16   9 -23
-19   7  -8  20
 -2  -4 -13  11
  3   6   3  -3
  4 -10  10 -21
 18   0   9   6
-10   9  17 -22
 -5 -22  18  -3
-21  23  14  -2
-16 -12  16 -20
 24   5 -23  -8
 -9  -7 -19 -11
 17  -1 -14  15
-23   6   0   3
 -3  -3  22 -19
 -7  23  -2  16
  6   7 -20   6
-13   4 -16  17
 23 -11  19  12
 11 -21   1  15
-23 -21  -8  24
 19 -10   2  16
  5 -20   5  -9
 13 -18 -18  -8
  2  15   2  24
-17  -4 -17   6
-18  -7  -1 -10
  1   4  19  -5
-24  -2   4  -1
  3  -8  11  15
-15  11  -8   8
-13  -6  16  17
 12  -6 -17  -4
 -9 -12  19   2
-22  13   1 -23
-12  -6 -24  18
-24   9  -3  18
-24 -22  -3 -17
 -7  -3  -7   3
-22 -16  -1   4
  4  19  21  12
-22  24   5  -6
 15 -24  -6 -17
-12 -11  16   8
 12 -12  21  10
 -6  18  -2   6
  8  19  19 -14
 -4  -2 -12  22
-16  17  14  -1
-16  21  -6 -16
 12 -10 -18  -1
-12   8 -16 -23
 -3 -17 -18  21
 10 -23   9  15
  9  -9 -21  15
  7   2 -15  24
-19  21  18  15
-20 -17  24  17
  6   0  -8  10
 -2  11  -5   8
-16  16  15   0
 22  -4  21  21
  0  14   3  22
 23  11  -6 -15
 16  14 -15  -8
 12 -10  15  10
 23  12   1  -5
-14   5   6  16
  8   9 -18 -24
 -2  23  17   9
-21 -18  16 -19
 12 -11  13 -24
-16   5  17 -10
 -1  23  17   4
 15   3 -22  -7
 22   6  -6  -2
 -8   8   5   0
 17   6  23 -21
 24 -12  15  -9
 -6  12  16  -5
-12 -24  12  -4
-23 -13  11 -17
 10 -18  23 -23
-16  -2  17  19
 23  16  12  12
-23  10   6  23
  0  20  18  12
 20  -3  -5  20
 20  -5  21   2
  0 -12   4 -12
 -4   8   0 -16
 13 -19 -24  13
  4  11 -22 -18
 18 -16 -14  15
 -6   1   0 -18
 18  20  11 -16
 -2  20  11  -7
  0  11  19   7
 -8   7   0   5
 -8   4  -7  19
 23 -12 -11   9
  3 -23  21   6
-15  23 -17 -17
-18  -9  12  -7
  5  24  -3  -8
 11  13   8  -7
 23  16  -3 -16
  1 -12 -13   5
-17   5 -11  16
-22 -14  24 -20
 10   3 -12 -16
 15  -8   4 -16
 19 -23  17  21
-10 -10 -19  -5
-17 -12  24 -17
-19  -6 -13   3
 -7  19 -12   0
-17   2  -8  -4
 -9 -14 -13  -5
  0  22 -14  18
 -5   9 -19  17
 15 -12   0  -4
-12  24 -24 -21
  1 -14  13 -12
  0   6  -7  18
 -8   6 -23 -10
 -6 -23 -10 -20
-17  -3 -11 -24
  5  20   2 -12
 -1 -12  -7  -2
 -1   4  16  13
 16  -1 -22 -18
-10 -19 -17  24
 11  -3   2 -13
-10 -20   3  -6
-15  14  11   6
-20 -17 -17  18
 15 -18  15 -19
-22 -22 -13  13
-16 -12 -14  11
  0   7 -17 -22
  0  -2 -18 -12
  1  20  -1  19
-12   5  24  11
-20 -14  -5   3
 -7   5 -22   7
  4  23   1  -1
  4   6  17  18
 -8 -24  24  18
 19 -15  19  -8
-24 -12   2  20
  4  22 -18  -3
 22 -12  -2 -24
-21 -24  -7  -4
 11 -21  -9  -7
-13  21  17  18
  6  18 -10   5
-11  -8 -14  -9
-15 -10  -4  -7
 17  -8 -12  17
 12   7 -19 -12
-24   2 -21   5
 11  22  23  -2
 10  -1  -4  12
 19   8 -14  19
-15   5  10  24
  9  -1  -4  24
 22  -7  -5 -18
-24 -22  13  -1
 17 -22   3 -24
  7 -22   8 -15
-11  21  19  -5
-23 -12  14   1
 23 -21  23  10
  4  15  10  -8
  2   8   9  19
  9  15  17 -17
 20  10 -14 -23
-23   6 -23   3
  1 -20   7   1
  9 -20  19 -21
 13   5  -3 -16
-21  -5  -4   1
 -9  22  15 -10
  4   7  -5 -14
-20   7 -15  -7
-17  -2 -16  -3
  7  24   3  -3
  6  19  14  -5
-14 -17   6  -4
 18  22  -2   2
 14  23  11  23
 -6  -8  -6  21
-14   4  17 -18
  5 -21  12  -6
-13  19 -10   3
 21 -23  -1   6
 22  18  18  21
 -4   2  17  -1
-14   0  -5 -19
-21   6   1  23
  6 -21  23  17
  1  18  -5  17
 18  -4   1   6
 -4 -24  -6  -8
 16  24   5   2
  4  17  13  -4
-10 -10  21 -14
-21  11 -12 -23
 16   8  23 -14
 13  -9  12 -17
-21   5  10   7
 11  -5  -2 -20
 22 -16 -24 -22
  0   3  18 -19
  2 -11 -15  16
-24 -21 -13  -2
 -1   5 -24 -13
-16 -20  -9  -9
 15  14  23  11
 23   5 -15 -11
 -5 -11  18  23
-14 -11  -3  -7
  4 -19 -24  10
-23  -6  13 -12
 10  22   2 -23
 -3   3  -5   1
  1  -7   6 -16
-19 -19  10 -16
 -7  15  -4  -6
-22 -21  -6 -13
  4  13 -18  17
 10 -11  12  13
  9  -9  12  19
-21   4   3  -5
  2  10 -23 -19
 17  15  23   4
  9 -19   0   1
 21  16  20 -11
  0 -19  10  -5
 19  22 -22  20
 18  11   1   8
-11  -4  13  13
  9 -20  17   9
-12  -4   3   8
 -5  -6  14  22
-12 -17  20  -2
-20 -17 -11   2
-24 -17   1  14
 12 -22   9  13
-23  -5  -2   9
  2   5  -1 -21
 13  21  24 -17
  2 -21  -7  20
 19  -2  21  -4
 16   3  18  24
 15  22 -15  -8
 19  -2  -2   3
 15  -8   3  20
  0  23 -11  17
 -9 -17  -8  14
-15   1  13 -11
 15  13 -19  -6
  0 -21  22 -14
 -4   3 -23 -23
-10  -3 -10  12
  8  22 -13 -16
 20 -11 -19 -19
 20  -6   4   4
 -3  21 -10   6
 11  18 -12  20
-14 -16 -13   8
 19 -11  12 -10
  7   7  13   9
 -3  -5  16 -21
 23  11  -9 -23
  7  -5 -17 -15
  3  24   3  15
-16  -8  19   4
 -6 -24  15  11
-11  20 -24  16
 23   1  22   6
 14   1   2   6
  1  16  19   3
  1  -1  -3  10
 -8 -10 -21  -8
 -8   2 -23 -11
 -6  19 -22  18
-11  12   1 -18
-14   5 -24   4
 24   2  16   4
  5  -8   3   4
 -1 -21   9   0
 -5  22   8 -21
  0  -7   0   2
 10   3   8  -2
 -6  -7  -7  14
  8  11  -9  -7
-13  10  -3  11
-21 -19 -17  -4
 15   6   3 -20
-23   2  -5  23
 14   0  -5  19
-10  -6  -1  -9
-17  19   7 -10
-21 -22 -18 -12
  4   0 -18  -8
  7  11   7 -24
 -7   3   0  12
-13  24  17 -15
 -6   3  -6  -8
  4  -2 -14 -15
 18 -13 -15 -21
  1  17  20 -22
  5   9 -14   5
-22   1 -21 -22
-24 -19  24  -6
-16 -16  16  11
 22   3 -22 -15
 24 -18  19  -5
  9   0  11  16
-14  -3   3 -15
  7  20   5 -24
 20   2   9  -3
 20   8 -16   9
 24 -17  -6  -9
  3   9  -1  19
 -7  12  -6  18
  7  21  -6 -12
-13 -18 -11 -10
 11 -24   8   3
-23  16 -16  -4
 13   4  16 -17
  5  14   5  24
-21  -6  -1   9
 13  19   4  -3
  7  10  15   7
-18 -24  -2 -14
  7 -10   0  -9
 16 -13  24   1
 17  24  15  16
 11   2  14  -9
 -1  23   8   1
  0 -20  -1  -7
-24  -2  -3 -21
 14 -18  24 -23
 -5  -5  21 -19
 21 -17  -9 -23
 -2 -22  -9 -22
 -1 -16   6   6
-22  -3  16 -11
-11  -9  15 -24
-24  -7  11 -14
  8  17   8  11
 12  19   4 -11
-18   3  12 -18
  6  14  13  20
 18   3 -24 -10
 -8 -11   5 -10
  6 -21   9   6
  2 -22   1   4
  7  -4 -14 -21
-23 -23 -11  15
-18  -7   2  21
 23  -9  16   5
-13 -21  -7  18
 -5 -10 -12   8
 -6   3 -15  18
 -6  -8  -4 -23
-16  12  13   0
 -3  22   2  -7
 -7 -19  15   9
 14 -16 -24  20
 23 -18 -13  11
 -8  -2  -1  22
 16  16   2 -12
-20 -14   5  -4
-18 -24  -2   6
  5 -22  -6  23
 -6 -20 -20  18
 -4   4  24  -5
 16  18   3  11
  4   7 -15 -11
-14   7  18  -9
-13   7  16   5
  8 -17 -14  16
  1 -22  20   6
 -6  -2  -2  -1
-11 -10 -16 -23
  9  12   0  19
-12  20  13  -5
-18  22   1  14
-24  21 -20 -23
-12  21 -13 -10
 11  24  12  -2
-12 -16 -11  12
 14  -7   4  13
 -2  -6  24 -17
  7   0  -3  19
-22  -6  -9  10
  2  14 -21  20
-22  11   1   7
  0  -5  -4  18
-24  -3  20  19
 24  18  21  17
-16   7  -8  20
 -1  19 -22   8
 23 -21  -1  -3
-10 -12   8 -19
 21   8  16  15
 19  -7  12  17
-20   1 -21  20
  5  -3  12  17
-17  16  12   7
 20  -3  24 -24
-13 -14  19   9
 17 -12 -15  11
-13  10  -2 -22
 10  15  -4 -19
-16   6   3  -1
-24 -21  -3 -22
 15  17 -13 -21
-20 -23 -13  -8
 16 -19  -2 -10
 19 -14 -10   4
  4  20   3   0
 -8  19   6   6
 13   7  11 -11
 23  18 -19   0
  0  16  20 -21
  8  23   3 -11
  4  10  14  -8
 19   9 -22 -17
  0  -8   0  -1
 13   2  23  14
 15  -2  -4 -17
 11 -12  14  -5
 -2 -12 -18  24
 -2  12 -11   3
-19   1  -6 -22
 22   9 -23   6
 13   9 -23 -20
-11 -21 -23 -22
 -8  -1   4  -1
 19   3  11 -14
 24 -16 -12  -1
-18 -13  21  22
 -9  17   0   6
-13   8   2  13
 22   5  -4   5
-20   3 -22 -23
-10  -4 -15   6
 19  -6 -24  24
  0   0  -7   3
 11  24   9  24
-19  -4  -6  23
 16   5  10   6
 -2 -11  16  -2
-17 -21  23 -10
 -9 -12 -13   8
-11  -4 -13   3
 14   0  -4 -24
  6  -6  21   5
-14  -1  -9  -6
 -2   5 -11 -16
 14  22   2 -11
  2  17  21  20
 -6  21  -8  19
-15 -23  -7  -7
  1  -8  19  -4
-24  -7 -22 -19
 20  10 -17  -1
-24  -8 -22   1
 12  -7   5  -1
 -4  20  23 -21
 -5   4  11   4
-11   4  23 -13
 -9  19  16  12
-16  -2  -7 -14
 -6   8  11   6
 20  -7  19   8
 -4 -18 -22  12
-11  22 -14   7
 19 -14 -21   3
 11 -13  15 -23
 -2  -6   2  12
-17 -11  20   8
-19   6 -23 -10
  9   5 -22 -23
-21 -22 -18 -11