-10 -10 -13  14
-21   0 -14  -6
 -6   9  -1 -10
 -2  17 -15  -8
-13  11   0 -24
-13  -1  21  22
  8  11  -3  21
 -4  19 -22 -20
  9  21   0  -4
 -6  15  23  -6
 -7  21   5  19
  8  -4   9  12
 -8   6   1  -6
 -5 -20  18  -6
 22 -14 -21  15
 23 -23  -1  -1
 13  10   6 -20
  6   4   8   3
 13  22   4   5
  6 -13  -9  -9
-18  15 -15  19
 -6 -13   2  -5
  1   3  21  -7
-19  13  15 -20
 24   4 -12  -6
 -5  -7  -7  -7
  7  -1  24 -17
 -8 -18  17 -24
 16  21  15  11
 -1  -2   7  -6
 -6  18 -18  16
 21   8   5 -17
-16   6   9  14
 12  -3  19  -4
 17 -15   1   8
 13  -9  16  -3
-17 -19 -10  -6
-22  21  24 -21
 -3  -2  23  -3
  3  -8  10  -4
-24  14  23   8
 -5  22  14  14
 -5 -15 -24  13
 -4 -24 -10 -12
 13  -1  11 -14
 -4  10 -18 -19
 -5 -10 -20   5
  9   6  17 -12
-15   9  -3 -10
-14 -13 -23 -11
 17   5   4   4
  2  14 -22  13
-15  21   1 -12
-13  -8  19 -18
 21 -15  17 -19
 22 -21 -15   7
-22 -13  -4 -18
  4   0  21  18
 23  21 -22 -11
 -3  22  -9 -15
 17   8  12  -5
 11   9 -17 -17
 -7   8  11 -15
  2  17  20 -24
  8  17  15 -11
 -1   1 -17  17
-12  23  22   8
 24  -1 -19  15
 13   9 -19 -15
-11   7 -20  16
  5  23  14   9
  1  21  20  19
-21 -18 -16  -8
 19  17 -12  24
 21  24  19  -9
 15 -11   0  13
  0   7  12  14
  1 -13  21 -13
-14 -12 -19  -8
 13 -12 -17  11
 13   0   6 -17
-14  -9  24 -11
 -1  -2  -7 -11
-17  22 -15  10
  5  15 -22   5
 22   7 -14  11
 24  -3  10  -7
 12 -10 -21   1
 -4   3  -5   9
  5  16  22   4
 -3  16  19 -23
 14  -2   0   0
 -4  -2   1  11
-22   4 -21   8
-23 -12   7  -7
 -7 -23  17 -11
 20  14  24   5
 19  -8  -4  -6
-24   7 -10 -11
  2  17   2  22
 -2 -12   9 -17
 -5  -9  17   1
  9  -5 -13  19
 -8  13   7  17
  4 -13 -15  -9
-17 -16   7  11
 18  17 -20 -11
-10   7   3 -10
 13  17  11  -8
 16  -6  -5  20
 -2  -9  -1  18
 -1   8  -3  -7
  7 -12 -15 -19
-10 -24  -9   0
 -6   4  23 -20
 15  17  -6 -11
 21   0  10   8
 18 -23  -9  17
-14   6  11  11
 24  11  16  -7
 -8  -5 -13  19
-14  16  -2 -10
-24  12  -4  -1
  9  17  24  19
-10   6  12 -23
 -2   0 -19   5
-18  13  22  19
 -1  -1  21   2
 23  17  11   8
 -2  -7  20 -12
  5  -4 -18  -5
 23  -3  -6   5
-24   2   0  -7
  5 -24 -14   9
 -9 -22  -5  -8
 -8 -11   5   9
-14   2  11  11
  8 -10  -3 -20
-18  -3  -9 -23
-21  13 -15   5
 19  12  -2  12
 -9  16  -3  -6
-18 -21   2  22
 -7  11  11  -4
 24 -16 -17 -12
  3  22  18 -21
 -8   6   3 -17
 13 -17 -13 -15
 10  20 -24  -5
-22  -4   6   3
 -2 -21  11   9
-17   6   4  16
 12 -23 -10  -1
  6  -4   7 -21
  0   9 -22 -16
-12 -16   2 -15
  7   6   8  16
 16  24   2   3
-22  18   7   8
 18   0 -15  16
  4   3  12  21
 20  -1  12  14
 -5   6   0   9
 -9 -10 -18   1
-21  17 -13  18
 17  -4   5 -20
-18 -24 -17  17
-17  12  -1  22
 21  -9  13   1
-13 -12  20   0
  1   1   2 -13
 18  -2  -4 -17
  7 -15 -12  17
 24 -18  19 -11
 -6  -6  16  21
 -8  -9 -23  15
  8  21   3  -1
 13  11   5  -2
-18  17  19  12
 -9  -6  16  14
  8 -21  20  12
 14  -1   4   3
 -6  19   4 -20
 18 -10  22  22
-16   2   6  14
 -1  19 -15  -4
  0 -22 -24  -6
 -8 -14   9  21
 14   7  14  15
 -5   8 -19   3
-12  22 -20 -24
-22  20  -9  -5
 10 -24  14 -22
 -4  -8  18  -1
-21  22 -10  20
-15   4 -21 -24
-16   8 -13 -12
 -5  12   9  10
-17   6  22   1
 10 -19   7  -4
 -1   6 -23  -1
  6 -18  24  14
  5  -3   3  -2
-18  14 -13  -5
 22  18  23  22
  7 -16  -3  21
 20  13   9 -14
 -5  15 -16 -16
  3 -10 -17 -21
 10  -5  -6 -23
  2 -13 -17  12
 14   1  10  12
 12   3  -5   9
 23   4  14  20
  5   7 -13  10
-14  24  -6  11
  5  18 -11 -20
 16   6  23   1
 19  -5  -7 -19
  6  21   3 -21
-16 -15   8   9
  4 -24  -6  16
-19   2 -13   0
-20 -10 -15   1
-10 -24 -13 -15
-11  -2   9   3
  7  16 -10  23
-22  19 -17  14
 18 -10 -21   7
 20   1   8  -3
 -3  -2 -23   4
  4 -12  -4  10
-21 -14  15   9
-16   5  13  10
 12   9  -8  -5
 16  -6 -11  -2
-15  -1  -7  -6
 -7  18 -14  22
-13  -6 -18  23
 11  22  10 -11
 13 -22  -4  -6
 21   2  -6   5
 13 -11  21  -5
 17   6 -10   6
-22 -11   1 -12
-24  10  -5  22
 18 -21  21 -24
 16  22 -13   7
 22  20   9  22
  8  21  -5  14
-10  13  -8  10
-16   3  16   7
  2  15 -10 -19
-13  -4  -5   0
 -7  14 -12  17
 19  15 -17  19
 16  23 -10  11
 -2 -13 -20 -19
 -6  -6   3  22
 23  -6   9 -20
 12  -7 -13   4
 10   8 -22  -3
-13 -14  10 -10
 17  22  -7 -20
 18   2  21  23
-24 -22 -19   7
-22 -16   5 -24
 13  12  15  22
-14   3 -20  21
 10 -10  11  13
-14  -9  11 -14
-18 -16   4 -16
-15  23 -14 -23
 10  10   2  11
  0  24  13  -9
  7   9 -11  -7
 -4   6   7  -5
  9  10 -22   1
-24 -17   2 -22
 24  -8  13 -13
-21   2   2  23
 -8  -9   0  24
 12  -3 -24  22
-15  23 -15  -6
 -9  -7  19  22
 13 -22   2 -18
 18 -24 -23  24
 11 -15  -7  12
 20  21 -22  14
 22  12  22   5
 -7  -1 -24   0
 -2  20  17   4
 -1 -12   2  24
 21  22  10 -12
 24  18  19  19
 17  -3   5 -13
 13 -18  -9  15
  1 -16 -12  -3
 20   0  -2  22
 -6  24 -16   0
-11 -18  12   8
 -7  21  -7  -6
-20  16  -7   8
 -4  -7 -24  18
-17 -12 -23  20
 -6   4   8  13
-10 -13   6  -8
 -1 -17 -11 -14
 17  -4  10 -21
 16   6 -15  -5
-12  11  19   8
-22  20   8  -4
 21 -17   8  10
  8 -13  13 -11
-22 -14  11  11
 -5  22  16 -23
 19  22   5  -9
 -8 -21  17 -21
-19 -13 -15 -10
-14  -7   3  19
 23 -24  23 -23
  1 -21 -15   9
 13  22  -2  17
 15 -10  11  18
-24 -10  14 -21
 10 -18 -18   1
 10 -21  -1  -1
 19 -22   6  22
-20  -9 -24 -14
  4  -8   1   1
-11  -1  22 -24
-15  -9  17  23
-10   3 -23  16
-14  11 -13   1
 -4  -8  -8 -17
  1   9  14  -3
 -7  -9 -17  -6
 14 -20  20 -17
 -9  18  -1 -19
 12  17  -4  -2
-19   9 -17  20
 11  24   7   5
 17  21  21 -24
 22   8  13  11
-15 -23  -4 -19
  8 -16 -19  -6
 22  -5 -22   7
 13  20  -8   8
-11  -1   0   6
 -7 -16   8 -21
 -7 -16 -22  24
 22 -23   7 -21
 16   9  -6  23
 -8 -12 -17  16
 -2 -14  -1  11
  4  -3 -20 -22
 12 -20  21 -11
 -8   9  -4  19
-17  18  -7   0
  3 -20  -8  21
-16  14  11 -14
 18  -8  15  -4
  5  14 -24  16
-11  14  15   1
 -6   5 -22  20
-20 -23   0   9
-14  -7 -16  -4
 -1   1  -7  14
-17  11  12   8
 11  11 -18   3
-19  24  14 -15
 -7 -15  21  -1
-12 -14   5  20
 18 -19   2 -10
 -6   3  -6  18
-10  -7  -7  10
  3  22 -18  14
 15  20  14 -15
 -7  -9  -2  -3
 23  17  -7 -15
  9   4  14  -7
  2  -4   3 -17
 -8 -20  20 -23
-20  19   4 -16
-17  15  -6 -16
 20   5  14   8
 13  17 -18  -3
 -8 -16 -19  12
 23  16 -13  -3
-16  -7 -21  24
 15  12 -18   6
  9 -16 -12 -12
 -3  18   0  16
-13 -22  24  -2
  2  13  -6 -11
  5  16  -6 -21
 15   8 -23 -21
  2 -11  -4  13
 -3  -4  19  16
 -1  -9  19  15
 10 -17 -23   7
 19 -11  -9 -12
-18 -12   2   6
 -3   4  22   7
  3  -1  -1   1
 -9 -18  24 -16
 13  -4 -17 -21
 -1 -18  21  -1
 22  22   1  -8
 -4 -20   8 -10
-22 -19  18  11
-10   5 -15  -1
  4  16  23  18
-20  14   2  13
 -6  17  15  -6
 -3  12  19  17
 -9   2  -7   6
 22  -3 -11   8
  5 -16  -3  16
-23   7  -2   0
  1 -18 -20  10
 17 -17 -19 -20
-12 -24 -12  18
 -3   8  21   8
 13  12   7   8
 -6  -7 -12  19
 10  -8 -14  -1
 16  18  20  -3
 10 -17  -7 -18
 -2  23 -16 -10
 24  -5  15  -4
-23 -12  -9  14
 19 -19 -16 -17
-20   6 -21 -24
 16  20   5 -24
 14  10  21   6
  2  24  -4  16
-11   5   4  10
  0  16 -17   3
-18 -16  -7 -14
  4  14  -5 -17
 -7 -19  21  11
 15   4   5 -13
-10 -17  -3 -16
 -5 -15  16  24
 -4 -17  17 -14
  1 -23 -23 -21
-22  21  24  15
 13  20 -21   4
-21  22 -20   4
-13   1  -3 -18
-23  16 -14  24
-10 -15  -8   2
-20   8  -4 -16
 -8 -10  24 -14
-17 -11  20  -4
  3  -4 -22 -13
-11  10   2   6
-14 -14  -2 -16
 13  23  -6 -15
 -2 -15   6  15
 -4   1  -7  -8
 23 -13  21  18
 -3 -24  -8  12
  4  -6  24 -11
 -9  -4   8  12
-21   7   9 -17
 -6   8   1  20
 21  13 -17  -3
  3 -18  16  -3
 -1 -18  17  18
 -4  11 -18   0
 23   8  18  21
 10  22   8   9
-10 -22   3  21
 15 -15 -20  -1
 -1  -6   4  -6
 20  10  -1 -22
 15 -14  11   0
 20  24 -13  -1
 11  15 -22  24
  7  24   3 -18
-24 -15  17 -20
  3   4 -14 -14
-19  13   1  13
 17  10   4  23
 -7 -16   5  -9
  6  22  -2 -16
 18  19 -10 -22
  3 -16  22 -18
  1  16  -7  -6
 16  -6   8   9
 -3   7   6   1
-10   8  14   0
 -8  15  -1 -20
-11   6  -2  13
-22  14 -10  13
-12 -14  10  10
-23  -2 -10  -1
 20   1  10 -17
-11  -5  -3  23
 -5 -13 -13  16
-12 -17 -18  12
 -8  24   1   2
-11  15  -4  -5
 -7 -24  23   1
 17  -8  13  10
-11 -11   0 -19
 22  -2  -7  17
 13 -12   9  23
-10 -12  -5  -8
  3  19 -24  22