 13  10 -13   9
 18  -1   9 -14
  3 -24   6  13
 20  -5  -1  -9
-21   2 -11  -3
  0  23  12 -19
 21  23  16  23
-24  -4 -15  -1
-18   9  -8  -6
 11 -22  -8  18
  8  14 -24   9
-22   7  11  10
 14  -9  -7  18
-22  -2  -3 -20
-22  17 -10   7
-21  22 -13  19
-21   4 -15  23
-20   7  -7  -1
  8  10  23 -12
 10  14 -13  -7
 -9 -10 -18 -16
-21 -17   5   8
 -4  16  20   5
  5 -18   7  19
 15 -24 -18  -9
 -5  18 -12  19
 10  16   6 -20
  6   7   6  15
  6 -10  -8 -21
-16  -8 -10 -19
  0 -18  -7 -19
 13 -15 -11 -11
  6  22 -21 -24
 13  -7   1  -2
-22   2 -12  22
 -3  -1  -2   8
 14  -4   9  11
 -7  -3   9   3
-20 -16  -3  11
  8  -4  11   8
  3  22   5   6
  0  -6  -7 -23
 13 -19  16   1
  4   0 -12  -9
 20   7 -24  12
 11   6  -2  12
-12   1 -21  -6
-22 -22   5  16
-18  17  10  17
-23  -1   0 -13
 -8 -10  -5  18
-24 -16   7 -18
 11 -17 -18   6
  2 -23  22  11
-11  -9  -7  13
  3   7  20   2
  9  21  23 -23
 -9  12  12   2
 -7 -19 -20  -9
-22  21  -9  -8
-18   8 -16 -19
-14 -21  13 -13
-23 -15 -17  -4
 23  -8  -2  -6
 -7  -1  -3   0
 -4  19   6   9
-13  11  -5  14
  5 -11 -13 -22
  3  17  -6   5
-14   9  14   8
 -6  13   1   4
 -8  18  24  -2
 23 -21  -8 -19
-13  10  17 -19
 -7  -3  24  10
 16  13 -15 -12
  9  -4  18   6
-17  -5  11  14
  4   0 -24  24
-13  -6  12  12
-18   0 -19 -15
 19   7  11 -24
 24  18  12 -12
  7   4  16 -21
 -8   2   6 -10
  1  -3   1  23
 -9  15  22  -8
  4  12 -21  10
 14 -14   9  16
 15  -3  -6  -1
 -7 -10  22  19
  2   3 -10  21
-22 -24 -21   8
  5  20 -21 -17
  4  -2 -21  23
  5  18  19 -15
-18  -1  21  12
 -3 -12 -19   7
 -4  18   9 -12
  6 -15   1 -10
-13   5  22   0
  1   3 -22  19
  0  -7   8 -17
-15   3  22  23
 -8  22 -20 -21
 15  12  14 -16
 -9  11 -17 -17
 -3 -17 -17   8
  1  21   6  -4
 20  -5  -3 -21
-18 -15 -16 -18
 13   9   2 -18
  0 -17 -18  10
-13  14 -13  -9
 -8 -10 -13 -14
  6  -5 -24  13
-16  -6  23   4
 -7 -10 -23  19
 18  -6  -1  -4
-24   0 -14  -9
  5 -15   8 -11
 -6  -6   0   1
 -8  23   8 -19
  1   9 -14  -6
-21  14   6   5
 11   1  17  10
  2 -17  24  -9
  3  -1  15  -1
 21 -13   7  -3
 -8 -22  13   6
-20  -1 -19  -6
  8  22 -22 -15
-22  20 -18  21
 16   2  16 -22
 22  -1  15  23
 -8 -23  20  12
 -5  20  18 -11
 -3  14 -12  16
 24  -6 -24 -14
 14   4 -13   4
 -7 -15   5  -3
 18  24  22  10
  8 -24 -16 -17
-12   3  19 -24
-16 -21 -13  -5
 -4   0  24  12
 11  21   0  24
 14  24 -15   0
 -6 -19 -23   3
 -1  23  -9 -20
  8 -19 -19 -10
-17  -2  24  14
 15  11  21  22
-22 -11  24 -19
 15  23  -5  -3
  0  22 -10  11
 -5   5  10  -9
 -9 -11  13  17
 -4   6 -13 -17
  7 -20 -16  -7
  8   3 -17 -18
-18  -4  -4  12
 22 -10 -11  -7
-20 -22 -12 -19
 14   5 -21  -2
-20  -8 -17   2
 19  20  -9 -16
 19   9 -10   0
-14  10  16 -11
 23   9   0  11
 20  -8   8 -11
-13 -14  11  19
 12  -4  -5  -1
 -3   5  24   7
 17  -4  -1 -11
 23  20  11 -22
-19  12  21  19
  0  23  18 -16
 -4 -11  -3 -10
-24 -10  24 -12
 19   1  -8   1
 23 -23  18  10
-17   7  11   7
 21  10   8 -19
-22   7 -10 -24
 17  11  12 -22
 21  -4  -2   4
  0  -5  -5 -24
-16 -11 -17 -13
  8   4   9  -7
  6 -21 -11 -24
 22 -15  -4   1
-19  -8 -20   7
-12  -7   1 -16
-22 -19   1   3
  1  15  -8  -2
-24 -11   9  -8
 10  -7  -3  -9
-19 -17  13   5
-19  17 -24 -12
-17 -12 -19  11
-21   8  -3  22
 -5  16  -9 -14
 10  24  24 -16
 24 -14  22 -17
-12 -20  -2  -5
 19  23  -3  10
-20  20 -17   9
 -1 -16  19   5
 13   2   5  15
 24  11   2  15
-24  -4 -20  20
  4 -12  13 -19
 23  24  13  15
-10  -8 -11  11
 24  16 -12  20
 -7 -22 -21 -12
 18 -11  13 -10
-20  -9  19 -20
 -4  10 -14  20
 23 -10   2 -22
 19   2  13  23
  7  13 -14  18
  5  -6  -9 -22
-18  -5  -4 -14
-20  -9 -21  21
-21  -4 -21  -6
  4  11  16 -12
 19  14 -20  20
 -3 -16 -20   8
 -2   4 -12 -22
 11 -18 -24  15
-22  -7 -24  19
  5  -4  -6  18
-15  15  -3 -12
  7  -9  17   4
 15  10  -9   0
 -2 -13  17  -2
-18 -24   5  21
 19  -6  16 -23
  2 -15  13  24
-13  24  19   8
  6   1 -19  22
  9 -16   8  11
 -5   9  -6  -7
 16 -16  -4  23
-20   3  13 -14
 17   3  -7 -14
-16   0   7   2
  7 -17   1  -3
-10 -11  23  -5
 21   4 -15 -19
 14  24  24 -11
  5  21   6 -14
 18  -5 -13 -14
 -8  21 -12   4
  0   9 -12  12
 -8  -5   0  23
-18  20 -20  -1
 -4   5 -12   7
 24 -16  22  20
 15 -12 -21  11
  0  16 -19  23
 15 -11 -21   0
 13   1  15  12
-17  -5  -8 -13
 17  -8  -1 -16
 -6 -20  -7 -15
-18  11  -1  17
-10   0 -16 -14
-24  -6   6  15
  0  -5  19  15
 20  -6 -18   3
-14  14   7  14
-19  20  12   5
-22   2 -18  10
-12  12   7 -20
-13  -3 -23  -2
 -2   2 -23   9
-13  19  22   1
 12   2  19 -10
  8 -21 -13 -14
  3  12  -6   9
-22   5  -4   0
 12  -6 -18  20
  3  20  20  24
  5 -21 -20  -2
-22 -14 -10 -22
 -4  10  22 -10
-12 -15   8  23
 -7   4  24   5
  9   1 -11 -13
 -7  -8  -8  22
 -4  -6   1   4
  9  -5  23   3
-16  -7 -21   3
 24  18  16  17
-10   7  23  -4
  0  20  18   2
-23  -5  22 -21
-20  15   8  12
 -5  17 -22 -22
-17  12  12 -11
-12 -20 -13 -16
-12 -18  20 -13
 -6  10   7  22
  2 -24 -18  -9
 -3 -19   8   5
-16  -7   4  21
-11  12 -14 -13
-21  -6 -14 -24
 17   0  17 -21
-24  15 -20 -19
 18 -11  -9   7
-19  -8   2   7
  5 -11  16  13
  1 -22  -6   5
 -7 -11  -7   4
 -5 -14  14  -6
  3 -14   8  -5
-22  21  13 -13
-22  -7 -22  19
 -9  16 -21  17
-23   3   2  11
  9   5   1   3
 20  20  -8 -16
 14 -20  14   1
  7   1   5 -17
  6  -1   7  -5
 -6   9 -20  18
-17   9   3 -13
  7 -16   5 -11
 -5   1 -17  18
 21   0 -14 -17
 -7  -7  -8   3
 17   7  -1   6
  6  -4 -24   6
  1  18   0   9
 -8  24  16  19
  5  15   5  17
  0   4 -19  15
 18  -9 -21  11
 16  23 -24  23
  7  -7 -20   4
 -2  -6  24   1
  5  -2 -16 -17
  1 -23 -14  11
 -2  23  20  -8
 21  -7 -18  12
 -6  -6  -3  19
-21 -19  24  -8
-16 -16 -19 -10
-19 -11   1   8
  8  14 -10   6
-18   6  13  14
-11 -21  24 -14
-22   7  -3  17
-15  -6  -3   6
-18  -3 -22  11
 14 -20  -6  17
  4  19   4 -11
 20 -17 -23 -21
 10 -16 -18 -16
 -8  -8   6   3
 -6   8  -5  17
-20 -17  17   1
 21   3 -10  19
-11   2  -5  21
 19  -4  19  21
 -3 -18   9 -14
 24 -11  -6 -14
  7  10  14  18
 -7  12  -7  14
 21  22   0  -1
 12  23  15  -6
  0  14  -7 -21
-15   9  23  11
 22   5   4  11
 -3  16  -5  13
 21  -5   9 -19
 21  -2 -19 -18
 13  -6  22  13
-15  22 -12 -13
 -2 -21 -11   7
 -1  -4  -1  19
-22 -24  16 -19
 -3  18   3  -2
 -8  24 -19 -16
  6 -17  -8  19
 -2 -10 -16 -12
-18  23  -3 -17
  5 -10 -21  17
 23  -3  16  16
 16  -2 -10   2
-14 -12  13  20
-23  23  -6  11
 22  21  24 -22
 21  -2  -3   8
 -1 -22  -5 -20
 22 -22   4   7
-18 -20  14 -11
 -2  18 -17   8
 24  -4  17 -11
  3 -16  -4 -17
 -4   6  16  23
 23  20  16  15
 -1   3  11 -12
 -1   4 -12 -17
 16   9  17  23
-17   4 -13 -24
-13  12  11  -9
-10   7   5   2
 -8  -5   1   4
 -7 -16 -20 -24
 -7  23  -6  16
-15  -2  12  21
 19   8  -2  -9
 11   7 -19  12
 -6  -6 -20  12
-18 -21 -17  22
 16 -24 -13  -1
  7   4  18 -21
  2  -6 -21 -12
-11   3   7   6
 -5 -20 -11  -1
 -6  -4  21  14
 -7  -8   7   6
 23  10   1  13
 16  22   6 -21
 -7   3   6  -9
-21  13  -8 -19
 18 -19  -9  10
 19 -18 -12 -10
 -7   9  -9 -14
  2   0  15  12
 22 -12   1 -23
 -6  24  -7 -11
  6 -21 -11  24
-11  -5   9   8
-15   8  11   2
  9   7  23  16
-16  -7 -11 -18
-19  15  23  -5
-22  17  17  23
 14   1   8  21
 -4   6  -4  13
  0  -5  -2 -24
 14 -10  24  -5
-24  18 -23  -7
 24   5   3 -12
-15   0  10   7
 22 -24  13  16
 16  -2 -15   0
 -3  17  -9 -15
 22 -17  -2  -6
-19  19  22  -6
-10 -17  -4  23
-11 -11  21  14
 16   8 -11  -7
-12 -19 -14  19
 20 -11  -4  -1
-24 -21 -14  -3
 11  14 -15   7
 -5  19  -3  20
 12  15 -15 -20
 24 -13 -13  -9
 -7  13  10 -18
 14 -23  16   5
-12  16   2  20
-12  20 -14 -15
  7  16   6 -11
-12   4  13  13
 21   4  10 -12
 -4 -15  -7 -11
  4 -24   7 -17
  2  17  21  -2
 19  16   3   6
  6 -18 -13 -11
 21 -12  -4   9
-10 -18 -16  10
  0  11 -17  21
 -9 -24  12   2
-17 -11  12  20
 17 -11  -2 -15
  5 -17  -5 -22
-13  11  20   0
 -2  15   7  13
 11  11  21  -6
 20 -10  18  -1
-20   5 -19  -5
-23  14   7 -23
 -1   6   7 -23
-11   0  15  -7
 -3  15  15 -10
 -2 -19 -20  12
 -2  21  18   9
-18  10  -1   0
 11 -15  -8  -7
  2  19   8   7
  7 -15 -22  16
 17  -4  14  -6
  3 -12   0  24
 -9  17   9  -3
  4 -15 -24  -2
 -1 -20 -24 -19
  1 -16  14  11
  8  24 -21  15
 22  -7  19  10
 22   5  24  19
 10   3 -13 -14
-21 -20   3  -1
 15  18  22  -2