 18   1  11  24
  1 -17  17  -5
 16  -4  18  -6
-14   7  21  -3
-17 -20   6 -24
 24  23  -2  17
 -2  15 -20  -8
-20  -8  22 -13
 17  16  15 -23
 10 -15  -3 -12
 24  -2 -17   1
  5 -12 -15  -1
 -8  16 -13 -14
 22 -12 -22   2
 -9  23   5  20
 -1 -12  -1  11
 14 -10 -19  -2
-13 -21   4  -1
-21   0  -5 -23
 11  20  10   4
-17  21  17  -6
 15  19  19 -20
 23 -13 -24 -21
 -2  14 -22  11
 -2 -14  16 -12
 13   3  20 -21
-11 -24 -15 -16
 -6  22   1  -8
  3   9 -10 -13
 -4 -15  15 -17
-21 -22 -10 -12
-17   9 -18  21
 -4 -12   4  18
  2 -21   0 -21
 20 -12 -11  -3
-24  -3 -20 -11
 16  15  20  14
-24  -4  -4  22
 -8  24  18   6
 20 -24  -1  16
 -8   7  21 -24
-17  23  13   0
-14 -13 -12   3
  4 -14 -24   8
 19 -15  20  16
-10 -14 -23 -14
 18  -8  23 -19
-13  11 -12  22
-22 -16 -20 -19
 11 -16 -23  -1
 20   8  14   3
 16  22 -12 -23
  2 -14  -6  13
  5   1  13  11
 21  -3  -8  24
-22  20  -8   2
  0  24  20 -11
  2 -21  23  -8
  2  -9   5  16
 -6  -9  -9  17
  5 -22 -23  12
-16 -20 -12  -4
-22  -5  18  -7
 -4 -10 -10   9
 10  -2 -11  22
 17   9   9  12
-18 -15  11  21
  7   4   1 -12
 21 -24 -23  -9
  9 -13 -12 -17
  9 -15  13  -2
 -5 -18  -3   9
-12 -16  15 -17
 11   0   3  -5
 20  12  13  22
 -9  -1  16 -24
-21  12   1  -5
 14  11   9  -7
 10  -9 -12  -6
-12 -11  -3   1
 18   9  21  -2
 -5  20 -11  20
 11 -13  13  -7
 -6 -10  23  -2
-22  -8  -7  -5
-18 -10 -20 -15
  9  -2 -21  23
 -2 -16  -9   5
-23  -1  -8 -10
 20  22 -15 -21
 21   9 -11  -5
-16  10  19  10
  3  -6  -6  -8
-11  -2  -3  18
  5 -22 -15 -20
-19  24  17   5
-17  -6  15   2
-16  -1  15  13
 -1   9  -9 -22
 -6 -18  21  24
-19  19  13 -10
 -6  18  -1   3
 -6   5  -6  21
 23 -23  21  11
 -6  -2 -14  13
 17 -14 -21  -9
-17   8   7  22
  9   6 -16   8
 24  -5  18 -18
  6   3  23   4
 -1 -10  10 -10
  6  -4  -2 -20
 -6  15  -6   4
-24  -9 -17   2
  3   6 -21   4
  4  -5 -11   6
-10  12 -19  23
-15 -12  -5 -12
  8  -6 -18  24
  3  18 -12   8
 18  12  18  -7
 -5 -16 -13 -11
 12 -20  -7  20
 10  -5   7   7
 16  12 -23  -2
 23  -1  24 -21
-12  19  -5  -6
 -1  -5  -5 -13
-23  24 -14  -5
 11 -10   6  -2
-12  -1  15   4
-10   8  -8  20
  1 -16 -11  16
  1  14  -7 -21
 21 -16  -5   5
 -5  21   3 -21
-14 -19 -20  -6
  4 -17   6 -23
-18 -14  11 -12
  0   6 -19   0
-18  24  12  -2
 23 -22  24   0
-13  -3  -7  17
-18   5  -5 -11
  9 -15  14  16
-10 -18  16  15
 16  -5  -9  24
 10   9  23  19
 19  -8   6 -13
  8 -22  24   7
 15   1   1 -20
-19 -23  13  -1
 18 -22  13  17
  8 -21  15  19
 17  20 -19   6
-24   0 -24  -1
 19 -22   4  19
-15   9 -22   8
  5  12 -16 -24
 22  10 -21 -12
-22 -16  20 -14
-20  -4  21  10
 19 -17  11  15
  5 -20  13 -18
-15 -12  18  18
-11  24  24 -11
 12 -19   4  23
 23  -9  -1 -19
-23  19 -12  22
 -3 -23  21   2
-13 -16  13  14
 -8 -15 -17 -12
-22  -1   5 -16
-10   2  -4  10
  0   1   0   5
 -1   2  15  -5
 22  -9  -4  22
 -6  -5  16 -12
-14  -6   4   9
  2  23  -9  19
-23  14   4 -20
-22   4  -2  -4
 19  24  15   8
 -3   1  20  19
 -9  -2  -4  -3
 19  -8  -4  17
 20  -3  -8  -6
-24  -1  20   7
 -1  11   7  22
 14  23  20  12
 20   6  10  -4
-22  17  22   6
 24  22  24  16
-18  10  -6  -3
 -8  19   8  -4
-22  21 -13   7
 -3 -13  -3  -8
 21   2 -15  -4
 21 -14  20 -24
 -5   0 -10  -5
 -1  17 -12   2
  2 -17   5  18
-12 -14  10  13
  6 -10  -2 -11
 24  11  18  -4
 16   4 -11  -9
 13   6  21  17
-16   8   7   0
 10   2  10  11
-14  11  -3 -13
 -8 -16  -8   1
 13   8 -20   9
  3  21  17  -1
 -5 -17  -3   4
 13   6 -20   0
  4  22 -21 -11
 11 -24  12  17
 -9 -19   9  16
-18  19 -23   6
-17  16  20  13
 -4 -21   5  -9
 21 -12  15  21
 -4  -9 -10 -24
-19  20  21 -17
 10  19 -23 -14
 12  14  -4  -2
 -8  -7  -5  -7
-13  24  -4   2
  5  -4  -1  13
  6  -4  -9 -10
-13 -21 -11   4
 24  15 -10  20
-17 -13 -21  21
 24  -6 -17  22
 12  24  -8  21
-23 -20  -8 -24
 20  21  16  17
 -4  -7   1   7
 -3  -8   4  24
 20  -6   7  10
 17  17 -18 -12
  0  24  -8 -23
 22  12  -1  21
 -5  13 -15  16
-16 -13 -12  23
 -6  -4   3  24
-14   4 -21  -8
-18  -6  20  10
 -6   0  21 -20
  2  -2 -23  15
 19 -16   9   5
-10   9 -24  21
 13  -2  22 -11
-14  13 -16  -2
-11   1 -18   3
 11  14   9 -19
 18 -13  10  -2
 21   6   9 -15
 22 -18   5  17
-12   7  15 -13
 -5  -7 -14 -21
 22   2  -4   5
-22 -10   1 -24
 14   3 -17   7
  1  -2 -11  10
 -5   1  -5 -11
 -4  -9   6 -14
  4   4 -20   6
-18 -22 -14   5
 -9  24  22 -11
 -4  22 -13   6
-19  23  22 -10
 -5 -22 -10  -6
-14 -15  -7   9
 22 -15  21 -12
 22 -22  22  -3
  0  -2  -2 -11
 17  14  23  17
  8  -1 -16   9
-24  10   7  14
 13   6  -9  23
  9  -7   9  22
-19   4  18  17
-21   1   9 -21
 18  10   1   9
 -2   7 -21  -9
 24  19 -13 -23
 11 -12 -14  13
  0 -14 -19 -11
  5 -13 -17  10
  0   8  -6   3
 19 -16   4 -14
 -2  -4 -24  19
 14 -17 -19  12
-12 -15 -23 -14
-17 -20  10 -15
  8  21  13  12
 -6 -12  14 -12
  7 -24  -6  11
-23 -10  13   8
-14  16   7 -24
 -1 -10  22  -3
 -5 -20  24  12
 20 -13  19  -2
-10 -18   2 -21
 18 -12   4 -14
-20  10  24 -17
 -8  -6  -6  21
  3 -16   3 -11
 19  -2   9  11
  5   9  20  17
  6   8   3  16
 24 -18   4 -18
 22  22  16  12
 -7 -18 -21 -21
-21  23  -4  10
  9  -1  16   4
 -9  12  -8 -18
  0  24   6 -13
  5   8  21   0
  5   8  16 -21
 14 -13   1 -12
  4  -1   8 -11
 22  16 -16 -23
 -5 -17   2   1
 12   8 -20   4
  8 -11   1   5
-15  21  17 -18
 -2   9  17  22
 23  13 -21 -13
 15 -15 -21  -1
 -5   4   3 -17
  5  21  -2  21
-20  13 -19  11
 14  -5   4   9
  0 -18   4   0
 -5 -23 -12   7
 -1  -3 -24   3
  8   6 -11 -23
  0  -7   5  23
  4  -8  -2 -17
 -1 -20  -2  21
 10  -7  16 -20
-22  18   9  -3
 14 -15  22  -8
 20   4  -6  19
  7  18   2 -13
  1 -20 -19   3
-15  12   8 -12
 18  12  17   7
-21  -8   7  -2
  5   9  22  13
-13  23   6  20
 21   7  -7   3
 20  10   9  20
 10  -7   6  -2
-12  17 -21   6
-12  21  14   3
-24  17  -3  21
 17 -23   3  -8
-10   2 -22  -7
-13   2  -2  20
 11   7  -9  -6
-13   3 -23 -18
-12 -22 -14 -13
  4  -5 -16 -24
 16  21  21   2
-20   0  -2  -9
-11 -16  21  -2
 21 -17   5  24
 16 -18   1 -16
  3  19  -7   9
 13 -14  13   6
-19 -13   6  -9
 -3  13   3  10
 -3  -1 -17   4
-13  21   4  -7
-19  13  -8   7
-19  24  -8  -4
-14   5  -3   0
  6 -10  -5   4
 22  -3  23 -21
 11  16  17  15
  6  21  21  -8
 21   6 -21  -6
 -5 -24   8  21
-17   1  -2 -11
  2 -16  14  23
 -6  14  -4  11
 -2   4  19 -18
 19  -4  -9  23
-10 -23   6 -12
-10  10 -20  -7
-11 -20 -21  17
-10 -19  11 -24
-16  -5  20  17
-21  -9  -5  14
 14 -19   9  -6
-19  -9  10  -3
-11 -17 -24 -19
 -6   9  22   6
-18  17 -14  17
  0  -9   1  -8
-10 -19   9   7
-11  16  10 -12
 -8  22 -24  15
 17  -5 -13   0
-12  18   5  -1
  0   7  18   3
-24   7  22 -19
  1  -1   9 -22
-22   6   8  -9
 14 -19   5  22
 23 -24 -17   7
 18 -18  -3  12
-22  -3  -7 -13
 14  16  16  -7
 -4   2   7  21
-22  20   2   1
-12  -1   6  -6
 24  23  16  11
-10  19   8   8
 21 -13   0  22
-23 -22  17  22
 12 -18  -6 -24
  3  14  -9  17
-24   4  -6   6
 -4 -23  13 -24
 22  11  24 -19
-17  13 -19  14
 19  19 -23 -15
 -7  -1 -22   6
 -5  -1   1   8
 -9  16 -16  -2
 14  -6  22 -18
 19  11 -11  -3
-24  -8  -4  -4
 -2  18 -14 -19
-23   4  -9  13
-16  -5  -8   1
  4   6 -19   7
 -9 -20 -24  23
  8  13  22  13
-17  15  -5  -7
-13   0 -15   4
-19  18   1  21
 -1   8  -5 -10
-23 -16  11   3
 15 -19   4 -14
  6  -9  -3  -9
-23 -19  18   5
 -6 -21  19 -10
-15 -11 -13 -17
 -1  14 -15   8
  3   7  18  19
  4 -18 -12  17
  7  21 -12   4
 -2   7   7  24
-15  -8  24 -21
 15  10   0   2
 -2   6   7  18
-15   8 -11   7
-21  18 -23  14
 17  24 -15   2
-23  -8 -24   4
-10 -10 -15  14
  6 -11  14  14
-22 -11  -3  24
  2  23   1 -24
  9   5 -14  -1
 -6 -24  20 -16
 18  -8  14  -1
-21  13 -13  -3
 -4 -13 -22  16
-10 -24 -24  -7
  6  16 -16  23
  0  17  -2   6
 -1  -3 -24 -10
 16  22 -11  16
  1 -10 -19  13
 21  16  -3   5
 20  -5  17   6
 18 -22  -7 -12
  3 -19  -8  -6
 -9  14 -16 -20
-24   5   7   6
-21   0 -14   4
 23 -22   1  10
-13  12 -14  13
 -2   0   5  23
 10  11  17 -14
-10 -20   3 -14
 -9 -11 -15   6
 10  11  10  -4
 16  13 -20  -3
 15  21  -8 -21
 24  19  -6 -22
 -6  11  12   3
  6 -11 -21 -10
  9  21 -11   0
  4  10  -2  -4
 15  11  23   0
 -3   8  -1   9
 20 -11  -3 -21
 20  14   9   9
  1 -11  14  17
  9  16  -1  15
 18   1  16 -14
 23 -17  18 -22
 -7  -3  -3   2
  1  16   7  -6
-21 -18 -24 -16