 -5 -19 -22  11
 -1  -6  -3  18
-10 -13  21  -3
 21 -12  14  20
-11 -24  12 -16
 19   2  18  19
 18 -21   2 -16
 15   8   4  -5
  1  17   0 -12
 17  13  18  -8
-16 -11 -14   5
  8  -9 -12  16
 16 -20 -24   4
-23  -7  -6  18
 -9  11 -16 -16
-17 -23 -12 -12
 10  18 -24   2
-20  24 -10  -7
 -9  22 -11  19
  2 -20 -20  -1
 14   9  22   6
 -5  -7  -4   9
 20   1   1 -15
 18  16   2   2
  7   2  22 -22
 13  23   4 -17
-18   8  22 -20
 19 -23 -19  10
 -7  22  -2   1
  0 -15 -18 -17
 18   1   9  11
-10  18   4  14
 19  17  23 -22
 19 -12 -24  17
 22   0 -18 -18
-10  11   3   0
 13  -6  21  11
  2  13  23  10
 21  23   2   1
  4 -21   3 -12
  5 -22   3  -5
 20 -24   7 -17
-11  -2 -20  23
-12 -12  17 -21
  2  14  -6 -17
 -8  -7  17  23
  4  15  -5   4
  0   7   1 -10
 -3 -23   5 -24
-10  10  22   4
 24 -10  11  23
 21  -9  -5  -3
 12   1  17 -19
-23 -10   1  23
 15 -21  -2 -17
 20  -8   5  24
 22 -18 -22   1
 -6 -10   7  -6
-14 -16  13  15
 21 -24 -16   3
 -9 -17  13   3
 23   2 -16  23
  3  10   7   1
 -9 -21  18 -12
 -3 -16  22 -23
 21  11  -5 -22
 13 -14  19  23
 -5  18  -9   5
 -2  10  -1 -17
-12  23 -20   6
  5  -8  -8 -17
-13 -18 -18 -16
  8  12  22  -9
-22 -14   0  21
-11 -12 -17 -18
-18  -9  -1  19
 19 -15  -1  -6
  3  15 -17   2
 -9  18 -17  15
  8   4   1 -18
 16  -3   7  14
 12  -3   5 -18
 -1 -12 -16 -22
  2  17   4  16
  3 -17   0   3
  5   0  11   3
 10  20  -5   7
  7   9   1 -19
  9 -12  -6   9
-18 -15  -8 -12
-16 -16   7   7
 13 -14  -7 -24
 -5   3   5  -5
  3 -19  -2 -11
  5 -24  -5   2
 21  21 -15  21
 -2  12  -1  -5
 17  18   2  22
 -8   7 -10  17
 19  23   0   4
 24  10 -18  22
 23   1 -22 -20
 11 -20  -4  12
-13   9   6   4
-24   9  19  18
-10 -11  -5 -15
-19 -23 -15   8
-18  -2  -1 -22
-10   8  17 -22
  6  11   0  -7
 10   2  21  10
 -2  13  -1 -18
 12   4  19   6
  6  17 -11  14
 -3 -16  23 -13
 -6   4  -2   8
-16  -3  -4 -11
 21 -20 -13 -21
 18  21  21   0
  2 -17  -4  -4
 21  -6  -7  -2
 19  -3  -4  21
 -1  18 -11   8
 -9  22   0  21
  4  20  -2  23
-19  -9  17  17
 13  -1  17 -13
-10   7   2 -13
 22  -4  -9 -17
 -1  -9  10  -4
 -5 -18  14 -23
 -6   7 -17 -10
  2  14   9   6
 11  15  -6   6
 -2 -12  18 -20
 15   7 -16  -6
 11 -17 -12  15
-10  16  10  -7
 -9  -6  15   9
 19  -1  -5   4
-18  12  20  13
 19  21  -3 -21
-12  18   9  24
 -8  12 -11  16
 -5   2 -17   4
-16  -5 -10   5
 17  -1 -15  -5
 -7  19 -13  16
 -8   0  22 -15
 -5 -20  -4  21
-20  10   1 -15
  4   5   9   3
-17  19  21  15
-10 -12 -24  -3
  3 -11   2 -20
 -7   7  13  -2
 15   4  23  -4
-12 -24  24 -23
-12  -7 -12  -9
  3  15 -15  22
-14  19 -11 -11
-24  -9   1 -12
 -7  17   5   7
-10   1  13  11
 21  16  11  15
 -8  17 -19  16
  9   5  10   7
-18  13 -11   0
-13 -14 -15  19
 19 -12  18 -13
 -4 -21  20 -19
 14  16  -4   4
-21  11   2 -16
 -1 -18  13  -8
 -8   3  -4   8
 -5  23  10 -21
  7   2  18  11
  0  23  11  -2
 -9  24 -13  -1
-20  15 -19  22
 -5 -23  -2  21
 -8  -4 -12  21
-15 -10  12  -5
 -4 -16   6  23
 -3  -5 -23  13
  0  -8  -2  -8
 -9 -10  -8  20
  8 -20   8 -19
  7  -3  22  18
 -5 -15   7 -23
 23   5 -23   5
  3  -5 -24   9
  2   1  23  19
  5   5 -22  14
  3 -16  20  -7
 21  21 -18  18
 17  20 -14   0
 14 -16   9 -12
 -9 -14   6   8
  6  22  23 -18
-23  24   4  24
 -9   6  22   8
-20  15   9 -17
-13  -1 -14 -14
-17   6  15  -5
-21 -17  17  18
-21   4 -10  -3
 19  -6 -19   6
 11 -13 -13  15
 -7  18 -10   8
-18   2 -21 -23
 16 -10   2  14
 11  16 -19  16
  4   9 -15 -15
-20   8  20  21
-13 -24  15  -1
 10 -10   1  -1
-22  -4 -21  12
 11  17  20   2
 -2  -6  22  18
-19   3 -15 -18
 18  18 -14  18
 -3   4  21   1
-15 -24   2  22
 21  23 -17 -18
 13  24   1 -23
  7 -23   2 -10
 17 -23  24  13
 15 -12 -13 -19
 24 -11  -3  20
 -1 -10  23 -20
  4 -11   3  18
 10   3  14 -24
 10 -20 -17 -12
 11   5 -19   1
  5 -11 -17  12
-21   8 -11 -13
-18  13  -9   4
-13  -8 -18   7
-11 -18  10   4
  3  -5  18 -22
 12  24  22  -3
 20 -21   7  -9
 20   1 -14   2
 17 -19 -20 -11
  2  21   7 -18
-16  12 -20 -15
 22  12 -23  13
-17  -8   1  -3
 17 -17 -15 -16
 16 -23  23  21
 24  16   0 -23
-12 -16  15  -2
-20 -21 -14   7
 11   0  -9  23
 13  -3   1  17
 -1  -3  15 -16
 22  16 -21   0
 -1   4   3   3
  5  -2  11 -10
 -2  23 -14   2
 22  11  -3   3
 20   6  15 -24
 -3 -21  -6  -2
-10   8   4   6
 16 -24   8  -7
 21 -10 -15  17
-17   9  -5  12
  0  17  20   3
 10   1  19   7
 -2 -20 -11  22
-14   7  -6 -18
 11 -17 -22  19
-22  -5  13   6
-11   0  22 -15
 18  -3  -7  21
  7  13   0  10
-15  11  11   6
-21  -2   4  14
 -2  -7 -24  -7
 -2  13 -15   5
-11  -2   0  19
-17 -14  -7 -21
  6   1 -23  15
  2  -7  19  15
-12  10  -5  11
  6  17  -3   8
 -4  23 -11  -8
 -3   7  23   4
  5   0  12  -7
 14  19 -14   4
 -3 -10 -13 -17
 14   9 -18  22
-11  -7 -14  11
 23 -15  10   8
 -2 -11  16 -11
 18  23   9  24
-19   3   8  14
-13   9  15  -3
-21   3  13  -5
 14  -5 -23  14
 -1  -5   1 -13
 -1  -1  -3 -18
  8   6 -11   3
 19 -10   3 -18
 -7   0 -22 -12
 -1 -10  23   2
 -3 -17  -8  14
 -3  13  23  10
  4  -4   6 -22
 24  23  14  -6
 -3  14 -15   5
 -4  15 -12 -11
 -4   1 -21  -4
-18   7 -17 -19
 23  15  10  24
  6 -16   7 -23
-22   3 -10   9
-22  18  18 -18
-20 -24  -4   3
 23 -15 -11  18
 21 -12  23 -13
  3   5  15 -15
 -8 -23  11  -5
  3 -18   9 -24
  4  -9  -1  -9
 24   0  12 -12
  9 -15 -22   0
-22  20  20 -24
  4   8 -14 -16
  2   0  -9  17
 -5   2 -10  -1
  6 -24 -19  17
-12 -15 -10  -6
 19 -15 -24 -13
 24  16  12  23
-24  20   4  -3
-10 -19 -20  10
 15 -22 -15  10
-12  13  18 -23
 -4  22   7  -6
  9  22   0  24
  1 -17   6  -9
-10  19 -13  14
  1  -9  -9 -17
 16  13  -5 -17
 11  11 -19 -24
  2 -22 -20 -19
 19 -20  12  19
 15 -21 -13  13
  1  13  -2   3
-10  -9   3  20
 10  13 -22  -5
-14  10 -13 -10
-17  23  10   0
 20  12 -21   6
 16 -13   3  -3
-16  12  14 -15
-23  10  18  -2
  2 -19  14   6
 11   2   2  16
-18  24 -12   4
-18 -21  10 -18
-20   8 -20   8
 -2  22  23  22
 -6  18  13   9
-15  -2  -9 -16
 -9  -1  13   7
 14   1  15  -5
 23   7 -20 -22
  4  12  14  13
  6 -20 -22   2
 -5 -11  -6  -6
 -7 -17 -21 -22
 20  23 -17  19
 11 -16  18 -14
 12  23 -15  15
  0  20  -6   0
-21  -5   0 -13
 -7 -19  12  17
 17  19   5   6
 18   6   5  -2
-15  20   1 -22
 -8 -12   3  15
 13  -2   6  -6
  8  22 -20  -4
-23  -4  -4   7
 -7   1 -13  -7
 -8  20  19  20
-16  -8  -5 -11
 -3  16 -20   2
 20  17  16  10
 21  11 -21  12
 -6 -13  20   3
  1   0 -14 -12
 -2  20  12 -14
-13  -6  -2 -13
 19 -13  -9 -12
-16 -21  -4 -15
  4 -15  -2  19
-20  14  22  13
-22   1 -10  -8
 21  23  16  -7
-13   9 -16 -24
-24  -1   2  17
 13 -16  13  -6
-20  -5  -8 -20
 13  22  23  18
 23  -7 -12  10
-20 -23 -17  -8
 11  -7  -6 -14
 10 -18  -4  12
 -2 -22  -7  24
-21  10  10  10
 17  -9 -24  -2
 -6  15   8  -3
 15  -2  10 -10
 19  22  -2  20
 24  -5  10 -14
 -7  23   4  13
 -3  21 -20   1
 15   9   2   8
-19   6   5  -2
  6  24 -16  16
-16 -19 -20  22
  3  21   7  24
 24 -14 -18  23
-10   6 -13 -24
  2  -4   7  17
 10  -4 -10   2
 -1   0   9 -12
 22  17  -1 -17
 12   4 -17  21
-13  -2  16  10
-17 -10 -14 -11
 12  14  -6  24
 -5  -7 -17  16
  2 -11  23   5
  7 -13 -13  -2
-24 -16 -21  11
-11   9  20  18
 23  -4   8   9
  3   3   2   7
 -7   9 -20  -5
 -7   8 -16   6
 10  16 -24  13
  1  -7  19 -17
-13   9  -5  15
  2   4  -1  21
  2 -13   6   1
 -6   2   1  -2
 -5  13  17 -12
 24  23   2 -24
-21  -9  23   4
 23  19  -9  13
 16  -5  15 -18
  8  11   5  15
 15 -21   0  -3
-12   1  -7 -17
 -6  -4 -22  -4
  8   3  20  20
 11 -16  16  -5
-13 -11  20 -15
 -5 -21 -11  20
  8 -15 -16  24
-10  23 -10   5
 22 -11 -18  14
 13   3   4 -14
-15   1 -22 -11
 16 -13  19 -13
 13  18  -3 -18
 -5  17 -14  -8
 12  21  19  -6
-15  -2  15  -5
  7 -24 -14  19
 13 -24  -5   8
-14   7  14   0
-18  14  -7 -24
  0  -8  -6  -3
  2  22   8  23
-22  -7 -15 -17
  3  11 -11  16
-18   4  10  14
 20  17  20   2
 -8   1 -13   8
 22 -14   7 -23
-12  10 -12  24
 19  11  21  -7
 21 -17 -24 -14
 -3   2 -15   6
  1   7 -12   2
 10 -13  15 -22
 11  -9 -10   6
-12 -17   9   5
 -6 -17  13 -18
-12   3  -6  -3
-15  -2  24   7
-14  21  17  -1
-18  24   3 -17
-10   5   1   2
  4  17  -2 -12
-11  13   6 -23
 19  15   2 -17
 -5  22 -12   6
-19  11  -4  -1
  5 -16  -4  -8
-24  13  23 -17
 23 -18 -18  11
 -6 -19 -21   5
 15 -21   9 -11
  6 -13 -11 -12
-23 -13  18  20