 18   3   7  -9
 11   0 -21   7
-24 -23  24 -14
 15  24  16 -12
 -5   5  10  -5
-18  17 -15 -15
 17   9  -9 -18
 16  -8  23   9
 -5   9  22  -5
 18  13 -12 -12
 18 -16   8  -3
 10  -8   7  -4
 24 -19  23   4
-15 -17  -9   2
  4 -18 -13  20
-22 -21 -21  23
 13   9  24 -17
-21 -15 -20   4
-17 -20  -3 -16
-12   9 -10 -14
  9   1  11  14
  6   7 -21   5
 21 -18  11 -19
 21  24 -11  16
 -4  -6   5  -1
  8   9 -11  -8
  0  11  13  18
 10  19 -19 -19
  1  17  15  -8
 -6  -6  -7   9
-22 -21  -4   9
 -6  -3 -10   3
 22  -5  18  23
-22 -20  11  -9
-16  24  -2 -24
 23 -11  22   9
 14 -21  21 -16
  8 -20  17 -21
-24 -21 -18 -18
 20   9  15  21
 20   3   9   4
-20  16  -9   5
  3  12  10   4
 23  -7 -22 -10
 21   8  -7 -15
 16  24   0  24
 23  22   7  24
 12 -13  18  -3
-15   8  -9 -19
 12 -17  23 -17
 17 -15  16  -6
  2   6  19  -1
 21  18   8  21
 -6   6  10 -18
 16 -12  23   0
 -4   2  24  -2
-19  24 -16  21
-12   5 -12 -14
  2 -12 -18 -16
  0   8  10   3
 12  -6  -1  17
-12   7 -12  11
-16   4   7   7
-18 -18   3   4
 21  -4   2  -8
 -6  14   2 -18
 10  21  -3 -14
-20 -11  -2  -8
 -5  -3 -13 -22
-20 -22 -16  -9
-20  24 -23  10
 -5 -14   4  22
  8   5   4 -12
  8 -13  22 -20
-13  10 -22 -22
 -6  23  24   9
-24   7   8  -6
 23 -18  23 -13
-23   2 -21  16
 20 -14 -24 -17
-24 -22  -9  15
-12 -24  -9  -2
 -1  12 -14  -9
 -5  -6  18  11
 -1  16  15 -11
  5  -2  12 -15
-19  23 -17 -20
 -7  -2 -21  20
 22   1   0  -1
 -1  18   5 -15
-22  -5   0 -17
 16  24   8  -9
  4 -16  -3  -1
 -2  -3  -3 -19
 -2  -9   9 -22
  6  24  11  -1
  3 -18  21  -2
 -2 -21  -8  20
 -3  19  24 -21
 11  17  16  12
-11  24  -4 -11
-19   3 -21  20
 21 -22  -2  23
  7  18  -5  19
 -6 -24 -11  -2
 24   4 -24   2
 17  18  20 -16
 18   5  10  17
 -1  22 -12 -10
 -5  -9  12  20
 13   8   6   0
 10  13   2 -11
 -6 -23   3   6
-17  19 -22  10
-19 -12 -23  -3
 -3  11  -9   8
-16  -7  22  -5
-11  -1  11  14
 -5 -21 -18  -3
 -1 -15   3  16
-22  17 -11  -5
 18  11   0  23
  0  15   9   6
 -5  12  -4 -19
 19  10   7   3
 -5  17  21 -21
-13 -16  22  12
  1 -21 -18  -2
  4  22  17  17
 -9  21  -3 -14
-17 -13  -5   2
 18  21   4  17
-11  -4  17  -6
 13  -8  21  24
 13  12 -10  -5
  3 -18  20  -2
 20  17 -13   5
 -9   3   3  -7
 -9  -2 -18   3
  8 -22  11 -10
 -4  10 -18   5
  0 -23 -22   5
-17   1  23   9
 -5  -2  -5 -11
 10 -12  -2  -7
-16  22   5 -13
 17   3  -3 -24
-23   0   3 -14
 22  -7   0  20
  6  -8   4 -20
 20  15  18  17
-14 -21  -3  10
  6  24  -7 -11
 -1   6  20  10
-20  14 -23  16
-22 -10   3 -10
-20 -11 -14 -13
  4   3  14 -21
 -4   7 -18  -3
  3 -11   2  10
  7  -3  23 -21
-10   6  11 -10
-19  -6  -6 -24
 -9  -3 -13 -10
 17 -19 -24  18
 11  16  17   4
-19 -22  -2  18
 17  -7 -24  13
  0  21  19   7
-18  19   3 -17
 -6  23 -15   4
 -5  14  -5   5
-15  10 -17  17
 15   9  17  23
 -2  23  18   8
 22  16  -1  18
 -8  -3   4 -24
  1   8   7  10
-12   8  -3   4
-12   6   7   6
-10 -15   2  -4
 -2   3   2  -4
 -7 -15 -19  -5
 17   5 -15 -17
  1 -24  13   5
 18 -17  -9  10
  7  23  10   9
  3 -10   9  11
-23 -17   3  12
 17 -18 -11 -16
 -6  -3 -10  -6
 13  -4   8  23
 -8  18  22 -23
 -9  -6 -10  24
-22   7  16  22
 -4 -22   2  19
 21 -20  -1   3
  6  -2 -21 -16
 -9  15   2 -22
-24 -19  -2  24
  6 -19   2 -11
 12  11  11 -18
 21 -11 -14   9
  8 -10  -1  -7
 21   8 -11  22
 19  24   4 -13
 -7   7   0  -4
 23   4  -5  -8
-22  -9   3  -7
-14  -8 -16   6
  8  10 -10 -12
-17  -3   7   6
 18 -10 -24 -11
 18  13  22   9
-15  22 -17  19
  3  11 -14  -5
-17  14  -5  -2
 -9  11 -12   5
 -1  14  22  16
 -4 -23  -2  15
 14  -7   1 -14
-23  23  13   6
  4  19  12  -1
  2 -13 -15  -5
 14   1  10 -23
 15  -4 -19  11
 17  -4 -13  -1
 18  11   2 -21
-11   7  17  -2
 23 -15  -9  12
 11   8  -8  -3
 -8  13 -16   7
 19 -16  -2  11
 10  15 -18  13
 23  14 -20 -19
-19 -22  -7   6
 -1  -6  17 -19
  4  12  12 -21
-18  -2  -8 -19
 -6 -10 -21 -16
 -9  13   4  -8
 11 -15 -13  11
-15  10 -11 -21
-16  13 -21  -2
 -1 -16 -21 -11
  7 -11  -2  20
 10   0  17  16
-12  12 -13  -9
-11   4   1 -21
  8  21  24   3
-17  13   4 -22
  3  -4   1   9
  7   9  13 -17
 17  -3  -7  21
 12  -3 -23  18
  3 -13  -8  -2
-24  12   6   6
 10  -7  -7 -11
-18   3  16   2
  7  23 -11  12
 -1  22 -13 -16
-17 -10 -21  23
 24   7  10  16
 10  15  16  20
 15  22  -3   5
 -4 -15   1  10
-24   3 -12 -15
  9  15  -7  14
 -1  -3  20 -21
 18   0   7   7
 -6  -3   1   1
  6   3 -12   5
 15 -23   3  18
 -4   5  11  -7
  3 -21   7   8
 18   3   2  17
-20 -13  21 -24
  9 -23  -8  19
 22  19 -15  -1
-21  -3  23  -2
 11  10  13  21
 -3   6   6   0
 20  15 -15 -19
 13   8  -8  14
 -9  11  19 -20
 -7   7 -12  -9
 11  10  19  21
  7  13  10  -6
 23  13   4  14
-13 -23 -18   2
  5  18 -16 -10
 -8  20  -4 -16
  0 -21 -14   4
-19 -13  11 -16
  8   1  21  23
 -8  18  -4 -20
-17  15   6   3
-19  22 -24  -9
 12  19   0  22
 -3  -8   0 -11
-18  22  22  -2
  8   5  -4   1
-19   5 -22  22
-24  22  24  13
-12 -12  18  18
-11  17   3  19
 17   4   5 -22
  6 -18   2 -16
 -6 -19   9 -21
-10 -12  22  -5
 21  -1  19  21
-15  12 -14   8
 -6  -1   6 -13
-12  14 -13 -14
 16  10   5  -6
-14  16   2  10
  4   1  18  11
-11   8  24  24
-13  -8   9   3
-11  -9   3 -14
 21  14   8   4
 20 -15 -15  -6
 22 -17  13 -10
-19  19  21  -5
-14  -5   6  20
  3 -14 -19   1
-24  16 -15  23
  4  -8   3   8
  6   8  15 -20
 18  23  17  15
-23  -2 -13 -14
  0 -13  18 -18
  3 -20   9   4
-23  10  -4  -6
 -7   4 -19   6
-16 -21   6  17
 19   8   5 -17
  2  20   2 -17
-18   6  -5  -5
 -2  -5 -16 -14
  2  11  20   7
-15  14   2 -20
 -9  10 -22   3
  9 -21   6  -7
 -7  -3   9   9
  3   5  -5  11
 17   5 -21  -4
  4  18 -17  10
  0   7 -21   9
 -7 -11   8  20
  3   7  16  -1
 22 -18  11  16
  0   1  18  24
 23 -15 -21  16
 13   2  21 -16
-24  -6 -11 -17
 -3   0 -11 -19
-13  -7 -10  18
  8   5   7  16
 22   7  -7   6
 11   8   6 -23
-24  -6   1  -8
  0  -1  -5  10
 19  10 -11  15
-11  14  22  13
-23  19  23  -4
-15  19   3  17
  9   5   9   3
-22 -24 -21 -10
-15   5  20  21
-11 -17 -19  -6
 20 -20  -5 -15
-10  24 -13 -14
 21 -18  -4   2
  9  21  15 -10
 22  15  -8 -10
-12   4 -22   3
-13   8  17   2
 17  -7  17  -9
 -5  18  -4  21
 -5 -21   0  18
 -3   0  20   6
 23 -24   8 -20
 22 -17   6  15
 -3  -9  18 -10
 -1 -23  19 -12
 12   2  14 -15
-22   6 -20  -3
 24   6  -1  13
 16 -19   4  13
 13 -10  18  16
 -7  19 -17   7
 -3   7  17  -9
 -4   8   3  18
 18  17  16   3
 -9  -9  12  24
-21  23 -17 -17
 21  16 -24 -16
-15 -18  -9 -16
-19  18 -18  18
 -6  20   8  -6
  5  20   6 -13
-12 -18  -8  15
 -2  14  16  -4
 13  17  10  -4
 22  -9   3  22
 21   4  -1 -22
  7  12  -5 -10
 -5  -3  10  -4
 22  15   9  24
 -3 -13   1  11
 18   0 -15  23
 -1  23   7  14
-20  22 -13  15
 -7   0  19  -5
-22  -8 -24 -17
 22 -24 -14 -15
  6 -14  -4 -22
  2  23  19 -17
  8 -14 -16   7
  0  19  13 -17
 -5  -9  24  21
 24   6  17  11
 24 -17   6  14
  1   2 -13 -10
 24  17  -4 -11
 -8  16   3  -5
-11 -10 -22  -8
-24  -1 -19 -12
 15   8  11   9
-12 -18 -20  -3
  0  23  10   4
 -4 -22  -8   6
 10  24   3  18
-11 -20 -10 -13
 19  -9  16  10
-14   8   7  -3
-12 -24 -11   0
-14 -22   6  16
  4  13 -24  21
 21  15 -23   7
 15  15  24  -1
-22  23  12   4
 24  19 -23  18
-16  16 -18  20
 17  22  22 -17
  4 -16  16   0
-21  -1 -19   5
  3   9  -1  12
-21  21  24 -20
-24 -11  17  -3
 12 -11 -17 -18
 -4  -2 -20  17
 -2 -17  20   2
 -6  -3 -13   5
  0  -4  -9 -17
-20  23  14  -9
-16 -15  -6 -13
  9   6  18  12
 16   8   4   3
-17   8   4 -15
  9   0  18  -9
-24  10  -7  20
 22 -18  18  11
 20 -15   9  22
-21  20  20 -19
 -5 -24 -18 -16
-22  12   0  -5
  2   6 -24 -15
 24 -24   3  17
 -5  -3   2 -24
  8   0  -4  -1
 13   6  -8  -6
-14  -1  -8 -15
 10  13  20   8
 12  -7  -9   4
  2   6  16 -18
-17  19   5  18
  3 -14  -6 -24
 15  14  22  17
 11  -4  -4  -3
  1   2   3 -15
  9   6  19   8
 24 -23  20  15
-10  14  18   4
 13 -11 -17  -5
 -6 -23  23   0
  2 -15  18  20
 16  -4   7   4
-19   6 -10  23
 -7   6   3  -2
-17   9   6 -19
  3 -11 -13  11
-16  21 -24 -21
 -6 -20  -5  11
 12 -15  -8 -23
 -9 -17 -24  23
-10   2   7  -8
  3   7 -10 -23
 12 -11 -23   8
-12 -18   2  -7
 -8  16  19 -11
 24 -18 -13  -5
 12  11  14  20
 14   3 -21 -22
-17  -9   3 -20
 -7  17  18  -1
 19   1   7 -14
-20 -18   8   5
  6   9  -3   3
  1   3  -9  -3
  1 -10 -10  -4