 12 -19  22   0
  2  11  21 -24
  7  -4  16 -17
 -7  15 -16  15
 20 -20  13 -11
-24  -5  -3 -13
  7  18  23   0
 15  14  -6 -14
-21 -21 -22   9
-11  24  24  -3
-24   8  10  -7
 23  -2 -15 -14
 -3   3 -23   2
  4  13  -9   4
 -9   5   5   3
-23  11  18   1
 23  22  24   4
 10  15   7 -15
-14   4   7  -8
 15  20  -1   6
-17  -9   1 -23
 17  21 -17  23
  7   6  -4 -19
  7   7  -3  16
-20  -7  -9  -2
 19  -3 -13   1
 -9   4 -20 -17
-20   0 -14  11
 15  24 -17   9
 -4  -6  -2   9
 -8 -20 -11  18
  8   3  21   6
 -2 -16  -9  -9
-17  17  -9 -17
-16  11  20  10
 -2 -24  -1 -12
 15   1  19  24
  2 -18  -5   5
  7  -5  14 -21
 -6  19  15  -7
 14  11  17  -7
-17   9  16   8
-24   2 -16 -24
  6   5  18 -18
  3   7  17 -11
 -6  -1  -8  15
  6  10  -9 -15
  6   3  12 -20
  6  -5  13  -7
-15   3   2  -7
-18  10  18  23
  5  21  21 -13
-15  -7   7  14
 -8 -22   0 -21
-21  13  10  13
 -3   5  -4 -13
  2  11 -14 -24
-18  24   0 -24
 -2  16  15 -23
-10  -2   3  -9
  6  23   2 -24
  4  19  16 -18
-18 -21  -4  -6
 -7   1  -4 -22
 -4 -16  -2  14
 -8   1 -17 -13
 -3 -24  -4  18
  8  18 -15 -14
-14  -2  24  -5
  4  14  13  -5
 14  -2  -6   0
  2 -21  15   4
  5  -2   1  -4
 20   1 -11  20
 -7 -12   8   4
 11 -12  12   6
-24   2  14   7
 17 -23  16  -9
  6 -11  -2 -18
 -6  15 -13  -8
-22   8  -2 -12
  3 -10 -21   2
-17  21   6   0
 10   4  20  -6
 -9   3   9   7
-13  14  17  -6
-15   9 -20  23
 -2  -2  -7   3
-10  13 -18  21
 18  -6  -4 -20
-24   7   9 -24
  0  11 -21   7
 22   2 -20   9
 18 -23 -18  23
 17  16  -1  -7
 -4   0 -17  14
 13 -12   1 -11
  1  14   3   1
 -8   1 -15  15
-10  -3 -16  14
 -5  10 -22 -10
 11  19  10   7
 12  -5  11  10
 14   7 -12  -6
  8   7  10 -13
 12  19 -18  12
 -3 -11 -13 -12
-13 -21  -2  23
 -4 -20   2  20
  7   6  16  21
  0   6  22   8
 -7 -12 -21  16
  3  13   0   4
 14  13  20 -12
 19 -11  18  -7
-19  24   5  20
-11  18   4  15
-16  -6 -19   8
 10   9  17 -10
 20 -21 -11 -17
 -3  13  14  11
-20   2 -17 -24
 23 -16  -7  -3
-16  -2  24   8
 23 -18 -11 -24
-21  -9 -15 -23
 -9  -1 -12 -12
 -8   3  -3 -14
-19  19  12 -13
-15 -12  -5 -14
 -9 -12  16  24
  1  14 -21 -21
 16 -10  15 -24
-11  -6 -16  -4
 23  22   9  -8
-17  -4  -1   6
  3  24  -6 -10
 -2   9 -22  -5
 22  -5 -20 -10
 18   1  -5  22
 19   5 -10   4
 15 -10  -4   8
  4  18  23  -4
 24   4 -23   1
 -6  -9  -3  17
-11  -1 -10  15
 -1  14   2 -24
-23   5 -14   8
 13   5   3  -3
-11   3  21 -14
 20 -24  20  -5
  1   8   1 -12
 12 -11 -13  12
  4  -4  -6  -1
-12   2  16 -17
 -2  12 -22  16
 -4  -7  21   5
 -2 -22 -14 -23
 -2 -22  23  17
  6   7 -12   1
  7  -5  10  14
-11  16  11 -21
 -1  -1  -1 -23
  0  -2 -23  -8
  1  23   3 -19
-18   6 -15  19
 -9  23 -10 -11
  5   5  22   7
 17 -20  -1 -18
 -9   5 -10 -23
  2  -3   0  23
 14  10  10 -20
  9  19   5   1
 -8  24  19  13
 17 -15 -17  -2
-23   4   6 -13
 18   0  -9  -8
  2  19   1 -11
 -8  16 -23  24
  6   4  12   7
 12 -10  18  19
-15 -16  -6   0
-17 -12  10   4
  8 -12   3  18
 -8 -23 -20  -9
-24 -18 -23   4
 -6  16 -17   1
-10 -17   0 -20
-18  18  -6  24
 16  23   5  22
  5  18  -6   2
-19  -1  -9 -24
-24  13 -18  -4
 23 -20 -19  13
 -5  -8 -17  -1
 10 -17  23  24
 -6  -3 -21 -17
-10  20   6   2
 24 -12  23  -7
 -1 -17 -14 -16
  0  22  -3  14
-16   8 -16  24
 20 -20  -7 -16
-12   6 -21  -6
  4  18  -3  19
  1  22 -18  18
 13 -24  10   4
 -8  17 -17 -24
 -9 -14   5 -21
 14   8  11  12
-21 -14   1   5
-16  -8  19  22
-22  15  -7  10
 11 -22  -5 -14
-17   6 -16  19
-10 -22   8   6
 -1   7 -18   5
 13  16  22   0
-24   1  -5 -13
-21   2  21   4
  6 -11   5  17
-17  -9  -4  -3
 -1  17  -7  -4
-19 -14   3  -9
-20 -21  -2  16
  5  20  17 -13
 23   9   7 -12
 12 -22  -9   1
 -1  11 -24 -21
 -5  17   5  18
 12 -18 -18 -23
-23  22   6 -20
 22 -17  -7 -23
-22   4 -21  -7
  6 -10 -19  23
  2   0   9  10
-24  24 -15  11
 22  11  -6 -23
 18   6 -12  -4
-21  19  14   6
  7  -2   8  -5
 -6  16   8  20
-18   7   5  10
 -6  17  23   6
 -8  19 -17  22
-21  -1  17 -22
 18 -15   2   0
-18  -3   6  -8
 16  18  -5 -12
 24  -6  -6   2
-22  10  -5  -6
 -2  -6 -19   3
 -5  -6 -10 -11
-17 -16   2  -5
-10 -16   8  13
  0 -15 -22   2
  6  13 -24  -9
 13   7  20 -18
-18 -11  21 -20
 22   5  18 -23
 -1 -10   9  22
 13  -7  -2  15
 13 -14  15  -7
 16  -7   2  -8
 -3  15 -24  -3
 -7  -6   4   6
 10   4 -19  23
  9  11   1 -11
  4 -15  -3 -14
-10  -8 -10 -23
  4 -18  23  15
-13 -24   6  -5
  4  22   1  16
 21 -18  16   8
 14   2  10  14
-11 -19  13 -13
 -5  18  20   5
-19  12  21 -12
 -2  15  16 -23
-10 -21  16  -9
 -4 -11 -22 -23
  4  -3  -7  14
 -7 -13 -20   5
 -4  19  24 -13
  2   4   6   8
-13 -21  15 -23
-21  12 -14 -12
  9  -9   0  -9
  1  -2 -13 -21
-23 -10  21 -20
-13   5   1  10
-18 -19  -3 -11
-18 -18  10  -5
-11  -8  11 -19
-18 -18  11 -12
  6  11  -5 -12
 -9  -4  19   1
  9  23  10  20
 21   1  -5   9
 16 -23  19   2
-23   4  12 -12
 12  -6   5 -19
 -3  -9  19  15
-18  19  -7   5
-23  16 -10   7
-11  19  19 -20
 19  15 -14   9
 -2  23 -19  -9
 15  13  15   9
 17  -4   8  21
-24  18  15  24
-23 -12  -8 -12
-10  -3 -10  16
-14   2  23  16
  5  12  -7   0
 -7  18 -20  11
 15  -8   0  -8
  0  21  22  17
 22  21  -7 -11
  0  -8 -24  -2
 21  13  10  19
 22  14  -9  11
-12 -11   1  12
 11  16 -23 -15
 -5  -5 -15  19
-23  -1  -4  16
 -7   7   0  -8
-11  -3   2  19
 -6 -18 -19  24
-15   1  -6  24
  4  17 -24  -8
 22   6   9  -8
 22  -1  21 -20
 -7   8   7 -13
  1 -23   4  14
 21 -13  14  -7
 21 -18  19  13
 20 -22   5  21
 -2  20  24 -15
 12 -11  18  10
 20  -2  -8  17
 13  -2  -1 -21
 15 -21 -18  13
 -8  21   6  11
 -5 -14  22 -12
-13  20   1 -15
 -6  -5   1 -15
  5 -24  24  16
 -4 -22  12   1
  5 -12   1   5
-24  20  15   2
-12 -19 -19   0
 17 -22  15  -7
-16 -23  -7   1
 10  20  13 -14
 12  13 -12 -15
-12 -21  20  -9
 23  16  23 -24
 24  15  17  11
-14 -16   6  -9
 22  24 -23 -17
 -2  -7  -9 -23
-16  12 -13  -8
-16   6  23 -11
  2 -15  13 -10
-23  17 -15 -16
 -1   8   1  16
 -9   4 -19  12
 18 -13  -4  -4
-23  11 -22   5
 21  11  10   5
-10   8   8   3
 20   0  13 -18
  2   1 -19  -3
  9   2 -17   6
  6 -23   5   8
 -6 -16  10  -2
 18  20 -13  20
  6  24  23   1
 -9  20 -22   7
 22 -15 -17   9
-12  13  -4   0
  3  -2 -19  21
 12 -15 -22  -4
-16   0  -7 -20
 -1  -4   5  14
-24  14  11  -1
-22  14  -8 -10
 20 -24 -15  13
  4  -5   1 -11
  3 -12   7  21
  7  -8 -20  -1
  4 -22   4  17
 22   7 -14   9
  6 -21  -8 -22
  2 -17  14   5
 23 -15 -20  16
 -8  10  14 -10
 24   1 -11   8
 17  11 -12  -9
  6  19  13  14
 18 -24  -3  10
-11  16  -1  -9
  8 -22  10  -3
 15   8  19 -12
 21  -1 -16 -22
 17  18  -7  22
 17  13 -22  24
-14 -17 -14  20
 21  24  10  19
 11 -18  12 -21
 14  10  -6  22
  5   4 -12  -9
  5  -3  -3  -3
-19   0 -10  -9
-24  15 -10   1
 -4 -17   4   2
 22  -8  11   0
 20  -9   7  12
 17  -7  -4  16
  1  24  -5 -22
 13   5  20  16
-15  11  15  10
 -9  -6 -10  -3
-20  -1 -18   4
 -3  -1  15 -20
-22  15  20  -6
 16 -20   6  23
-14 -23  -3  21
 18   9  10   4
 -3   5 -23  -8
 10  17  17  -5
  1   1  -2 -17
  1  15 -17  10
 -5  -6  24  10
 -9   1  -4  13
 -9 -15   6  17
 14 -20  13 -22
  3  -4   2  -4
  5   3 -10 -13
 20 -13  13  -6
-10  19 -20  -8
 -1  13  -9  14
  6 -10  13  10
 21 -21  -2  16
 -9   8  23  -5
 17  15  22   1
 17  20  -9  20
-14   8  20   6
 16   8   4  17
-19 -13  -9   1
-20   7 -17  21
-22   9 -22   5
-13  -7 -15  13
  1  -2  11  16
-16  15  -9  21
 14 -24  12   3
 -6   8  -4 -24
-11  13  -4 -14
-15  20  -7  10
-16  -7  -6 -20
-16  21  -9 -24
 15  -7   6 -16
 15   4  20  -1
  0  18   9   9
  9 -14  20  -2
 15  -9  -5  10
  8  23 -18  11
-11 -16 -23  -4
-18  -2  -1  -1
-12   7  14 -23
 17   4   2 -24
  0  24 -21  -4
 20  18 -14 -14
-20  -3 -16   0
-15   4   9  -3
  9  -8  11   7
  9 -15  -3 -10
 -5  -9  -6  11
 -7  -2  22   1
-24  -1  17 -24
-20 -23   9   4
 22  -6  -4   4
  2   2  -5 -13
  9  13 -19  19
-13  -8 -19  14
 13  20   3 -13
  7 -11  -8  -8
 -6 -15   4   4
-12   8 -18  20
 12  16  -2 -13
 18  -3   7   5
 -8   9 -13 -11
 -7  12  13  16
  7 -19 -18  -6
 13  15   4  20
 17  21  22  21
  3  -8 -20   7
-13   8 -17   7
 12   8  12   2
-24 -12 -23 -18
 10  -5  15  -9
-18  -1 -24   1
-24  12  21  11
  8 -10 -10  11
 -8 -24  16  21
  7  -2   3 -17
 -4 -15  10 -13
 12  12   3   0
  3  23  13  17
-14 -24   7  20
 -7  22  14 -19