-15 -20 -18  19
 11   3  -9  -8
-21  10  19  11
 -4 -23 -20  19
 13  -4  23 -12
 12   6  11  16
  5  -2   9   0
 -4 -14 -13  -8
-23   5  13 -22
  1  -1 -18  -3
  6  -5  -6   8
  3   4   8  17
 -3  21  11  23
  1  -4 -21  15
-18  -9 -22  -5
-10  -7  21 -19
-18 -13  16  14
  8 -17  -9  -4
-22   5   0  15
  8   2 -10 -16
 -9 -23   1  -7
  2  16  22 -12
 18   1 -16  16
-18 -12  -4   6
-22 -21   7 -10
 24   7 -21 -18
 24 -12  -3  13
-18  20  18  -4
  8  12  -8 -19
 12  -7 -18 -12
 20  20   5   9
-24  12   1  23
 14 -21  -9  23
 24 -22 -17  12
 24  -3  -5   3
-19 -10  -2  18
 -8  -2 -23 -15
  0 -11  14  -9
 19  11  23  10
  8 -16   4  -4
-11 -20   0  -6
 24 -24  23  -9
  0  -2 -23 -24
 17  10  22  18
 -7   9 -22 -23
 -6 -24 -17 -22
 -7  -7  -8   1
-10  17  -9  -2
 -9 -10 -10 -11
 21 -15  13 -20
-14  -6 -11  -1
 10   5   3  -5
 -7 -24 -22 -15
-21  20  -2  16
-19  -3  -2  -5
-14  -8 -15  -1
  5   6  12  20
-22  13  12  23
-19  -8   0 -14
 -5 -11   1  12
  0   4  -7 -18
 13  -4 -14 -11
  4   1  20   3
-14  22 -12   7
 22   5 -22  17
-16 -19   8  13
-14   5   1  19
 20  22  -2 -16
  9  21 -13 -13
 -3  21 -19  12
  9  -4  19 -11
-15  13  -6 -17
 -4 -17  19  -3
 20   5  -6  -3
 21  24   5 -17
-24 -22 -15 -19
-17   8 -19  14
 -2 -20 -16 -20
  0  -8  12  -1
 10  11   3 -13
 22  18 -15 -20
 24  12  -6  -3
  1   0   4  14
 -7 -18 -14   5
-21  22 -22 -23
-14  -9  -8   4
-12   3 -14 -17
-21 -20   2 -22
 -3  -4   7   5
  3  23  17   6
 -3 -10 -14  -9
-13  23   2 -10
-24  20   1  11
 11 -20  21 -22
  2  -9   6   0
 24  11 -14 -21
  1  -7  -2  24
 -5   2  10 -16
  6  21  -7 -24
 18  12 -10   4
  1  12  11 -21
  9   6  -5 -16
-15   0  12  19
  9   1  17  19
 15   8 -16 -17
 -4 -21   4  18
-17  15  15  11
-21  -3   7  14
 20 -17  10   1
  8  21  -1   2
 24  24 -10  18
 -9 -16 -14  20
-18 -20   4 -22
  0  13  13 -20
-16  10  19   7
 22 -24   1  -3
 24 -15 -21  19
 -6  18  24  10
 20  21  14  23
-10   3  -1   3
-19   9 -13  -3
-12  20  16  21
  4  -4  -4   8
  6   9  -7   0
-11   3 -24 -13
  0 -18  20 -14
 -2  10   6  18
  4   0  22  13
-14  -9  19 -19
-19  22   6  21
-12   8 -20 -19
  9   1 -16  -4
  3 -23  -3 -21
  2  14 -19  -1
  9   1 -10 -24
-10 -19   4  19
-10 -20  -5  23
-18   2  15  22
  7   3 -11  10
-23   5 -16  14
 -5 -23  -9  12
 -9  -9 -17  -1
-12   2   3   6
 14 -16  14  19
 -3  20  24   5
 22  -8 -23  17
 -7  24 -23  20
  3 -10   2   9
  7  -7   0 -12
 16   3   4  -2
-20  10   0   3
-24   5  -2  18
 16  13 -17  24
-13  -1   8   1
-13   2  24 -19
  1 -15 -12  17
-17  21  20 -22
-23  16 -20  -1
 -2 -17  24  21
 10 -22 -17   0
-12  19  -6 -17
  5  -8 -12 -13
-12  23  12  13
 15  11 -15 -17
-20  21 -22   5
-18  21 -10 -20
 -9 -13   2 -12
 21 -20 -23 -19
-23  20  15   5
  0  -6 -18 -21
 -4  24  23  18
 23  16  21   1
-20  24 -17   7
-20  15  -6   5
-17  23   4  20
 20 -11 -13  -5
-24 -16 -17  15
-14   7  16 -23
  2  20 -11 -22
-13 -17  -1  11
  2  11 -19   5
 10  11 -11   1
-10  -6   9  10
 -6  -4  20  24
-10 -14  -9 -15
  9  19  -4  10
 10   9  23 -12
  5  -4  10  -9
  9  -5   7  22
 -5  -5  -6   5
  4  -2   4  -9
-14 -22 -18  -4
 10   2  18 -10
  9  -9 -24  -5
 16  -5  -2 -14
 17  -9 -20   2
 24  13   2   6
  7 -22  23 -12
  4 -19  13 -13
 -5  22  14  14
 11  20 -11   4
 10   7   7  -9
  6  16   4  11
 14  19  22 -20
-16  -8  22 -17
 18   7  -4  20
-20   9  17   0
-19  -1  16 -15
-10 -24 -18  21
 15 -12  20  20
 -1 -16   6 -14
  0  12  -8  11
-17  24   4 -17
 -6  10  19  20
-10  14  15  22
-14 -23 -22   3
-23   4  24  -9
 21   8 -18  -7
 20 -13  24  16
-18 -18  13  -9
  1  22  -1 -12
  5 -19 -23  10
 10   4 -12  -6
 16 -10   8  14
-17 -14  24  22
-11  23  24  21
 -2  10   9   4
  4   1  22  19
-11  -8  22  18
 24   3   0  -3
 -1   0  20 -17
 23  14   0  -5
  7 -10 -16  10
 12 -16  -5  15
  2   0  10   1
 18  -3  -6  22
  9  24   8   7
-15   8  14 -14
-21 -22  13  -4
 -1  17  -2   4
  3 -12   5 -17
-16 -20  19   1
 -4 -16  -8  -5
  8 -15 -20   7
 17  -7  15 -14
 17   6  17   2
 -1 -22  -1  14
-10  16  -9  -3
  3  11  23  14
  3   0 -12 -18
-12 -13  12  13
  9   2   5  19
 -5  24  -9 -24
 -2 -19  -1   9
 19 -13  -1  -7
 -1 -20  -1  -4
  2  21  -3   1
 23 -15 -19  -9
-23  21 -16 -19
-19   3  -1  -1
 22  13   9  -4
-19 -10   8   9
-21  14   3   0
 18 -17   1   0
 21  11  -7  -4
  2 -10  11  -5
  3   2   4  12
  4 -15  18  14
-23  -3 -22 -16
-23   4  21  22
-20   3  16  -2
 -2 -11  -3   5
-15  -1  12  10
-11 -11 -16  -4
  4   3  18   2
 -9  14  -1  -3
  2   9 -10  16
-19  -8  11  -8
-20  17  20  -9
-13  15  -9 -19
 -3  20  -6 -17
-19   1 -11  -1
 -1   3   8  17
-21 -14 -19   3
  2 -18 -13 -14
-12 -23 -22  23
 23 -19  -5   4
  6  23 -12  -5
 16  -1 -10 -13
 18  24  15 -19
-21   7 -17  -7
-20 -19 -19  23
 19   1 -22  -9
  8  11   7 -23
 -3  -7  22 -19
  0  -2  18 -18
 -3  -4  11 -10
 16   9 -17 -19
-19  10  13 -23
 -1  -8  -6  24
  8 -16  16 -17
 13 -20 -20  14
 23  20  15  23
  4 -20   9  21
-15  17 -20 -23
 15   0  19 -11
 17   4 -16   8
  4 -21  15  -8
-14 -14 -16  11
  9 -15  15 -14
-15   6 -17  10
-24  22   8   9
 23  18   4 -12
-12  -4  -4 -11
 11 -15  -4   8
  2   3 -21  -7
 22  15   7  -9
 22  19  12   5
  3   0  10  14
 11   5  13  13
 -3 -12 -19 -19
 18 -10   2 -15
  3 -16 -11 -24
-24  23  17   0
 -5   4 -14 -22
  1  -1  20   3
-10 -24 -14  23
-15  10 -22  15
 -6  23 -24 -11
 -5 -21 -20 -11
-15  20 -16  -9
 23  -9  20  20
 14 -16  16 -11
-24  -9  -1 -20
-23  -1   9   5
  1 -16   1 -21
  1  22   3  -2
-21   1  -7   5
-17  16  20  -6
-15  -1  15 -23
 13 -15   2  20
 -5   0  18   6
-14   3   3   8
 -9  -3  21  -1
-22   5   8  13
-15  -3  21  10
 21 -15  15 -18
-10  -3   6   0
-12 -16   1 -15
 -1  14   6   1
-16 -12   3  -2
 -3  11  16   7
-19  14  13   8
  0 -23  -1 -21
-11  19 -12 -15
 13   8  23 -17
  8   0 -16   0
  0  -8  10 -22
-15  -3 -21  17
 21 -16  10  16
-19 -19 -13  12
 -7 -12 -15  -7
-24 -15   0 -12
  2  -2  22 -12
 21  23  23 -22
  5  10  16 -13
  4 -16 -12   6
-21  10  -8   6
-22   6 -13  21
 22  16  -7  16
 18  13  -5 -12
  4  14 -15  15
 18  17 -18 -15
-17 -15   6 -17
  8 -19  13  19
 16   5   5 -23
-13 -21   5  -8
  4 -18 -18  19
 -6  -9 -23   5
 12 -12   9  14
  9  -7  13  -3
-13  19  14   5
  6  -3 -22 -10
 18 -12 -23  12
-21  23  -4 -13
-16   6  -6 -15
-10 -12  -9  -2
 -6 -23 -14  11
 -9  13 -11  -5
-10   9 -21   4
 11   9  21  -1
 13   1  15  21
 19  15   3   5
 -6 -10 -10  -9
  9  -6 -14  -6
-21   8 -14  12
 19 -12  -3   1
 17 -13 -14 -11
 24  10 -12  19
 13 -19  21   5
  7  10  -6  -3
-16  19 -21   5
 -9 -15 -21 -18
 17 -17  12 -17
-10  11 -21  22
 17  -2   2 -10
-17 -16   2   4
 12  -7  17  19
  5 -16  -2   3
-24 -11 -15  -2
 21 -22  -6  22
 -4  -6 -19   1
  5  19 -18 -18
 -9  13   6  -4
  7 -22  15   3
  0  14  11 -22
 -4  23  22  22
  2 -17  -1  17
  7   2 -20   6
-18   4 -17  10
-24  14 -11  15
 21  21 -14   9
 11  -8  19   2
-22  11  -3 -22
-11   8  15  12
 -4  13  24 -19
  4   1  -7  -2
 -2 -19 -14  -9
 23 -15 -20  17
-10 -13   1  13
 24   1 -13  17
-10  19  21 -19
  0  15   0   6
 -9   6   9 -17
 -6   9  12  -4
-11  18 -17 -19
-19 -10   5   8
  6  -2  -7  24
 -9  -7  -7   4
 10  12 -22 -17
  2 -18  18   6
-13 -14 -16  10
 -3  19  -4   0
  0  19  14 -20
-24  -5   9   8
-10 -20   8   9
 -8  15 -17 -21
-11  -9   3 -19
 12  21 -12 -16
  5 -23  18  21
 18  17  -5   3
-23  21   2 -23
-22  17   8  -7
  5 -18 -12 -24
-10  21  11  17
 10  15   7  11
  8  12   7   3
-22   8  -2  17
 -6  23   4 -16
-10 -19  11  -8
  5  -8  10 -15
-23  14  -6  14
-24  14   6 -20
-13   1  -7  12
 24   1 -10  -3
-21 -10  -6 -11
-12   1   6  11
 -2   3 -15   1
  0   9  23   1
  0  19 -18  -1
 -2   2 -15 -23
 13   9 -13  17
-14 -19  18  -8
-19 -14  19 -23
 21   8 -21  -5
  9 -20  18  15
 20  21  -1 -23
  4  23 -20  17
-15  -3   2  16
 -4   0  -7  20
-13   3  -1   3
 12  19  10 -11
  6  20 -20   6
-15  22  20  -3
  8  15  20   8
 10  20  -1 -16
 16  -9  21 -15
 11   9 -22 -11
-13 -14   0   8
  7   5  13 -13
-19  19  -9 -10
  5 -14 -19 -16
  8  12  12   3
-21  23   5  -9
-15 -21   6  19
-24 -11  22 -23
  8  18 -22  22
 10 -19  10  -7
 -5  12   7   1
  6  -5 -17  15
 16   3  20  23
 19 -15   2   8
-15  21  21  -6
 21 -22  24  -9
-19 -19  19  10
 16 -24  18  -2
-21   2  16  -9
-12  15  -7  18
  7   8 -16 -11
 -6   2   5 -14
 -1 -17 -12 -15
 -3  14 -20  20