  4 -20  -3   4
  4 -10   0 -11
 -7  19 -23  -3
 -8  22   6 -16
 13  17  11  22
 20 -24 -23  -2
 20 -19 -20  -7
 15 -20   6 -11
  9  24  13   6
 23  -5 -14 -13
-14 -10 -23 -20
-16  10 -11  21
 -7 -20 -17   7
-17 -15  -8 -11
 -2  18  21  17
 -7 -13  -3  -1
 -1  11   8   2
  3   7  11 -20
 15 -11   7 -14
 16  -1  -4   9
 -8  19   8 -12
-21   5 -24  20
 17   2  18 -19
 10 -22   1 -11
-11 -15 -24  14
 17  -2 -23 -11
-12  14   5  15
 17  -1 -24  17
 -6  18 -13  14
-18  21   1  14
  0 -17 -22   1
 21  13 -24  15
 -2 -17 -15 -18
-19  14 -19 -20
 11 -13   5  23
-10   0 -19 -24
  3  -2  -6  -4
-20  22  -3   2
 16  -4   6 -24
 -3   6 -17   7
 -8   8 -18  19
  7 -17 -10  -4
 -3  18  -4   2
-18 -24  -7 -21
  0 -19 -16  12
  0   4  21 -18
-21  -2  16   8
 -9   6  -9  -5
 24  -9   8  12
 20 -19  10  -2
-16  21  -6   5
 -7   6  -7  -6
  4 -12 -12 -19
-16 -23  17  -9
-15   8   3   9
-14  19   3   0
 14  15  -7  -8
 24   2 -16  -8
 11  22  19   6
-10  -7  17   5
 13  22   7 -21
 -4   0  18 -15
 -5   6  23   7
 12  -8  13  20
 24 -17  20 -13
 -4  -9 -20  -5
  5  15   6  21
  5  -9 -20   5
 -1  23   7  19
-24  11  15 -19
 -3  21  -4 -15
-10  19   8  22
 19  -7   1  21
 21 -24 -13  12
 -8  12 -13  -2
-18 -13 -18   4
 -4   0 -13 -17
  5 -20 -23   7
 -7  -1 -18   3
 16  -6  -6  -3
 22  14  -5  -5
  1  13  10  14
-17  18  -7 -12
 14  -6  23   0
 21 -18  -6 -16
 -9   5 -21  23
-15  15 -18  16
 -4  12   2 -13
 -2  22   0   3
 10  -1  23   1
 24 -14   6 -19
 21 -12   6  -4
 22 -20  -9  -7
 24 -17 -13 -24
 10 -13 -10 -19
 -7  -1 -19  13
 22 -18 -21   7
 20   6 -10  -5
 -9  15   5 -23
-17 -15  -5 -17
-11  -8 -23 -23
-10  10   1  20
-19  -5   0  20
  3  14  -1 -10
  3  -6 -13  13
  9 -18  19  -6
 14 -23   5 -19
  8 -14  -6 -15
-22  -9  -8   0
 -9 -21   7  12
 13  10  11  22
 16   5  -1   6
 18  -7  15 -23
-24  22  -6 -13
  8   4  24  13
 -2  22   8  -2
 -4 -12  14 -20
 19 -12  -3  23
 24  16 -10 -18
-20  -7 -21   8
-16   6 -24  -7
 -3   4   2   0
 23  14  -3 -21
-13 -22  12 -10
 -8 -21  14  -5
 18  10  17  14
  7  23   8  -9
 -5  13   4   3
 24  -5   7   9
 12  10 -12  -9
  1 -23 -17  16
-15  23  -3  -3
 14   7   8 -12
 15  16  -9  18
  6 -18  -9  24
  9  23   9  12
  9   1   1  15
 -4  24  24  12
 23  17   0  15
 19  11 -23  -8
 -4  23   8  23
-19  19 -18  20
-15  10  18 -19
 -9   2  21  -9
 19  12 -14  -2
  5 -18  11  -8
 -9  13 -13 -14
  8   9 -11 -24
  8 -18  17  -3
-17 -23  17  24
-16   7  -6  21
 15 -17   0  10
 16  -7 -18   1
 18 -18   8   4
-12  -4 -14  21
-24  -7 -23 -19
 11  18  -3  10
 11 -24  -7  10
-12   6 -22  16
  5 -18   5 -24
-16 -12 -24 -12
 13 -14  21  -2
 20  16  10 -12
-16  -6   6  -3
-18  24  18  19
-22   9   2  17
-11   6  -8  -4
 11  -7 -13  -6
  2  24 -21  14
 18 -13  17 -15
-15 -21  15  14
 13   0  10  -4
  6  22 -12   6
  1 -17 -15 -17
-12  11  -9 -23
 -1  18  -4   4
-24  23 -19   7
 -1  12   7  23
 12 -14  19  24
 -3   3  23   4
  5  19  -2  13
-23 -12   1   8
  2  -6 -24 -17
-15 -10 -10  -5
 24   7  20  -4
 11   8  17  22
 20   5   5   8
 22  -8   4 -18
-24 -16  20 -15
 14  10  -6  22
-12 -24  15  23
 -1 -21  -5  -4
-21 -23  -2   5
 21 -15   9   5
 19  20  -6   5
 -6   1  24 -19
  3   5  17 -14
-21 -19  -4   4
  5 -16 -14  18
  5 -20  18   7
  9 -23  22  -9
 15 -12   7  -2
 -3 -24  -4  -3
 18  14   3 -20
-16   4  24   0
  9  22   3   9
 18  -8 -16   1
-11  22  21  -4
 15   0   6  13
 -4   1 -18 -20
 -7  21  12  24
-16 -23   1   9
  7  14  23 -18
  2   9   9 -19
 10  -7  10  -3
  6  12   5   3
  4  22  11  -4
-10 -21  -4  -3
 18  14  11  13
 -6  23   7   5
  5 -16 -14  18
 21   3  -1  11
-20  -2  -3  24
  9  17 -15   1
  7 -10  -5  10
 24   3   4 -13
  3 -23 -23  -1
 15  18 -14  -1
 -7  24  21   7
  0  10 -22   8
-16  -8  16  18
  4  13 -24  20
-14 -15 -12 -16
  3  -8 -10 -17
 22  11  -7 -15
  5 -22 -22 -17
 -7 -17  -2   0
 19  18  -2  19
-18   5  -3  -5
 14   2  -3  -1
-14 -10  22  17
 16 -16   4 -22
  9  12 -19  21
 23 -18  -5 -21
-15  16  -1 -22
 -7  22 -23   6
  7  -5  -3  -6
  3   3   7 -12
 10  14 -14  24
  8  19 -17  23
  8   9  15   8
 -2   2 -17 -17
 -3  20   9  24
 15  -7 -19  18
 -2  -9  10  16
 22   0 -10  12
 23  23  10  11
  6   1  -3 -16
 12  15  -1   9
 14 -22  -9   5
-19  -2  18  18
 11  16 -20  20
  7   7  -8  12
  7  -6 -22  14
-13  -6  15  18
 -3 -12  24 -12
 11 -19   0 -17
-13  23   6 -19
-14  -6   0   1
 17 -16 -17 -10
 -9  -7 -12   3
-19 -21  12  22
  3  -3  -8 -19
-22 -24 -17 -17
 -1  -3 -15 -18
-22  -9   8  12
 20  18   2  24
-22 -18  16 -16
-12  23 -18 -20
-10   4 -13 -13
 -7   8   1   4
 24  16 -18  -3
  9  -8 -14  -1
 -9 -24  16  13
 -6  16  -9  -2
  2  -2  -9  15
-19  22  22   9
-12   6  17   0
 20  19  -4 -10
-18  -8   9  -1
 18 -15 -17 -13
-24  22   2  -7
 -4 -23  -4   7
 -3  13 -15   3
 -5   7 -21  -6
 21   8  15   5
  0   0  22   8
-18 -13  10  -5
 20 -24  -1 -16
 -5 -22  17  19
 11 -11  24 -19
 14  14  23  19
 16   6  -4 -12
 13   0  -9  19
  5 -14  -3 -18
 20   1  21   2
-22  10   4 -20
 -7  -4  12  11
  7 -13 -16  12
-11  -5  17  15
 18  -3 -22  17
  2  -3  17 -12
-14 -13  18  22
 18  22   8   9
  1   0   1  -5
-20 -16   8 -20
-23  -4 -11  11
-17 -21  23  -3
  2  -1  -3 -18
-23   6  -5  12
  9 -19 -24  -8
 16  23  21   7
-24  -3  -7 -10
  0   6 -12 -20
  1  -1   1  -4
 -1  15  -3  24
-12  -9  12   5
-16 -20 -12  -7
  9  12 -19 -13
 -4 -19 -13  20
 10   1 -20 -21
  8   5 -12  -4
  8 -13  12  -1
-23  24  20 -11
 -2 -17   8  -8
 21 -22   2  -9
 23  20 -13 -16
 12  11  18  16
-18  -4   5  -4
 11  23  -4 -20
-21 -11 -18  10
 -9 -21 -13 -17
 18 -24 -18   0
 -3  -4 -18 -17
 22 -19 -21  10
 18 -21   4  24
 19 -14   3  17
-14  -5 -14  14
  1 -13  -8   8
  9  21   5 -15
 -3  24  17   5
 10 -15  -4 -23
  8  16 -13  -2
 -8 -15  -6   2
-10   9  -5   1
-18   1 -14   8
 24  20 -19  13
 10  -9   1   0
 -7  -7  19  -9
 -9  24  16  -5
-24  10  -2 -17
-16  11   6   9
-11  24 -16  22
-16  -2 -21  20
  2  12   3 -19
  0 -20 -16 -24
-23   7   9   7
 -9  -7 -18 -13
  3  15 -24   1
 -9 -19  13   5
 -6   6 -20  13
  2   4 -24 -24
 -8   5 -16  13
-23 -13   0  17
-10  17 -19 -12
-23  -9  -7  20
-13 -23   3 -13
 -8   1  19 -12
 15  -7   4  -4
  7  14   7 -19
 13  17 -20  22
  0 -22 -24 -18
 -8 -16 -23   3
-24  21  24  -8
  3 -20   4  12
-18   0  11  15
 -5 -14 -16   9
-18 -22 -23  14
  5  22  -7   3
 -6  12  11  -3
-21  21 -11   8
-19 -17 -10  18
-10  -7 -10   4
-12 -22 -10 -19
-15   9 -16  -6
  4 -12  -4  -9
 -9 -15   4 -20
 16   8  -5  -8
 -5 -20  22  21
-12  -7  -8   8
  5 -12 -11   4
 22  -4  13  16
  5   8  23  -9
  1  14  -9  -2
 -8   8  -2  -2
  2  -9 -20 -11
 -4  -3  18 -12
-15 -17 -17  -2
  6  -1   4  15
-24  17   1   0
 -9  16 -15  -9
-11   9   4  10
-19 -18  10  -8
 11   3  21  10
 -9  19  -2 -14
-23  -4   8  -6
  3  10  20 -19
-15   6  22  21
 22  12  12  -5
-14  18  22 -19
-10   3 -10  21
 -6  11   6   4
 15   9  22 -21
  6  21  18  -2
-19  11   2   2
 -1 -18 -12  -6
 18  24 -24  -2
 22  22  19 -11
 14   7  -5  23
 22  -7 -21  -5
  4   8  15  11
  4  20 -12 -24
-13 -23  18 -24
 18 -11  23  23
-23   9 -22  17
-12   6  -8  15
-16  18  13  11
-12  19  24  11
-10  12  10   1
 21   0 -11   2
 14   3  15  -4
 19 -13 -23  23
-20   2   0   9
 12  13  11 -14
-11  13  21  -7
-24  -6 -17   7
 -1 -11   7  -6
 -3 -12  -6   3
-21 -20  20  17
  6 -12  13  -8
-19   3 -12  20
 13  14  12   3
  3 -10 -20  -2
-12  -9 -18   9
-13  19   0  -1
 -7 -13   5  17
  5   0   9   2
 24  -9  18  18
  1  -4   9   3
 -3  14   4 -11
-14  11  22  -3
  9   7  -8 -12
 10  17 -18 -24
-21 -17   7 -15
 19  21   3 -17
 -7  15  24  -2
 20 -12  22  23
 16 -15   4 -23
  3 -22 -18  13
-19  23   5  24
-22   9  -9  18
  0  14   5  -8
-19  24 -16  17
 -7 -16 -14   5
-12 -13  -1 -17
 20  22   4 -23
  8   7   3  19
 -1  12 -20   9
 18 -13  -2  -4
 17 -11 -16 -14
-15   5 -24   0
 10   0  20  18
-11 -18 -15 -16
 11 -15  14   4
 18  11 -18  23
-24   0  20   2
 24  -5   1 -15
 17  23  10  13
 10 -20  -8 -24
  6   2   0  -1
 12   1  15   8
 -4   8  -1  -5
  3  15   0 -23
 -5   7 -22 -22
 22   2  -7  10
 -6  11  -6  11
  6   0  24  11
 -7 -23  -8 -15
  4   6 -24 -10
-14 -14 -24  19
-20  19  -9  -5
-11   7   9  16
-11 -17   9 -15
  8  11  12 -12
 -7 -14 -17  -1
 20 -14 -12  16
 21  17 -12  10
-10   5  17  23
 -9   2  24 -10
 10 -18 -17  -2
  2   3  -1 -21
-24  24   4  14