  0 -14  -5  20
-14 -13  16   2
 -3  -2 -22  -6
-22 -16 -10  -4
-17 -15  -7  -9
  5 -22  23 -15
 -2  -6   9   9
-16  13  10 -11
 23 -20  20   6
  0 -18   6   1
  2  -7  -8   2
 12  13 -23 -22
 11  12 -16 -20
  2   3  11 -18
-23   3  24   4
-17 -10 -11   3
 -8 -19 -19   8
-23  -4  -2 -13
 13 -23   7 -14
  0  -1   4   1
 -4   5 -16   8
 12   9   1   7
 14  22  10 -23
 11  -7  14  -3
-20  20   0  -1
  6  -9  16 -14
-17 -12 -24  22
 14 -12  -9  -6
-12   0  -8  22
 -5 -13 -18  11
 15 -22   6 -13
 -4 -13 -19  -6
-12  10  23  11
 -5  14  24 -11
  1   6 -20 -22
-13  -9  20 -18
-22  15  -8 -11
 14  -7  17 -21
 15  23  -6 -15
-14   3  21 -18
 16  -4  24 -19
  1   5  -9  -3
 23   3   4   0
 15 -17   1  -3
 10   5  14   6
 21  -9  21 -14
-19   3 -18  -2
 16   5  -4 -13
-10 -23  15 -15
 20 -12 -10 -11
 -8   5  -8  18
-12  -9  -8 -12
  6  24 -20   2
 15 -21   9  16
 13 -24   7   1
 19  -2  -5   0
  1  -9  10  -7
  8  12 -23 -18
 -2 -12 -22  16
-24 -17  13  17
 16   6   9  12
-11  11   4  -8
 11  21  -5  18
 20  18  15  20
  2  21 -18  16
-19 -20 -17 -22
-11  -6 -18   3
 21  -5   8   0
 -2  11   4  -4
-14 -16  18  -9
-17   5 -18  15
 -8  -1   8  21
 23  12  18   2
 12  -5 -23  11
 20  -2  20  11
-22  -5 -19 -15
  3 -16   0  13
-16 -13  19  21
  6   6 -10  -8
  3   0  13  14
  1   9  24  24
-21 -13 -14  15
-11 -23  17  -9
-16   2  -5 -18
 23  -9  20 -17
  7  -4  -6  -7
  3  15 -10 -17
  3 -12  -4  13
-19  -6   3  -5
-15   2 -24  15
 -8 -11  -9  -1
-15 -19 -12 -20
  7  18  12   7
 -2  -7  20 -11
 -4  24   4  -7
  7   5   8  17
  5  14 -15 -18
-20  13 -17 -18
 15  24  17   6
-18 -15  -4 -19
-15  17 -24 -13
 10  20  15 -24
 22 -19  24  -8
  1  -5 -15 -21
-19   0 -20   0
 18  22 -17 -18
  3  17   8   8
 -8   6 -17 -10
  2 -14  -5  -8
-23   9  19 -20
 19 -13  -5 -15
 14 -22   1  16
 10   8   8   4
 18  -4 -16  22
 -5  -2 -12 -10
 -2 -15   3  14
-15  -1 -24   5
-21  -9  13  21
 13 -15  24  -1
  4 -11  21  18
-24  23  -5 -17
-11 -18  -2   7
 -6   5 -13  -6
 18  -2   0   8
-21   5  13  15
 17 -19 -21  -9
 12  -1   9 -23
  2  -6   6 -16
 18  -1   2  -9
  4 -17  10 -12
  8  -7  17 -15
  2   9   6  -6
  1 -13 -20  18
 17   8   0  21
 20  18  17  17
  5   9  -4 -24
 10  24 -12 -18
-23 -14 -21 -19
  6 -20  -6  24
  7  14  13   0
  7  -3  10 -21
  1   3  -5 -10
-11 -23   0   0
  8 -19 -22   4
  6  -9  10  21
 19   1  14 -19
-22  11  11 -10
 15 -20 -21   3
-11  18   6 -18
 18 -18   5  -5
-19   7  -9  -8
-20  12  10 -13
 -2  -8 -21   7
-21  23  -1  17
 -9  18  23  18
  1 -20  20  17
  0 -24  -8 -21
 -3   3  -6 -18
 22   2 -11  -7
-10  -4  -9  23
-19   6  24  10
 19 -20 -13  -1
-22   2   2 -21
 -8 -18 -24 -22
-13   3 -22  -6
 16 -11   7 -17
 -3 -21 -22   1
 22 -14  -6  12
  5  24 -21   0
-21   9   2 -18
  3 -16   0   1
 18  18 -10  -8
 22   9 -20  -9
 17  -7 -24 -20
 -6  16  14  -5
 -3   9  15   1
-20  20   7   4
-20  10 -18 -15
 -3  10  24 -24
  9  -1  15   2
-10  -8  -1   8
 20  15  16  11
-17  -9  22  12
  2   8 -23   1
 17  -7 -18  -4
-17 -20 -18 -12
 -5 -15 -13 -21
-24  -1 -16  -7
  2  20  -8 -13
 22 -10 -11  17
-18  -8  16  -5
-21  24  15  16
 -5   9  16 -24
-10 -21  21   1
 -8  19  -8  -7
 24  -5 -18 -13
 -2 -17  13  19
  0  18  14   5
 23  -6 -14  -1
-17   0  24 -20
 11   9  -5  -7
 -7  20 -13  20
 -6   7   7   1
 23  -7  11  -3
 14   0  19  -8
 20   6   1 -21
-15  -3 -12  -3
-23 -13  10 -18
 -5   8  15 -15
  8 -12  14 -24
 19  19  23 -18
 19 -11 -19   3
-24 -11  -5  12
-15 -16  19   7
  4  23  -4   8
-13   9  19   9
 20   7  23  -6
 18   3  -4  14
 -4  16  14 -18
-10 -12   7  11
 -1   9  -2   8
-23   1  20  24
 21   4  10 -22
-19  -8  -9   9
 -9  16   9 -13
 16  11   9 -14
 -9  21  -8  24
-22  15  -2  10
-15   1  23   3
-19 -11 -11  23
 12 -18 -22   0
 -3  -7 -22  -7
 -4   1 -15 -11
 13 -17 -24  23
  4   0   9 -16
-19 -22 -15  -7
 12 -24  18  -3
-16  19  -1  22
-17 -17   5  -6
  4 -17 -16  12
 11 -12  16   7
-13  20  11  -3
 -7 -14 -15  14
 12 -19   7 -22
-12 -13  23   5
-19  -5 -17   7
 20 -14   1   0
 13   6 -11 -10
  5   1   3 -16
 17  21   8 -17
 17  14   7   4
  9  13  13  22
-15  15 -19  -6
  1  -1  20 -22
-19  17 -19  10
  6  11  -2   8
 22  -1 -17  14
-17 -21  13 -12
 -5  -1  12 -16
-20   9  20  -8
-17  18   8  -3
 24  10 -14  10
 12  21   7   6
-22  22   1 -17
 24  21 -13   7
  7 -23   4  19
 22   2   1  24
  3 -17  -5  12
  2  22 -19  20
 18  -6 -12  -7
-20  -6  -8 -21
 21  -2  23  20
-16  11  -8  17
-18  -5 -23  19
  2 -16 -15 -16
  1 -24   9  18
-18 -11 -18  12
 11  17  11   1
-11  19  -9 -22
  8  14   7 -19
 16   3 -11  -5
 16 -19 -14   1
  6  -7 -21   0
 -6 -12  24 -11
  7 -15 -24  20
  5  16 -22  -5
 -5  18   7 -12
 19 -18 -15  14
 20   3 -22  -9
-14 -14 -18  12
-12  19 -20  17
  0 -13  20  -9
 23   0 -20 -12
-15   1 -21 -16
  1  -6  19   2
 15  22  -8   8
  0  13  -5  10
 -8  -4   2  15
 20  24  21  15
 12  -1 -21   8
  4  -8  16 -11
 11  22   7 -12
 11 -12 -23 -23
 -8   4  -8 -23
  1 -21 -13 -11
-17   7  23  18
-11   8 -20  -1
  6  24 -16  10
 24 -24  12  19
 14 -20   6  -4
-15   8 -19 -20
 24  21 -15   6
 20  -8  16  21
 -5 -22  22 -13
 -5 -21  17 -19
 22  23 -11 -13
  0  23  11   8
 -4 -17  -1   4
 22 -12 -24   4
 19  23  11 -12
 16  21  -2  12
-14  21  -5   3
-16  11 -23   0
 -3 -17  -5  -3
-18  11 -18 -24
 -1  15  -5  15
 -9   5 -14  17
 15 -21  -5 -23
-19 -11  18  22
-14 -11 -11   1
  2  17   8 -24
 13  -5   5  12
 17 -10  20   4
  4  14  10   3
 13   0 -22 -24
-10  -8  12  12
-10   7 -17 -10
-12   6  15   5
  8  22  17  22
-24  11  24  23
 23   2 -10 -10
 -7  -7  -6 -16
-15  14 -11 -21
 22 -13   4   8
 -6  -7  20  21
 19   5 -13  16
 18   8   5  -1
 17 -17  17 -18
 22  19   1 -17
  6  -9   7  -7
 -4 -21   2 -13
-10   8 -23 -17
 23  21  14 -17
  2  14   4   9
 -5  18  -1  13
 13 -13  11  -9
-15  -1  22  -6
-21 -17   4   1
-22  22  19  22
-22   5  22  -5
 23  -2  20   2
 17  17 -21 -11
-24 -10 -15   4
 16   2 -12  23
 -9 -20  12   3
  1 -16  -8  17
  4  19 -23 -22
 16  -9 -20  -2
 -1  10   4  10
-23   1  -1 -10
-14  -1  -4  -1
-21  -8  -7   3
-20  17   4   3
 14 -18 -22  20
  3 -12   3  15
 16 -15 -16  -5
-10  22   5   1
-12  -3  12   6
 19  -6 -17 -17
 22 -13 -18   2
 14 -21   4  -1
 10  23  14  15
-20 -16  21   6
 10  -6  13   7
 10   9  11 -16
-22  20 -14  -7
 -8 -22  -3  17
 21  21   3 -15
 -8  -6  19 -12
  3   1  -3  -5
 -5 -22  -9   7
  8 -16 -21  -1
 10  -5  10   3
-20 -22  13 -20
-16   1  18 -18
  3  -3  15 -15
  2 -20  12  13
 15   8  -2  23
-24  -8 -14 -21
  5  10  10 -17
  8 -24 -17  22
-16 -14 -22   3
  6   2  -5  -8
  6 -23  -2 -19
 -1 -17 -24  19
  9  19 -13  24
-11   3  16   9
 20  23  15   2
 11  21  -6  10
 21  21  20  17
-19 -21 -15  12
 18  22   4  15
 12  -2  -9   2
-23   3  15  -2
 -9  -8 -11   2
 12  23  19  23
 19  17   0  -1
  2 -22  -7 -13
 -4 -18 -14  18
-22 -17 -15 -24
  6   2  -7  -7
 -2 -14   7 -10
-15 -22  14 -10
-19  21 -14  -5
-23 -12 -11  -7
-18   8  -6 -21
 -1  14   9 -10
-12   4  -1  -8
  1 -24  12  23
 19 -14  12 -14
-14  24  -9 -22
-17  -5  16 -11
 -6 -19   1  19
-18 -17   0  18
 -8   2  -7  24
  1  19 -20 -15
 -2 -23  11   5
-18   7   8 -14
  6   3 -24   4
  3  21  15 -18
-24 -10   1  -5
  8  14  -2   8
  6  -8 -16 -10
  2  -6  18  18
-11  -9  16   8
 21  24 -24 -18
 -8  21  -5  15
-20 -18   0   4
-12 -11  11  -2
  0   4  10  -7
 12  10   1  -3
-13  18  10 -10
 -5  13 -13   3
 23  23  -5  11
 13 -10  15  -5
  9  12  10  -4
-18  18  21   3
 12 -15   8 -10
  5 -10  -7  -8
  6  18   2 -21
-14  21  -1   0
 -9 -15  -7  -5
-12  24 -23 -11
  5  -4  14  20
 11  10  -8  -8
-14  14 -24   3
 22  19 -15  24
  7 -11  -4  12
 24   4 -23 -16
 13   8   9  21
 24  18  -4   5
  1 -24  17 -10
 10  -9 -16 -13
-18   3 -13 -22
-18  -8   2   1
-12  18 -10 -23
  1 -19 -19 -23
  0 -18  16  20
-13  16  21   2
 -8  18  19 -13
 20   6  17   8
 -7 -12   7 -11
 13  21   3  -5
 18 -24 -12  -1
 -3   7  12 -14
 16  11  12   1
-13  11  -2  14
-18  -2  12  -8
-17  21  -4   7
 13  22   0   6
 14 -10   9  19
-21   0  -6  -6
  8   5   1 -10
-22  17  15 -14
 -6  -6  18 -17
 23  23  15  13
 18 -19  23  21
-15   0 -24 -23
  8 -15 -19 -21
 20  -9  15   5
-21 -21   1 -20
 16 -24 -21 -22
 -5 -15  10 -21
 14  19 -16  22
 -7  16 -10   7
 -2  13   3   1
 -6  15   1 -12
-16  -5  20  -9
-14  11  19 -23
  1  -1  -2 -24
-16  11 -18 -19
-11  22 -22   8