-20 -16  15 -23
 -2  20  -6  24
-14 -15 -20 -23
 19 -22  12  16
-23   0 -13  20
  0  16  10   4
-15  24  11   4
  1  20  -1  11
  4  -1  14   4
  1  10 -24  -9
  1 -23  18   4
  5   3  15 -24
 17   2  12  -7
  7   8 -16  19
  3   8  -1 -23
-14 -20  -4  14
 16  20  17 -20
-13  12   9   8
-17  17  -6  13
  2 -15 -11  -9
-10  -7  -4 -17
-15 -22   7  24
  8  21  11 -19
  6  13  -5   8
 16  -4  10 -17
 -2  -3   1   9
  7  23  -7  21
 21   5  -5  15
-22  17  -7  -9
 18  -3  21  16
-22  19  22   9
-21   5  22 -20
 -1  17   7 -13
-21 -15  21 -15
-22  -4 -16   2
 19   2   8  -9
  9  24  15 -11
 20  18   3  14
  5   5  17  -9
-19  -6 -22   4
  1  18 -21 -13
-16  -2   0  11
  5   5   5  -8
-20  21  19   2
-15 -15   6   9
 -9 -10 -23  -6
 18  14  23  -9
  1  -4  -3  -7
-12  -2  19  20
 -3  -8  20  -6
-11  10 -15  12
 11  21 -10 -14
-24 -18   9  20
-16  16  -9   5
 13  20  21  -2
 -8 -17   3  15
 -8  17   9  17
-21 -13 -22  -7
-15  -2 -24 -12
 -8   9  17   5
 10   2  -7   5
 10 -18 -15 -16
 -2   5   2 -23
-22   7   1   2
 -5  18  14 -22
 24  16  16  14
 16 -20   7  18
 18  16   5   2
 -8  17 -14 -13
 13  18 -12 -10
 -3  23 -24 -24
-13 -22  20 -13
  1   3   4 -21
-16   3  10  20
-20  -3   4  22
-14 -19 -10 -16
-14 -24  10  10
 11 -24 -24 -10
-24  -8  -6  15
  8  -1  12 -15
-16 -23  17   7
-23  21   3 -17
-24 -17   4  -1
  8 -18   6 -14
 -8   1 -21  15
-15  23 -13  -3
 -9 -22 -12   6
 14  -1   3  -8
 -3   6 -12 -16
 14   8  21  -7
 17  23 -14 -23
 21  15  22  -4
 15  13  -2  13
 -4  -1 -19 -20
  5  -7  15   3
 22  20  13 -18
-18 -10  11  19
 -2  -5  18   7
-12  -4  10  12
  3  14  13  -3
 14 -20  14  11
  0  20  13  16
 -8 -24   0 -10
-11 -21  17  -2
-15  10  21   5
 -1 -24  24  16
-10  10  14  -3
  6  21   8  21
 17  24  -3  18
  6  24  -1   8
-20 -13  13  -2
 -5 -19  24 -14
 23  10  11   6
 16  18  -3  20
-15   4 -22 -16
-24  15  24 -19
 14  21   5 -24
-18  -1  20 -17
-15 -22   7 -18
 15  18  -9   2
 -5   6   1  -9
-24 -18  -8 -19
-13 -11  19  13
-13   0  21  10
  5  20 -18  -5
 16   5  -9  11
-11  10   7  -5
-15 -13  17  23
 -7   3  -2  15
  8 -18  -5 -24
 14  -4 -13  24
 18  10 -11 -12
 -7 -20 -20   9
-13 -10 -19  -5
-15 -13 -23   3
  9  10 -19  20
  8   7  20   8
 -7  20 -13  -7
 19   8  -6 -23
-18   1  16 -14
 13 -11   5  -2
-23  17 -17 -19
-17   1   2  -1
-16   3  20   0
-11 -22 -20  -7
 -1   8 -23  10
 21   4  -1 -14
 23  -8 -23   5
-21  -2  -9 -20
 10 -15  -3  24
-16  14 -12   7
 23  -4  11 -10
-21 -11  24   1
 10  18  23  -7
-22  20  16  11
 17 -12 -12 -22
-12 -15   3 -13
-20 -13  24  23
 11  12  19  -9
 18  -7   0  -3
 -2 -15 -11 -13
  9  -1 -11  -7
 23 -11 -16  -5
 -3  -4  13 -18
 13  -8  19   2
-13   6   2 -15
 14 -18  13  -2
  5  14  -9 -22
  3  23 -24 -10
  9 -22  17 -12
  9  15 -11   3
 11  -1 -11  -7
  2 -18 -10  10
 22  11  11 -23
 -5   7   8   9
 24  10 -23 -12
  3 -15  13  14
 17  11 -21  -5
 15   1  21   1
  5   9 -15 -18
  7 -21   7 -16
 20  10 -17  17
 22  23  21 -12
  1  16  -9 -17
-22  10 -15  22
-20 -14 -23  -1
 22   9  -1  21
 13  20   2  23
-14   1  -5 -21
-13  17 -10  20
 23 -16   8  14
-13 -18   0 -24
 10  18 -17 -10
-10   2  15   1
 19 -10 -20 -21
 -8 -15 -19  18
-18  -7  20  18
 -7 -14  -6   2
-22  20 -23 -20
  2  -8 -10   1
 24 -12  21  -2
 -2   5  13  -3
 12 -11 -23  24
 -1 -12 -21   8
 11 -11   4 -18
 16 -10   8 -11
-13 -10 -22  22
-16   7  -6 -10
-14 -20 -18 -10
-17 -22 -11  10
-15 -13   8 -15
 24 -12   5   9
  2  -4   4   4
-10  -1 -23  -4
 -8 -13 -24   2
  1  22  10   3
 11 -23  18   7
 21  -2  -2 -11
 19  -9   3   7
 -7 -15   5   5
 -9  12 -13 -17
 20 -10  -6 -18
 -1  -1 -18  -2
-16  -9 -17 -11
-19  20 -18  -1
-14  22  -6  -2
  6  11  -6 -19
-22  22 -22  22
  5 -22  -3  14
  0  14 -20 -21
 23  -1   8   7
-13 -12  19 -12
 14   8 -23   9
 -3   0  -1  14
 17   1  17  17
-14  -3 -19 -16
 19  -7  -1 -14
 15  -3  -9  20
  6   5 -11   7
 23 -10 -19  15
  2   4   5   8
  3  12  -8   5
  6   4  19   3
-19 -22   2 -19
-16  21 -13   6
 24   1  22 -19
 21   1   9 -18
 11  18  -4  19
 -1  -6  11   3
-20 -17  20 -24
-16  -6  12  14
-13 -19  -2  17
 11  -6   1  10
 -4   4  19 -18
 -7   3 -11 -13
 -7 -23   1  19
  9 -12   7 -18
-15 -21  -8 -13
  5 -23  19   3
-24 -15   9  11
  2 -24  22  -5
-22  19 -15 -10
  3   2  17  21
-21  16 -20 -11
 24 -16   3   0
  9  12   2 -11
-22   9   7  -6
-22 -13  -6  -2
 -6 -13  11  20
 -1   5   8   7
 -3  10  -2   1
-20 -20  -2   4
-16 -14  19 -13
 10 -23   5 -14
 10  18  17   1
-18 -15  -6   5
  3   7  -6   5
 17   2  -3 -24
-22  13 -23  19
-14 -18  -5  -1
  4  16 -14   8
 14  -2 -23   6
 -4  11 -19  15
 20  16 -15  14
 -5   7 -16 -18
  2 -17 -11 -15
 -9  15 -20  11
-16 -24  -7  -7
-11 -18 -13  10
  8   3  15  10
 10 -15 -12   8
 -7  -4  12 -19
 17 -17  -9  23
 -5  -3 -14  14
  6   8   1 -16
-21 -14  16  11
  5  -5   6 -22
-17   9   0  -1
 -5  -7  16   9
-10  19  -4 -18
-24  15   3 -11
-23   4   5  -4
  1   1   4  22
 -6   9   3  20
-10   5  19  15
  7  22 -18  18
 -1   2 -10  -6
-23  21 -14   8
  9   0   3  15
 13   7  24 -12
 12  22  19  23
 13  13 -17 -14
 13 -11  24  20
 17  10  14  -7
 -1   7 -17   1
 18  16 -16 -24
 -2  20   0 -24
-14   6  14  24
 18  -1 -11   7
-14  19  17  10
-23  -3 -20 -21
-19 -17   6   0
 -3  -8  -1  15
-21 -13  -3   4
 15   2   6  16
  3  10  12 -16
-10  12 -16   6
 21  18  -3  15
-11 -20 -10  -8
 17  18  15  15
  3  10 -18   0
-14   9  -6   0
-10  10  -4  15
 13 -11 -23   8
-10 -18   7   8
 10   6  -9  -7
  4  14  -1  -6
 18   8  -3  19
-20 -24 -21  13
 -4  -2 -10  21
  4 -14   5  18
 -5   1  -2  24
 17 -23  -3  -1
 16  -1  16  10
  4 -19   7 -19
 -6  -5 -17  -1
  0  18 -23 -15
-16  -3  18  10
 -8 -18 -17 -21
-11  -4   7  15
 13  -2  16  13
-21 -11  -6  -1
 15   5  -1  -6
 -9  22   0   3
 24 -11  -4 -21
 -4 -15  17  16
  6  22 -20  -9
  6  -4 -21  10
 13 -18   0  -7
  1  18  16   6
 22 -19  17  13
-10 -20   3  22
 23  20  14  22
-22  -7  -5  -6
 18 -14   6  16
  7  -8  14  20
 -6  24  21  21
-15  -8   2  14
  8  21  -5  16
-16 -18  -6  10
-21   2  -2   9
  6 -11   6  -7
 12 -21  24  24
-22  22 -19 -20
-19  12  16  16
  1  -4   7  11
  2  13  -1  -3
  6  -9  18 -14
-18 -14  -2  -2
  9  -8  16 -24
 -3   3  12  -1
 -4  10  -8  -5
-16 -17 -20   5
-11  10  -8 -18
 -4  15  -9  -3
 12   0  16  -6
 13   9  -2  17
-15   4  -2  13
 -5 -15   3 -19
  8 -10   8  19
-11  -2  -3 -22
 14   3  21  -8
 15   5  -8   4
 20  11  -8   9
-12  -6  -5  12
 15  13  10   4
 -8  -8 -17  -1
 16   2 -22   3
 -6 -13 -24   8
  4 -10  10  24
-14  -6 -10   6
 18 -20  -1  20
 -3   5  19 -10
-19 -10 -15  12
-20 -18  24 -19
 -8  -9  -1  21
 23 -20  13  -8
 10  -1   5  16
 19 -14  20 -21
 -8  11  20  13
 -9 -24  -2 -19
  7   0   2 -17
-20   8  24 -24
-12  23   7 -21
 -5  -1  -9   6
 -9 -10  19   5
  3   5   9  18
 -1 -11 -21  21
-20 -19  -8   8
 -3   1  -7 -18
  8 -22 -18   7
 -7  14  24  22
 -4  10 -18   0
-13 -12 -12  22
 22  -4  -8  11
-23 -15   7 -11
-17 -23  18 -11
 20  21  -5 -12
 20   8  20   2
-23   4 -20 -16
 13 -15  12  -7
  8  -3 -11   7
-21  16  23  -5
 15  13 -17   4
-18 -14 -13   8
 -2  22  14  -9
 -4  24 -13  17
-16  21   5 -19
 24  24 -14  14
 12  -1  -2  16
-24  11 -16   4
  8  14  -7 -22
 13   0  13   2
-11 -12  15   9
 -8 -19 -14  -6
 -1 -15   0  -4
  4 -15 -15  -3
  7 -20   8 -24
 -3 -24  -2  -9
  8  -1  16   6
  3  -6   0   9
 22  10  15   7
 -3 -23   7  18
-21 -14  12  18
  6 -17 -20  -4
 -7 -20   0 -22
 -4   1 -15  20
  1 -17 -14   4
-16  -9  24  18
-16  14  14 -21
 18  -9 -20  10
-13  18  10   3
 16  -5  12 -23
-20   8 -11   0
  4  -2  -2  -1
 -8 -22 -13 -12
  4 -23 -11  15
 -4   6 -17 -16
  1   5   3  14
-16  -1 -17  18
 22  20 -18  -3
  1  -6 -14   7
 16  13  -3 -20
 20 -14 -14 -22
 -1  19   4  23
 10  -2   2 -23
-10   1  -8  17
 23 -21 -24  12
  9 -12  16  16
  0  13  18  15
  1 -14  20   6
  2  15  -8  -2
-21  20 -17  12
  9 -15   8  12
-20   7  16 -10
-12   7   6   2
-19 -17 -11 -11
 -4  21  -3  17
-19  19 -14  24
-22 -18  16   3
 21  12 -12  20
 19 -10  17 -20
 -5   9   3 -21
  3   9  23  23
 -6 -23 -23   6
 -5   7   6  -9
  6  22  12  11
-11 -21 -10 -23
 -2  13 -20 -23
  5 -17 -21  18
 16 -10  18 -17
 -6  10 -13  10
-24  16  -3   0
 18 -22   8 -10
 21  13  -6  24
 16  18   6  12
-11  -9   8  22
  3 -22 -22  -4
-13  -2  13   6
-18  19 -10 -15
 -3 -19 -22  -8
  6  21 -15 -20