 -4 -21  -4 -14
-23  -3  -2  -2
 13   5 -11 -10
-24   2 -18 -11
 18  11  20   9
-23 -18  22   1
-15  15 -21 -13
-19 -19 -13  19
  2 -12 -15  20
-12  19  21 -16
 16  23  -4 -21
 14  19 -24  15
-24 -17   3 -20
 -6 -11  14  24
  3  -5 -18  -5
 11   6 -24 -19
  7 -20   3  20
 17  16 -10  -4
  8  14   1  23
 21   2 -13 -15
 13 -19   4 -24
  6   1  11 -15
 -6 -24  -8  16
 24 -10 -23  11
-16  17   7   9
  4 -21  19 -12
-11  18  -1  11
-23  -1 -12  10
 19  -2   4  24
  3  18  11  18
 15 -19  19   9
 20  -3 -23 -20
 -8   0  20 -12
  9   6  17  17
-22 -11 -16 -21
 -5  14  14 -19
-24  24   9   0
-11 -13  15   0
-17  -6  15   0
-19  -7 -22 -18
-19  21 -13 -20
 16 -14  11 -10
 -9 -14  -4   9
-10  14  -4   0
-10   5  -2  10
  2  18  12   4
 24 -21  -6 -18
 24  -1 -22 -14
-22  17  20  -1
 -2  21  -5 -19
 12   3  20 -11
 12 -15  23 -14
 -6 -11 -13   3
 -8  11  -8 -17
 11  -8  -1   9
 10  -6   2  11
 23  12  19  19
 -6  -7  19  13
 12  -4 -16  -6
 14  -7  11  -2
 20  10  17 -17
-22  22  14  21
 23   0 -20  17
  4   8  -3  17
-23 -12   5 -22
 -1 -17  -7 -20
  5  24   4  11
  5  22 -11 -15
 15  10  -5 -21
-23 -11 -23   8
 -6 -19  -7   4
 -6  16 -17   7
 14 -24  11 -23
-13  -2 -23   7
 -1  13   4  10
 -3  20  23  20
 23  24  20 -23
 -4  23  -3   2
-10   5 -23  -3
 18 -13  -6   6
-13  11   6 -19
-14 -21  19  -6
-22  10   4   3
 12  23  22   3
-10 -18 -12 -21
 14 -10  15  19
-17 -12 -17 -10
-18   3  21  -6
 16  16  -1  20
-24 -12   0   1
-11 -13 -23  -1
  7 -22   8  -6
 12  19  -2  15
 20   5   9  17
 12 -14   5  16
 21  24  17  20
-19 -16   2  19
-12   2  12  18
 -1  13  -1 -14
-17  -2   9 -14
-22  -3 -13  18
 22  -8 -20  -3
  6  19  22  11
  9  19  -9 -18
  5  -2   7  20
  2  -9 -12  22
 -6  -8  20  12
 -8  17  -5  -4
 10   1 -17 -15
  6 -17  -4  -1
 23 -15 -23  16
 -4 -15 -20  -5
 -1   1   4 -11
 -1 -13  13  21
  0 -17  20   8
 17   0   1   8
 -8 -23  -5 -18
  7  -2   6   1
 21 -11  16  12
 -8  14 -13   5
 -2 -16 -19   6
  6  11   9   8
  7 -14 -22 -12
  4  -4  -7   0
 16   1  11 -15
 18 -12 -24  10
 17   1 -16  -4
 -9  23 -18  19
 17 -17  20  12
 14 -11  11   7
-16  -2   4 -16
-13   2  20  -4
-17 -16  20 -10
-14 -17  10 -24
-17  12   0  -7
 12 -11  -9 -20
-19 -18   4 -13
 -3   8  -5   2
-21  12  11 -12
 11   5   9 -18
-24  -4  -5   0
 -5   3  -1 -24
 12  10 -19 -24
-11 -15  13   9
 24  22   6   8
  5  18  -1  -2
-16  -2 -14  15
 14  -1  15   3
 23  20  -5  19
-15 -18 -17 -16
-16 -14  -8   6
 21   6 -10 -22
 13 -24   9  -6
 16 -14  -3  -1
 -9  12  -9   4
-17 -19 -22  -7
 17   2 -10   0
-13  23  11  22
 -8  -5  -9  -8
 -5 -22 -15  12
 -4   1   0 -14
-22   5   3   6
 -8  -5  -4  20
-11  15  -6 -21
 17  -5  -9  21
-19  12 -14 -15
 -5   5   9  13
-20  -9  -7   6
 21  14  23   8
-19   4  24  16
-10  16  14   1
-12 -23 -17   3
 10  22   5  -2
 -3  22 -19 -15
 -9  21  -7 -16
 -5   6  -1  19
  6 -14  14 -24
 14  -4  22  11
 23 -20   5 -12
 17   5  -8   6
  8  11 -15  23
  0 -20  17 -19
  0  -6 -14  12
-22   3 -14 -24
  5  11  11  10
 17  11  24  10
 -2   4   4  13
-12  -7   8  23
  6 -21  17   1
-13  -9  12 -24
 15   7  16  17
  6  11  -3  11
-18  -6 -21  18
-12  21 -17  23
 -8  20   1  -5
 -2  18 -10   2
 22   1 -16 -19
  4 -24   9   1
 -8  16  10   0
 15  19  -7  -5
  0 -22  20  -3
 -6  -7  19   3
  2 -24  -8  17
  3  -1  14  10
  8 -22  10  15
 24  12   9 -13
-11 -21  12  -7
-15   7 -13 -23
  0 -14   5  19
-19  21  24  23
  6 -17  15  -7
 -7   3 -11 -23
 22  -8  -9 -18
 20   1 -20  -1
 19  -7  15   3
  4  18 -24   3
 -5   7  13   9
-18  10  -5  20
-22 -16 -22 -16
-10 -14  -9 -23
 24 -11   1   5
 18  -1   2  20
 -2  22   4   1
  3  11  -7 -24
  9 -17  -6  12
 20 -12  12 -23
-18   9  -8  -7
 14  -7  -3  13
-21 -18  18  16
 21  -3 -19 -22
-19 -16  17 -10
 -1  20   2 -18
-14 -19  13  21
-18  -7   6 -15
 17  -2   3  17
  4 -15  18   6
  7   4  19  16
 -3 -22   8   4
 18  22  19  23
 -4  17  -9  22
  7   1 -20  13
 16 -23  15   1
-21  12 -21  15
-18  10 -24  17
  6  21   7  -9
-23 -14   1   1
  2  16  -8   3
-20   7  10   2
 -2   7 -18  24
 21  14 -14   4
  8   9  18 -14
 11   2 -22 -16
 15 -17 -10  19
 -2  12   6  23
 17  -2  14 -21
  0   0  20  -9
 20  23  18  -2
 -7 -19   0  23
 -2  21  -4 -14
  4 -20 -20 -18
 15   4  15  -2
 11   9  22   1
  6   5  -5 -24
-19  -3 -11 -17
 18 -13   5 -17
  0 -15  13   3
-11  19 -15 -20
-10   2  23  -4
 16 -21  -7  -6
-21  17  -7  -6
 -2  13   2 -21
 -9   7  12  -6
 17 -21 -19   5
-22  23  -6 -19
-10 -22 -18 -17
  8 -22 -20  11
  9 -11  24   1
 18 -24 -12 -17
 16  18 -20  24
 21 -23 -17  23
  9  -1   5 -20
 -8  11 -12  -3
 20  12  13  22
-19  18  10  -3
-24 -21  24  -2
-12   8   3   7
 -6  23 -17  -4
 11  -1  16  19
-10   5 -23 -18
-18  -2 -14  -5
 -3  22  19   4
-12  19  -7 -11
 14   7   7  19
 -6  -4 -13  14
  2   2   1  23
-21 -22 -20 -12
-23  23  16   6
  0   2  -7  24
 -4   8 -15   5
-13   6 -22   7
 15   4  -1   4
-16  -9  -5   3
 -1 -10   9 -20
 -6  23   3 -17
 24   8  13  -8
-24  -7  -4 -17
 -1  12  23 -24
 -8  23 -24  14
 -5 -24   8  14
 -3 -20  21 -23
-10  11  15 -22
  1  24  -6  -3
 -3  18 -15 -19
 -1 -15 -17  14
-13 -14  10   8
-21  -1  21  24
-16  -1  24  24
 -5  20 -20  10
  2 -19  -7 -20
  7 -17 -20 -23
  0 -24  -7 -21
 -8  16  20  -5
  9  -6  -1   9
 -5  20 -11 -16
-21  -7  17   6
 22  24   2  12
 10   4  21  24
 16  -7  23  -9
  6  15  -1   3
 -2  15 -12 -24
  5  15  23  24
 12 -18 -10  16
-17 -12  17  17
 19  22 -22 -10
 -7 -20  17  -3
-11  12  11   6
 -6   6  -6 -14
  2   8  -6  10
 10 -10 -22  12
-20  20   3  16
-20 -11  16  24
 -5   4 -17  20
-20 -19  -7  17
  8 -15  16  -6
 18  16 -14 -14
-13  10  -2  -9
  4  18 -14   3
 20  10   8  -4
-11  14 -14   7
 -7  18  14   0
 -3  12 -17  22
-24 -24   1 -13
-11  -2  12 -17
 18  12   6 -17
 -1 -18  -4   9
  2 -24  24 -22
 19  -5 -12  -4
-24 -20  -9  -6
 21  13 -24   7
-24 -20  -9   3
 12   5  13   6
 21 -22  22  -3
 -7 -13 -22  13
 -8  16  20 -20
 -7  -7  17  21
  5  -8  13 -16
-16   1 -21  22
 -6  22  -3  21
-16   4 -21 -20
-20 -16  24 -16
-15  18 -23   5
-22 -18  16 -18
  0  23  -2   3
-14  -1   7  15
  5  -7   1  -8
 21   7  -1 -13
 19   8  23  11
 22 -17  19 -11
  9 -14 -10 -14
-19 -12  -1 -19
 17  -8  15  12
-18 -24 -10 -20
-23   9 -17 -14
 12   7 -17  24
  1 -24  -3 -24
-13  14 -12  12
  6   7   9 -11
 24 -22   7 -12
-20 -16  12   0
-13  11 -23   7
 22   6  -4   2
-16 -10  -7   8
-11   7  -4  22
 24   5  21 -18
 13  24 -19  20
 11  22  10   3
  7  15 -22  13
-22  -9  -6 -10
  8 -19  -8 -15
 21   8  -5   0
 11 -11  -1   7
 -3 -23  16 -13
 -8   7 -17  12
-21  -6  20   8
-21   6  -5   1
 -8  -5   2 -21
-12 -14  23   2
 20  -7  -7 -17
  1   1 -19  12
  2   1  15  -6
 18  24   8  13
-23 -21  -1   6
 14 -22   5  20
  3  -7  13  12
 16  -9 -16  -8
-24 -19 -23  14
  5 -23  15   6
 13  -1 -11  -3
 -6   2 -15   0
 11  12   7   4
-20  -9  12   5
 -7  22  -5  12
-10 -11  11   6
 24 -24  10 -20
 24   3  17 -21
-11  19  15  -7
-12  -6 -15  10
 20  13 -24   0
 -6 -10   2  24
 18   7   5   0
 -3 -10   5   4
-22 -15   8   2
 -2  -4  -6  -2
 19   0  -1 -11
 24   0  24  13
  9   9  18  19
  7 -21   8 -16
 18  16  15  -2
 22  23  -2 -16
  0  21  -5   1
 22  17  15 -16
 -9  14 -24  -3
 19  -1  23  23
 14  16  -7  -2
-10 -22   1  14
-20   9  -9 -23
-11   2  16  22
 -8 -14  23 -10
 -2  20 -13  22
 -2 -17  -4   8
 -3 -16 -20  16
-17 -10 -20  12
 10  -3 -17  -2
 13   3   1  -6
-24  -5  23   7
  3  19  -6   1
 -4 -18 -13  20
 -9  -7  15  -1
 18  23  15  -2
-23  17 -23   2
-12 -17  13  20
-18 -23  23   4
 -7 -13  15  20
-24   2   7 -22
 14 -21 -22 -20
 -2 -20 -19 -22
 16  24 -13   3
 -7  11  -7   2
 11   4   6  -4
 16   3  -7   3
-11 -23   0 -22
  5 -18  -1  -9
-22  23  15   2
-21  15 -17  -6
 13 -19 -21 -10
 -8 -10  -7  -5
  3   9   3  13
-12   0 -21 -12
 22  -2 -11 -15
  4   5   2 -17
-19 -14   2 -19
-15 -15  -2   8
-20 -21   7   2
-22   8 -14  -4
  3 -19 -13  22
 -8 -22  17   5
 -7  -8 -15 -15
  3   0  -3  16
  6 -16 -19  20
 -2 -24   5  16
-23  -5  -4  20
-23  13  -7  10
 10  22  -9  10
 11  -5 -12  16
 -2  10  13 -20
-10  11  11  14
  6   5  -5 -14
  5   3 -15  -8
 -3   5 -14   6
-14  17   7  -2
  6  -9  -3  19
-19  15  -1  23
-19   4  13 -23
 22   1  -7 -21
  0 -24 -19  16
-20  10   0 -22
-19  16 -21 -17
 15 -24  -5  24
 14 -12  -8  15
 -6  10  -8 -15
  2  24 -11  13
 21 -20  14  16