  8  18  11   1
 17  -3 -14  14
 20  20  16 -17
  4   8  11  22
-16   7   3  -9
 -2  13  12  15
 17 -22  -8  11
-18  -1  -2  21
 15  11  24   1
  9   1 -11 -16
 -5 -16  13 -14
  2   0   0   8
-15  13  -9  -9
 17  -5  -8 -16
-19  -5 -16  24
 13   8   5  24
 -6 -12  20   6
 -6  19  10  12
 -5 -14  -5 -14
-13   9   3  -7
-19  -9   3  18
-24   3  17  -6
  2  16  -8  22
-12 -12 -19  12
 18  -4  18   3
-24 -20  18  -7
-20  -3   3  14
 20  19   3 -10
  2   4  -7   9
 -2   9 -13  -5
 17   1  -5  15
 11 -12  12  22
-20 -19  -6 -21
  5  10   2  -5
-15   5   7  18
 21  -6 -16 -18
-23  18 -15   5
 19 -17  -9  -4
 23   1  13 -24
  3  10   5 -15
  6 -24  -8  10
-16  20  -5  11
 -4  -6  15 -24
-21  -3 -11 -19
 -9 -15  -9 -17
 -8 -19 -12  -8
  1  24  -2  10
-21  -2  -1 -23
 17   0  -7 -20
-15  -8 -11  14
 23  -8   5  10
-17 -24  14  23
 11 -23  14   0
  5 -15   6  19
 -1 -20  23   0
-22  -9   3 -13
 -8   1 -11 -22
 11  20   4  19
  8  13  -7  19
 15  15  16  17
 16  15  15 -13
  3  20 -22  -7
  5  14  -3 -23
 19   0  14  -3
  0   0   4   5
  4 -22 -11 -20
 11  -7  21 -19
 16  -9   4  16
 10  10 -15  17
 14  11 -22  -3
-19  16  20 -22
-11  -7 -10 -22
 -1 -19  -5  13
  7  17   9 -12
 -6 -24  22 -15
  1   8  24 -17
 -4 -22  16 -17
  6 -10 -14 -17
 22 -22  13 -21
 -6  16  21  -2
 -8 -21  -9   4
  2  13 -22  17
 -2 -12 -19   7
-10  11  22  -2
  7  15 -12 -14
 -8 -24  -4   6
-20 -17 -15 -12
  0 -21  16 -14
  3  20  -2  18
-20  17  -6   4
-16  -4  16   3
  5   6  17 -23
-22 -12 -13  10
 12  -3  12  -1
-20  18  11 -13
-11  -5  24  -8
-24   4  10  -9
  7  18   7  16
 -6  -3   2 -21
  6  23 -19 -21
 -4   6  -6  -4
 20 -22   2  -9
  3  -2   5  -4
-15  -4 -21  11
-11  -1  18  17
 -8  -1 -18  15
  1   8  -2  -6
 11  15 -20 -16
  5 -18  20  10
 19 -11  11 -16
 -8  -2  19  -8
 14   2  -3 -20
 10   6  -9   0
-22   0 -21 -16
-18  24 -14 -21
 22  -8   3   6
-17  10 -18 -11
 -1   7  -3  -8
 -5   2  14 -24
-16  17   4  -7
-14 -11  -5  -4
-15  -4 -20  -6
 14   1  -5 -22
 23  -3 -20 -11
  9   1  13  -6
 15  -9   1   0
 -9 -15  18  16
 11   8  -1   5
  3 -17  -4  24
  9 -13 -15  18
 -3 -19   2   9
-18   9  20 -19
-10 -13  10 -24
  6  14  11  -2
 15  -1  19 -20
 -5  -6  -7 -20
  9  13   4 -12
 -7   6   4  16
  7  -5   9  12
-13  14  17  21
-23   2  20 -19
 10  -4   6 -16
  8   3  11 -17
  5  15  19 -16
-21 -16 -19  22
 23 -21   8  11
 13  -9  11  22
-24  -5  10 -16
-17   7   7 -17
 23  22 -16 -22
-18  12  -3  -3
-22 -16 -24 -19
 24  20  -5  -2
 14 -22 -16 -16
  8 -23 -22  24
 24   7  -1  13
  7  18  -4  14
 -5 -10 -23  13
 -6   6  21 -24
 -5   4  16  21
  9 -19 -17   3
 15   7  -3   9
-17  -1  18  24
 12 -13 -10 -22
  1 -23  12  -2
 17  23 -15  -5
  4   4 -22  16
-16 -16 -16  14
-22 -14 -16 -15
 -4   9   6   1
  2 -12   8  14
  5  12  11  13
 12  13 -18  -9
-22  -7  20  18
 10  18  -6 -18
-23  12  -3  21
  7   6  -1 -24
-13  14   3 -12
-18  22  -8 -21
  4  -4  -6  22
 24 -17 -21  -1
 19 -18  15  -9
 21 -16   8  -3
 -8 -16 -13  -2
-16  -6  -6 -15
  8 -10 -17  -9
-23  14 -13  22
 11  20  16 -19
-24   8   3  20
  7  -6   7 -22
 19  11 -21   6
 13  -2  -1  12
 -1  12   1   7
 10  22  16 -13
-23 -22  22  20
  5  -7   5  18
-22 -22   6 -13
  9 -22 -22 -23
 20  23 -23  -7
 18   2   1  22
  0 -22   3 -24
 16   7 -24   3
-15 -14 -10 -10
  9  -4  -7   1
-15   7 -24  17
 -7   9  -8  11
 -3   0 -16  11
 -6 -11 -13 -23
 -8   7 -10  20
 -5  18 -18  14
 17 -19  22  24
 -2  -3  22 -14
-16 -16  -4  14
  4 -12  14 -13
-20  -4  -4  -5
 -7   3   4 -19
-18  -4 -14   2
  9  16 -20  15
 14 -15 -19   7
  0  18 -18  -5
 -5   9  -7   5
 -5 -19  24   0
-17   4 -22 -14
  7 -10 -11 -23
-24   3  18   8
  8   8 -21   2
  0   2   2   6
-14  16  18  16
 -6   7  21 -21
 11  -4 -22   8
-11   2 -13  24
 15  17  21   9
-23  -9  20  18
  9 -22  -3  18
  4  21 -18  -1
 -5 -17  12  -1
 -1  -6  22  -4
 20  18   3  22
 23  24  -9   0
  7  24  16  20
-18  -7  21  -1
-10  21   2   8
  6  14  -7  17
 15  13  -7  -6
 -9  -8  -4 -18
 22  19 -19  16
  1  -2 -24   1
 -8   7 -10  -3
 -3   9  -2   9
 12   7  10  -5
  5  18 -22   1
  5   3 -15  19
-23  -8 -13 -10
 -1  -9  -5   3
-11   2  12 -22
  9  -3  -5 -23
 11 -13   4 -15
-23   3  18 -22
  4  -7 -19  17
 20 -17 -19   8
 18 -12   5  12
 -7  -9   7  13
  8 -11 -13 -17
-21   0  18   2
 18  17  -3   4
 22   5 -20 -23
 -3  -8 -17 -14
-17   7  12 -13
-12  -6   0   0
 19  -5   8  14
-24  -9  11  -2
 -2  13 -20  -8
-17 -23 -12   0
-12 -17   8  21
-15  -4 -21  17
  8  -7 -13  -5
 20 -24  -9  13
 -1 -18  22  14
  3 -24   2 -20
  0  20   5   3
 -5  15  20  -6
 17  -7  11 -21
-18  12  19  10
 -1  19  -1  -1
-15  16  -5 -21
-16 -23   8 -14
-16  -9 -13 -19
-17  15  11  -7
-12  20 -12  20
 15 -18  -5 -17
 14  15 -13  22
 -2  -4 -12  -1
-10 -22  23 -22
  5  23  11   0
  8 -17  17   4
 -6 -13 -19   5
  9   0  12 -19
 23 -11  11  16
 15 -16  20  13
 -5 -10 -17  -9
 11  16  20  16
 14 -12 -17  18
 13  20 -19   8
-23  -2 -11 -21
 12   6   4  -8
 19  21 -18 -16
 15   0   4  18
-22  -6  15  -3
  2   6 -10  17
 22  14 -24 -17
 20  10 -22  12
-14  17  13  11
-16   8  -4 -15
  4   0  13 -10
-11 -15  -4  20
  7  21   4   7
 14 -18  -7 -19
 -3  -5  18  -1
 14  -3 -17 -24
 24  -7   8  -5
-17  -4  21  21
-18  22 -22  13
-24  13 -21  -7
  3  -4  20 -17
 11   0   5  16
  5  13  13   0
  0 -12  -5 -16
-10  18  18 -17
-12 -22   3  15
 16  -7 -13   7
 -6  21   5  10
-10  -3 -14  -7
-19 -19 -24 -23
 20   1  23  -5
 13 -11  -2 -21
 20 -22 -15  -8
-19 -16   0  17
 14  10  -1   0
 20  11  14 -10
 -7 -18 -24   5
-11   2   7  11
  7  -5  11 -16
 -3 -10   6 -10
 12  18  11   9
  3 -22   5 -21
 16  24  14 -11
  5 -22  -5  21
  5   0 -14  16
-18 -24  -1  13
-21 -17 -22  -1
 -5 -11   0   3
  4  20  18  15
 22 -10  -4 -12
-24  15  10  17
-11   1   0   4
-12   2 -10  -1
-15   7  15 -13
  3   5  -1  -3
-12  18   1  18
  4  16  -5 -19
 13  17  18 -12
 -9  19  -8   6
-16  -2 -21  -7
  2   2  -4 -24
  9 -20  10  18
 22  15  -4  -6
  3  -2  20 -16
  4  12 -22   8
  7  10 -10  15
 12  -2  19 -19
  8 -13 -14   5
  2  19  15 -15
 11 -20   3   4
-17 -23  -1  14
-12  12  -2   8
-16  14 -10  23
 24  -4 -17   5
  8  11 -19  15
  8 -10 -15  -4
  5  -6  24 -22
  1  -1  -7   0
 17 -16 -22  14
  8 -12  15 -23
  9 -12  -8  13
 -8  11  -6  14
  8  -5 -14  17
  4  -1 -11  12
-11  -5  14  -8
 -6  -6  10  -5
  8 -21   8 -11
-24  11   2 -12
 -6   1 -17  14
 10  -5  20  16
-24   0 -23  23
  5  -8  -1  21
 18   8 -12 -15
 11  23 -14 -20
-17   0 -19   5
 10   8  10  16
 19  19  10   2
 15  24 -17 -18
 21  18 -21   3
-22  13  -7 -16
 -6  23  -9 -19
-18   9  21  21
 -2  23   7  23
 14  16  24   9
  7  22  16   2
 18 -23  -8   4
 10   3   8  -4
-10  20   9  -2
-16 -17   0 -17
-18 -24  -7 -10
 19   3   4  -5
  9  17  -4   6
 17  20 -22  23
-18 -20 -22 -22
-14 -17  -6  15
  6  -2  13  14
 -8 -12 -18 -10
 -4 -16 -20   8
-22 -21 -10 -20
-15  17  10 -24
  4 -20  -9  -4
  2   9  -8 -24
  3  -1  18 -18
-21  13   5  20
 13   6  -2  23
-17  19 -19  21
 20 -16   0 -17
-19 -13  21   2
-16 -24  16 -22
 -4   5  -5 -15
 14  -2  -6  10
 14  11  21  21
  0  13  10 -12
  5   3 -12   1
 16 -12  14  19
 -2  20   8  -7
-13  -4 -20  -4
 19 -16 -14 -24
  7  -5   0  19
-17  -2 -24  24
-17  24  -5 -14
 -1  18 -21  11
 23 -12 -19  10
  7 -12   1   8
 -3 -21  24   5
-20 -20 -10  -9
 17   8  -5 -12
 24  24  23   6
-18  -5  17 -23
-14  16   9 -17
 16   2 -20  14
 17 -18 -12   5
-18 -20  -8 -19
  0  12 -22  15
 13   0  24   8
 15  -2 -11  -4
 14  22 -19 -21
 13  -5 -21 -17
 -5  -9  -4  -8
 10 -14 -24   0
  8   6  20  17
-19   1  12 -13
-15   3 -19 -24
-19  -1  10 -22
  1  22  -3  15
  7 -13 -20  15
  4  22  -2  23
 11 -18  14 -24
-11  19  21   3
-18   0  12   2
 21 -24   6 -10
  8 -20  17  13
-23 -18 -19   2
 12   0   0  20
  6  21   3  23
 13 -12 -23  23
-14 -20 -19 -17
 12   6  -4   4
-24 -24 -12  -1
 21   9   9   3
-20 -11  -4 -21
  8  -7   3 -22
-21  -1 -14  -5
 19 -13  22  21
  0   3 -15  14
-21 -14 -16  24
  7  -2   5  -1
-19  13  21   5
  7  22  -5  14
 12 -14  -3  20
  7 -12   7  -2
 15  20  14 -23
-20  22   0  16
 24 -17 -17   5
 15  -3  11 -14
-16 -20 -15  -5
-16  20 -20  -7
 21  -6   8 -14
 18  16   9  15
-13 -24 -20   5
 11 -11  -2  12
-12  21 -22   4
-17  12 -10  -4
 -4  19   6   1
 -9 -19   2  15
 -2 -21  -7  -8
-20  -6 -14  11
  9 -11 -18  -4
 20  -4  -6  -4