 24  12 -10  -9
 -9  -8  -7   8
 -3   2  -8  21
-16  16  22  -2
 -5 -22  17   3
 18 -24 -21  19
 24 -21   5  14
 13  22  17  -3
 -9  -1  -2 -19
  1  -8 -22  -8
 11  24  15  20
 10 -19 -17 -17
 23  17 -15 -12
  8 -17 -15  10
 16  -7 -12 -14
 18 -16 -22  23
-12   8  -8   8
-14 -22 -18  -5
-23  -3  11 -22
-11  18 -21 -21
 -3 -11  12   6
  4  12   3  -4
-11  16   2   7
-18   3  11  13
-15  -3  -3  13
-12 -16  -5 -16
 21  23 -14  -6
-18  14   8 -10
-22  21  11  22
 -9 -11  10 -11
 -3 -20 -16  17
 -7 -21  13  -8
-10  -9  -2  -9
 24 -11  -1   5
 19  23   5 -11
  3 -15  12 -19
 16  23  21  -4
 -7 -16 -16  12
 22  -7 -13   9
 24  10   1   1
 16 -19  10 -18
-13   3 -12  -4
-18  -8  16  19
 22 -16  15   4
 -6  -2  24  21
-15  -7 -18   2
-17 -22  -6  15
-19  22  12  -5
 16 -11   3 -16
  1 -12  -5   2
 21 -11 -18 -24
 -5 -19 -17   2
  0  21 -14  20
 -5  12  -3 -18
-15  18 -24  24
 16  24 -10 -19
 -8  12  20  -5
-20   7   5 -15
 -8   3 -19  18
 19  21 -16  14
 -3  15  11  -3
 18 -15   5  23
 -1  21   6  -8
 -7   2 -23 -15
  4   4  -5   2
-12 -14  -1  -7
-14 -15   4   5
  6   6 -18 -23
 12  22  14  -5
 22  19  -3  -1
-16  21 -20  -9
-10 -12  14   8
  6  -7 -14 -15
-19  22  16   5
 21   7 -24   6
 20 -22 -23 -13
  2 -20  10  24
  5  24  -5  -5
 22   9  -6  10
  7  22 -18  17
 12 -15  -4 -18
-18 -15  -1 -14
  1 -14  14   2
 -6   8 -23 -11
-22 -22  24  14
-10  -9  16   4
 10 -21  21  24
  0  14  -6  14
 19  23   3  13
 -4  -4  -5 -19
 15  22  -4  -4
 23  -2  -9  10
  3  -5 -23  18
 22  20  -2 -24
 12  17 -21  -5
  5 -24 -11  24
 17   8 -12 -12
 20   2 -10  13
-11  19 -19   7
-13  13 -11  -7
 -4  20 -19  -1
 -1   8   3   1
-20  18  15  -9
 19  10 -14 -17
  8   1  13  22
 -4   3  16  24
-23   4 -12  19
-16 -23 -21   6
-10   0  20   1
  7   8 -14  -9
 11  19  -3  16
-18   6 -12   7
 -3  -4   3  -8
-13  -3 -11  17
 -5  12 -24 -21
 -1   5  11  21
 21   1 -12  -1
 -6  -7   1  13
 20  13 -10  20
 23  -2   8  -8
 -4  21   8   9
 10  -2  10 -23
-23   2   6   0
 -9  14 -15  -6
 11   2  20  11
 22  -8   2  -6
-15   0 -22 -23
  7  12 -24   2
  2 -20   9  17
 12 -16   1 -22
  0  14 -14 -24
-22 -17 -13  -9
 17  16  -2  -5
  5  23  -4  15
 16  -3 -24  21
  2  11  16   6
  8 -12  13 -14
 14  17  -9   1
-11   7 -18  -5
  1 -23   8  11
 16   9  -5  -7
  6  15  -7   6
  3 -22  13  -4
  2 -14  10 -14
 15 -10  16 -24
 21   8  -5  23
-16  17 -20 -24
 -2  12   2   8
-14  -7 -14  19
-15 -21  12   1
  5 -12  12  14
-13   1 -13  10
 22  24  19  20
  0  21  15  23
 -4  -5  -2  17
 -5  22   9  19
-12  20  -6  12
  3  -5  -4 -16
 21  10  24  23
 13   2  19   6
-14  -1  17  10
  2 -16 -15  11
-23  -5   1  24
 13   8  -1  -9
-14   6   9 -15
 19 -16  20  19
 -8   6  24 -20
 -1 -22 -17 -24
-15 -12 -15   5
 20 -23 -13   7
  1 -11 -11   0
 19  17  -9  -2
 21 -15 -16   0
-22  -8  -8   7
 17   7  -9   3
 -5  21  -6 -13
  8  -3  10  14
-19  13 -16 -18
-11 -10   7  19
  9  -6   6 -14
-17  15  24   6
 14 -20 -10  21
 17  22   9  -1
 23   4 -20  22
 12   9 -23  14
  9  18  -8 -13
 11  -3  -6  -7
 13  21 -20 -11
 10   7  -7 -12
 -8 -12  -5  19
 17  16  -8  15
 22   2   8  14
  5  21  -6 -22
 -3 -24 -17   7
  2   7 -11 -15
 13  24  19   8
 11 -21  -6 -10
 -3   6 -13  -3
 20  24 -22 -20
-18 -20   9  -4
 -2  -3 -20  -1
 14   3 -21 -21
-20  -9 -20  24
 10 -15 -12   5
-18 -18 -22   7
-14 -14 -12  -5
 -2  17  -5  18
-21  -9  -9  14
 -5   6   9  -5
 20 -18   5   9
 16  -9 -21  13
 -5  17  10 -11
 24   8 -14  -2
-13  21  -8  20
 23   8 -19   5
-10   2  19  21
 -2 -10  22  12
-16   2 -22  19
  9  18  -9 -10
 -7   0  -4 -11
  9  14 -10  -3
 -7 -14  20 -14
  8  14  24  15
 -4   1  23  24
-19   4 -13  -4
 22   7 -14  -5
 24 -12  10  -6
  2  22 -10   1
  6 -15   1  15
  6 -19  15  17
-18 -23  17  11
 16  -3  18  19
-15   6  11  24
-21 -17 -17 -10
-14 -20  19  -7
 11   4   1  24
 -2  24 -16  -9
-20  -2   4 -23
-18  21  11 -24
  1 -13 -19  10
-23 -22   8  22
 -6   9   9   9
  2   9 -21  -2
-17 -22   8   2
 -1  11   2  -9
 -2 -19 -14 -19
 -4  -8  -1  19
-21  -2 -17  -6
  7  -1   5 -13
 -7  16 -10  24
  7 -10 -15  23
  6 -10   8   0
 20  12   9   3
 23 -11  17  -1
-23 -23 -14 -16
-17 -18 -20  10
 -6  14  11 -11
 -5 -14   3 -19
 -4 -23  -3   4
-23  -7 -15 -20
-15   2   3  -4
 19   1  17   6
  8   8  11 -22
-12 -18 -10  -6
 11 -18  11  22
 23  16  18  -8
 18 -10   2 -24
 -1  20   3  16
 11  -2 -11 -22
-23  22 -24  14
 -4   4  -8 -16
 12  19  -2   4
-20 -14 -22  -9
  3  14 -20 -20
-24  17  23 -22
  1  11   3 -22
 -1 -16  13 -17
  6  16 -10 -23
-12  20 -11   0
 -2 -15  -7 -22
  2   8  24 -24
 23  18 -23  16
  2 -23 -12 -11
  6  -3  18  -8
 20 -17  20 -23
  2  13   7  10
 17 -22  14  -2
  4 -19  -2   7
 -4 -18 -16 -14
 -8   0 -13  -9
-16  -7 -17  21
-21   2 -16 -22
 -3 -12  21   6
-11   6  -9  -7
  2  15 -14   4
 18 -13  -3   3
 19 -15  16 -16
 13 -13 -18  23
 -3  -9  12 -13
  6  21  -9  -5
-17   5 -22 -12
  7 -16   9 -13
 15  11  -7  20
 22   5  13  -1
  0   0  -6  -8
-15 -23 -12  -9
-13  24   9 -20
-15 -24  19 -10
  6   0 -17  21
 -8  24  14   3
-10  14  -8   4
 -5   3  16 -18
 -7 -22  24  20
  4  -7  21 -16
  8 -10  16  11
 14  21  -3  -4
 24 -20  -4 -21
-13 -15  -6  17
  8  15  19  -3
-19  -4  19 -15
  6   4   0 -11
 14  17 -12  12
 19  11  12  -1
  1   7 -14 -24
-22  19   0  -1
 10   0   8  19
-14 -13   7   1
 15  13  13  -1
  9 -17  21 -22
 -8   9 -16   1
 -5  14  18 -10
-22  -2  -6  15
-17  24  13   0
 -4   1  19  23
 17  -8  19 -13
 17 -14  17  20
 23  20   0  -7
 -6  18  20 -11
-12  -7  15  20
 20  12  -9   8
-19  20   0 -18
 13 -21 -13 -11
 21 -18  16  -3
 15  12 -11  14
-16  16  18 -21
 -7  19 -17 -22
-11 -15  -8   4
 -4  20  -5 -15
-21  -1  -9  16
-16 -11 -14  18
-18  -7 -12   9
 24  -6   5  19
 -2 -15   7 -13
-16  16  -6 -12
 16 -15  -9   0
 17  -6  20  -3
 -6 -12   3   2
 -6  24 -15   4
 15 -14 -24  11
-23 -21  -6 -20
 20  24  11   5
  8  -3  16  21
 13  15 -11  15
 -3   0  22  -3
 23  20   9 -21
  7  -6  -9 -15
-10  19 -18   2
 -1   0   5  17
 -1  23   1  17
 22 -16  17 -10
-15  19  13 -20
 -3   2  -5   2
 22  -1  10 -19
 -9   2   9   9
 14  14 -16 -20
  0  17   0   8
 14  -5   0  -8
 17   3   3  15
-11 -13  -9   1
-17  -5 -10   8
 18 -18  -5  13
 22 -21 -12  20
 10   6  19  18
  3  20 -12   2
 20  10 -21 -16
 24   1  -5 -21
  9 -11   3 -15
-22 -20 -20 -23
-17   7 -23   7
 -4 -11   7  16
 20 -14  -8 -10
 14  17  -8 -19
  3  21  24 -15
  0 -23  18  10
 20  17 -10 -17
 20  -9   0  13
 -7  12  20  21
  2 -17 -24 -17
-15 -12 -11 -17
  0   8 -13 -16
 10   8 -21 -20
 18  -6   1 -17
 17  14 -21   2
-21 -22 -13  14
 21 -23 -12 -21
 22  -6 -18  17
 17  -9 -23  20
 10 -12   5   2
  2  17   7  -1
  6  15   2   1
 12 -20   8 -23
 -6 -17  23  17
-24   6 -11  14
 -3  -4  -4  23
  2 -19  12  -8
 18   4  24  -4
 -5   6  22  -5
 -5  10 -19 -14
-15  13  11  15
  1 -16  -5 -10
  9  -7   5 -17
 -9  18  10   6
 22  10   5 -10
-14  17  19 -22
-11  -1  11 -20
  2  12  17 -22
 15  -6   0 -19
-23   3 -14  18
 22  20  17  12
-22 -16  -6  18
-15  19  -4 -21
 16  13   1  -5
 13 -16 -14 -12
 -2  14 -22  -9
  4 -22   4   2
 13   7  11  18
 24  23  -7   9
-20   2   0  18
-16   2   6   4
 13  19   4  -6
 -9  -7   8  17
 -2  -1  14 -11
 15  10  22 -21
 18  -1 -12  24
  1  -8   1   1
 15  12  -5  16
 21 -14  16 -24
  2 -13 -18   9
 12  -9   3 -15
 20 -13   9 -17
  4  24  14  18
 18 -10  -9  -4
 -9 -12  10 -10
 -5  -4  16 -19
 15  13  -9  15
 12   7  -9  23
-24  21  -6  17
-18 -12   1 -11
 22  19  23  -4
 -2  20  -4 -13
-18   5 -23  14
  0  19  10  -5
 13  12  13  24
-10  11   1  -1
 21 -18  22  21
-10  -3   0 -14
 -8  13  -4   1
 -7 -18 -11 -17
-10  17   8 -13
 -8  -8  14   0
 11 -18  12 -11
-10  15  12   0
-10  21 -22  19
 -7 -23   0  19
  0 -20 -15 -17
-23  -2 -17   3
 10  15 -11  10
 17   7 -11  -3
 -9  -6   8  12
-10 -13 -20 -20
 -5 -16 -23  14
-10  24 -14 -21
-17 -19  -3  18
-14  -2 -14   7
 -7  23  13   0
 24  21 -14  24
 -4 -10 -12  17
 13 -19   6   5
 14   8   3  16
  2   7   9 -22
 -8  21  20 -14
 -8 -21 -11   9
  5  12 -16 -13
-15 -20   8  15
-14  23  23  -8
 12  22  17  11
 17   4 -17   3
 15  11   1  23
  6   4 -23 -22
 -6  -1   7  -4
 16  19  16  15
-15  12  16  19
 -2 -17 -23 -21
 19  13  -1   6
  2   4 -20   0
 -7   4 -24 -17
 -3 -21  24  -8
 18 -24  -7 -18
  3   2 -20  21
-21  13  -5   3
 -4  18  20  -1
 13   0 -14  -4