-13  20 -19  -6
 16 -24  -3   5
 -9  11 -16   6
-23  12  -7  21
 21  -4 -12 -10
  1 -23   3   6
 -6  15  13  -9
  7  -3  -3  11
-20 -12 -20 -20
  2  11 -21  15
-24   2  18  15
 -3  -6  10  14
 -8  17 -21   4
 19  -8  10 -19
-24 -21 -13 -12
  4   3   2   5
 13   3  11  -6
 -3 -24   3 -23
 10  22  21   6
-11  -2 -22 -24
-17  -1  19   0
-20   7  13   4
-19 -23   5  -1
-14  -2 -17 -16
 -9 -20 -20  17
 14 -13 -15 -13
  1  -8 -15 -16
-12   7  14 -16
 24 -15   4  -7
  6  -9  19   9
  7 -19  11  -8
-11  -1  -3 -22
-19   3  18 -17
 -1  11  10 -15
-17 -24   2  15
 17  10  20 -10
-18  23  18 -10
-17  23   2 -12
 12  -5  23 -13
-19  12 -15 -12
 -3  20  20  20
 -2 -19  -4  -9
  8  12 -14 -22
 15 -20  -4 -15
  3  19 -12  11
 -4  -1  -2 -14
-18  -1  -8   9
 -1  -5 -19  18
 -2 -14 -20 -16
  3  18   1 -21
 21 -18   6  -8
  4   3   3   7
  6   1 -24  23
-11  11  12 -12
 10 -21  19  -5
 13  24  16   6
 15 -13   7  10
 -5  -8  18   7
 16   1 -19   8
-24  10  12   9
 13 -15 -21 -21
  5 -18   2  24
 13  15  12  21
  8  11 -17   1
 18  16 -13  20
-18 -12  16  -1
 11  -4 -13  -2
 10  -4  19 -11
-24 -16   0  -7
-23  22  -4  21
  5 -22 -20 -20
 12  17 -18 -21
-15 -24   0  -9
 13  10   7   8
 12 -19  21  -6
  1  20 -16  11
-11 -11 -19   1
-12 -22  -1  12
  2 -18 -23   2
  7  16  -5   1
 -9  -4   9 -21
-16  22  13 -16
-14 -16 -15  18
-23 -24  17  24
-22   3   2  19
 -6  -4  -9  -7
 20  -3  19 -16
 14   1  -9 -10
-16   3  17  16
 -9 -22   2  11
  7 -19 -24   1
-11  13 -18 -22
-20   2  11   4
  4  16 -12 -15
 -1  24 -19  20
-20   3  -1  -5
-23   4   1   0
 -2 -21  -1  15
 -5  11 -20  13
-10  -5  17 -15
 -6  23 -21  15
  1  22 -24 -10
-24 -24  14  16
 -4   0 -22 -12
 11   9 -18 -21
 20  17   9 -16
 11  -6  20  17
-13   1  -9   6
 -6  10 -17  -1
 18  18  15  10
 24  -3 -20 -15
-11 -23 -12  12
 17  -2   8 -24
 -4   8  23   3
-10  12 -11  -1
 14  16 -18  -4
-12 -19   3  23
-12  24  24   1
-14  -9 -15  12
-13  22   1  21
 18  -4   3  -1
  4  -4 -10   7
 24  17   9  -1
 24   1  21  21
-11 -16  24 -20
-12  -3  -5 -12
-17  20  23  18
  1  20  -6  11
  2   8   9  16
  2   7 -14 -12
 -7   5   6  13
-16  10  11 -14
 15   8  -2  11
  1 -15 -19  15
 21 -13  19  11
-22   2 -21 -19
 24 -12 -24 -19
 19 -22  -4   1
  8 -24   3  13
  3   2  20 -10
 21 -10 -21   8
  1  21  -7  22
 12   8   6 -21
-12  17  -4  17
  8   5  -1   8
  8  20   4   2
-16 -13  22   1
 17   5  -6 -24
 -7   0  24 -17
-21  -1  -9 -24
 -3   3   1 -12
-11  18   0   9
  9  -5 -10  13
-13  10  -2 -19
 -1  19  -6   0
-17  12  14   7
 13  -1  -6   4
  5  18 -17  18
 14  20   7 -22
 -2  -3  21   8
 10  21  16  11
-18 -24 -21   2
 15  -1 -12 -13
-12  -4  12  20
-23  24 -18  15
  8 -22  20  -1
 14   6  11  24
-17  -7 -16 -15
 24  10  -9  -6
 23   7  19   9
-13   1  17 -19
 -3  -6  12  -2
 -8 -17  12  16
  8 -21 -22  15
 18  -8  14  21
 -3 -17  -7 -20
 -9 -24 -17  -3
  7 -13  -1  -8
  3  16 -13  10
-24   8  -6   3
  6 -14  13 -15
-23  23  22   3
-16  22  18  -8
 24  -4 -24  14
-10 -19 -10 -20
 11   9  -6  14
  3  15  16  -4
  1  13  14   9
-19 -12 -14  -2
 -9  17   1  -5
-13 -12 -11 -19
 -1  13  -9 -16
 -4  12   8   2
 14  -7  18  14
  7 -11 -19   1
-14  21 -20   9
  9   0  12  24
 23   6  16  -6
-23   6  -6  10
  3  -3 -20   9
 -3  -6 -14  -7
 -1  -8   6 -13
-10  12   9  10
 20  19  -3  22
  3  10  23  14
-21  -5 -14 -20
  0   9 -14  -7
 -3   8  14  -2
  7 -21  23 -19
  7  10  11  19
  5 -21 -24  24
  4  -6  20   4
 18  13  24  -6
  8  -3  24  -8
 -6  15  16  -6
-14  -5 -11  -7
 16  11 -10 -13
 22 -24  19  21
-14   3   0   5
 -6  -2  -5  18
-12  16  12  12
  2 -11 -19   9
-12   7  24  10
 19 -12   3 -14
-14 -15  -7 -19
 -7  18  13  22
 16 -12  17   3
-22   7  18  -2
-11   3  -9 -21
 10  22 -12  14
 -4   1 -22  18
 -1 -22 -14  19
 23   4  18  -2
 18 -10  -1 -11
  0 -21  17 -24
 22  22  13 -18
 -3  21 -14  24
-23  12  23   3
  7  21 -11 -23
 -6 -21  22  12
-21  13   5 -19
 -3  19   7 -18
  9  13   5   8
 18  -6 -15  21
-16 -23  -1  -4
  6  22  -8 -15
 -9  23  -1 -23
-17  24   1 -15
 -3  11  -6 -14
-20  22  -5  24
-15  10   6  17
 -4 -22  10  -8
  9  12   8   7
-20   5  -3  21
 11 -13  14  -4
  3  -4 -23  11
 -1  22   2   1
 17  -3  -7  16
 11 -16 -21 -18
 -5  -9  11  -4
 14 -13   2   7
  1   2 -11 -12
-13  -6 -22  -8
 -4  -4 -15  17
 11  -9  -4  16
 16  14  -5   0
 13  11 -24  18
  4 -12  21 -14
-22  -8  19   3
 18   0  12  -1
  2   7  21   8
 14  14  -4 -19
-18  -8  21  15
 22  -7 -16  -1
-13  18   5  -4
 22  -8 -12 -14
-13  -4  19  16
 24  13  14  -6
  9  14   0  -7
  7  15 -22  21
 11  20  -3 -14
-13  22   4   9
 18  -7  15  -2
-20 -10   2   7
 12  -5  15  11
-24 -22   3 -11
-13   1  -3 -16
-22   3  -7   6
-12 -21  -1  19
 -5  14 -11  13
 16  -2 -18  11
 17  -3   7  19
-17   4 -15  19
-11  10  18 -16
 17  -6  -3   2
 22  -9  14  -5
 -4  15  15 -12
 -9  -1  10 -20
 -9   1  12   4
 16  -7 -16 -14
 -6  -8  -3  24
-14  16 -18  -9
 16   6  13  11
-14   4  19  -9
 18  23 -14  22
 13 -22  18   8
 14   5  -4 -15
 14  18  -5  19
-11 -18   8   9
-13  15 -18 -20
-11 -17   7   6
 24   6  12  -9
  2  -2  -3 -16
 20  23   3 -10
-18  15  -7 -16
-10  23 -20 -24
 21  -3  19 -15
  4   0   3  12
 20  18  -9   7
  9 -23  -4  13
 -6 -23  -8 -14
-19  -1  10   1
 24  -5  12 -20
-16  -5  15 -20
-24   0  -5   6
  4  -8  -6   6
 13  -4  21   3
  6  -5   8 -23
-23 -21  -8 -21
 21  15   4   5
-20   9  14 -17
  2  16  -3  -5
-14 -21  17  16
  0  20  -1   5
-23  24   1 -13
 22 -15 -21 -16
 -6  -1  22   1
-23  -9  16   3
 12   9 -10  11
-14  23  24 -14
-20 -21 -22  -5
-16 -20  17  23
 23  23 -18   7
 -5  -4  21  -1
  1   6 -20  16
  5  13  -2  -2
 -3 -13  15  -6
 15 -13  17   1
 15   0  23 -13
-14  22 -22  -1
-19  -6 -10 -20
 12  22 -20  21
 -5  -2  10 -12
 16  -9 -16 -19
-12   8   0  -9
 22  23  -7  18
 -2 -18 -17 -11
-20  12  16 -13
 11  13   3  -3
  7  20 -17  -9
-11  14  14  -5
-12 -18  -6  20
 -2   0 -11  -8
-22 -17  18 -13
 18  -2  15 -15
-17  17  13 -16
 -3  -6  12   1
-14   4 -24  -6
 10  -8 -16   7
-14 -15  10  -6
-15 -20 -22   8
  9  17   7   7
 -9  -9  -2  21
 12  15  21 -12
-19 -14  -3  15
  5  -7  24   0
-22  15   3 -13
-17  23  12  19
 10 -22   8 -11
-12  24  23   4
 24 -20   7 -23
 -9   9  22  -6
 -1   2 -10  15
 24   7  -4  13
 -6  -1   2  17
-19 -23  -8   2
-21   6 -18  -9
-13 -17  -4   9
-10 -24   4 -22
  9  10  -3  18
  1   5   5  16
 -3 -14  -8  24
-22 -15 -15  10
 -3  17  21  -2
 21  -4   9   0
-16   2  -6  -5
 12  12   5   4
 -4  -8  -6   2
-23   8  10 -17
 18 -11  -1   0
 17  10   7  11
 11  -6  10   8
 -8  20 -22 -20
-17 -12  21  17
-12  13 -11 -22
 16 -15  -9   8
  2 -14  14  -3
 14  17  15  -2
 -7 -24   6  17
 -3   8  19 -16
  3 -13  -4 -15
-19 -17 -22 -21
-24   2 -24  23
 -9 -14  16   2
  1  12  -4  15
 17 -13  -7 -14
 -9   4  14  18
 14   1  15 -18
-21   9  20  18
-16  12 -19  -8
 -6 -21 -15  22
-11  12  14  -3
-24 -22   6  -4
 14   6  13  -5
  0  -1  23   3
  3  15  16  16
-16 -15   3   2
-21  13 -12 -22
 20   7 -18  -9
-16 -12 -11  18
 12  23  -1  -8
 19 -21  -3  -1
-21  -5  -4 -14
-20 -14 -21   8
 12  17 -10  10
 -3  -9  24  19
 15 -16   4  12
-18  18  11   1
 13 -10 -17  20
 16  -3 -21 -21
 -7   9  23  22
 12   3 -12  23
 -9 -16 -17   4
-13  23 -22   6
 11 -17   4  10
  4  23  15  -5
-17  20  21   5
 19   6 -11   8
 14   1  -9  10
 22 -20   0  21
 17  15  -6  -3
 -3 -23  21 -17
 23  -5   0  12
  0  -4 -13 -13
 -7   4 -19  -8
  7 -10  17  12
  2 -10  12   4
 13 -18  13  -7
 -2  18   0  12
 23 -23  -9   2
 23   0   5 -19
 16  -8   9  16
  5  11  23   0
 22   3   8  -2
 -3 -19   1 -23
 18   8  -2  -5
 -3  24 -18  -3
-12 -15  13 -22
-10 -23  23   6
  0  18   0 -13
  4   8 -22   0
-19 -14 -15  12
 14  -1  12   6
 -9   9   1 -13
  4  18 -11  17
 -7   3 -24   9
 -6  14 -11 -11
 -2 -24 -13  -6
 17 -14 -15  18
 22   7 -14  -5
  7 -22  11  24
 10 -23  10 -16
 -2 -19  23  10
  9   2  -2 -15
 16 -24   3  -1
  5 -12  18   8
 22 -10 -24  12
 18  -6 -13 -17
 17 -15  16  18
-24  -3  10 -19
-16  19 -12  -8
  6   2  21 -20
  1 -23  23  14
  6  -6  10 -16
 21 -19  -9  17
 14   9 -17 -23
 14   0 -22   5
-21  11  23  -4
-13  22  -5 -13
  4   1  -5   8
 22  -6  -2 -18
 -8  24  18  23
-18  -3  -3  15
-23   5  15 -21
 -6 -12  22 -16
  2  -4 -17   8
 -9   1  21  20
 19  -5 -23 -22
 23  24 -18  -7
 -4  -2   2  22
  6 -19   0  10
-21   7 -11  -4