-20 -13  -8   2
 15 -10 -18   5
 21  13 -12  -2
 12  -7   7   3
 17  11  -6   0
-19 -10 -14  20
  8 -19  22  22
 -5  -9  18   9
  0  -5 -10  17
-18   5 -24   7
-14  -9   4 -23
 -4  10  -3   9
-13   7 -22  17
 -2   8  15 -15
 24 -22  10 -24
 -1  -6  -6 -19
-15  17  20   6
-16 -10  16 -23
-15   3 -24 -20
  0  17 -23  24
  3  15 -22 -14
-15  -2 -23   7
 19  -5 -17   9
 20   1  -2  19
-19  23 -17 -24
  6  22  -5 -17
 -8   8   1  16
  0  21  -1  20
 13 -22 -18   2
  8 -15  -6  16
 19 -21  -2 -14
 23  -4 -19 -18
 17  12   4 -21
 -5 -16 -12 -17
  0  18 -17 -18
 -8  13   5  12
-13  -3 -10  -2
 20 -10   6  21
 17   8 -20  17
  3   8  19  16
 -5 -22  14  16
 -9  11 -15 -10
 -9   3 -19  -2
-11 -20  11 -12
-21   8  16 -15
-15  20  -5  13
-24 -19 -18 -17
 16  -8  -5  14
 -5 -21   8 -23
 -5   1  24  20
-14  20 -11  22
-10  -6  16  24
 -2   2  12 -17
-15  -6  16  16
  3 -20   7  14
 23 -14  17 -21
-13 -21  17 -11
-24 -20 -16  22
  8   7   6 -16
 20 -23  11 -22
 -8 -22 -18 -24
-15  19 -18  19
 12  15   1 -22
 11   4 -20   9
 -1   2   7   4
 16   2  -9  23
 -8 -13 -11  22
 -8  23   5 -20
  8   7  -8 -10
-14 -13  12 -17
 -4   9  21  11
-18  23 -16   2
 -7 -16   0  13
-23  20   3  11
 21  20 -10  -7
 21   9 -21 -15
 16  -6 -16 -11
-21 -15   5  24
-11 -15   8  16
  3  13  13 -23
 14  11   5  -7
  5  -8 -14 -15
 10  12   0  14
 -8   8  -2 -12
 15  12  23   4
 17 -22   9  22
  3  14 -15 -21
-18 -12 -13  -8
 -7  16  -1   8
-24  10  10 -14
-14  -6   4  14
  6   4 -15 -12
 13  22 -22  -2
 16  -4   9 -24
  8  17   4   4
 -7   3  22 -22
-13  12   1  17
 -4  -2 -13  -3
  7   2 -16  13
-20  -6  17 -23
 22   0   2   9
 13   2  -1   8
 -1   3 -14 -17
-12  16  -5 -17
  1 -14  22  16
 11  10 -11  20
 -2   9 -22 -13
-13  23  23  18
 24  -4  17  -6
 23  16  14 -10
 -4  24   3  -6
 10  -4  -4  14
-19   7  10 -20
-20  23   6 -23
 23  20  16  22
-17  -9   5  24
 10  18   1 -19
  4  -1 -14  10
 19   5 -19   8
  4 -16   3  24
  8 -20  17  15
  1 -24  -4  21
 22  -2  15  21
-21  19 -11  24
 -6   4 -21  22
 21  16  22  17
  7  18  12 -18
 -4   0   6 -13
 19  -1   3 -13
  1  14   7  14
-19  15  20 -17
 -9  24  12  -2
 15  17  -6  18
-24  -1  19  13
-13  22  -2  19
 13  -4   4   0
  1   3  19   0
  2  14  10  22
-15 -23   5  -9
  4  -3  20  -7
 -6  -7  13   2
-17 -11  15 -14
  5  -3  10   3
-10 -10 -15  24
  5  -6  12   1
-13  21  20  -9
 19   3  17   5
 18  -8 -20 -23
 11  13 -13  24
-21  24 -24 -12
 16  22  -6 -19
  4  -2  -5  16
-18   9 -14  18
 -3 -20 -13  12
 13   7  12   0
 15 -10  -4  16
  7 -17  24   9
  8   8  -5  15
 14   9  23 -17
 -9  18  -4  16
 -6 -24 -13  13
-16 -12   5  14
 -3 -23  -6 -17
 15  22  -3 -11
 15  10 -12   9
 11   8  12 -21
-13   8  -4  -9
 -2  19  15  -2
-14 -24   2   2
  8  -4 -18 -14
 -6   0 -19   5
-14 -18  17 -18
-19  -6 -19   6
-10  19   9  19
  6  -5 -20  11
-14 -15   1 -16
-23   2 -15 -16
-23  10  23  -2
 16  -4   3 -23
 14  -2  -4 -18
 17 -17   8  -9
 17 -16  20   9
 -2 -24  19  20
 23  22  24  -2
-11  11  12  11
 17  -5 -13  18
-19  20 -12  21
 15 -10  -8  21
 10   0  10 -24
 -1  11  14 -20
 10  23  15 -21
-13 -11  -2  12
 20  20  23 -23
-20  -9  20  18
 19  -2   1 -13
-21  22  -2   7
  1 -20  -3  22
  2  18   0   2
  3  -7   7  -4
  2 -16 -12 -12
  1  21  21 -20
 -9  -6 -10 -20
-20  12  11  19
 -1  16 -24 -23
-15   9 -12  -9
 17  22  21  19
 21  22  14  24
 11  21   6 -20
-20  11  10   4
-21   5   7  -2
 23  -4   4  20
-17   5  16  -5
  7 -17 -12  14
-18 -22 -22  19
-20  15  -4 -14
 15  16  21   0
 -7  16  11 -12
 -7 -15  13  -4
 20 -16  23  24
  7 -13  20  -8
 17  -5  21 -13
  0 -17  -4 -18
  2  24   2  20
 10  -6   7  20
 18  19  24  21
 19  18 -11  -4
 14  12  -6  -8
 21 -19 -21 -10
-18  -4  -4   4
 17  -8   8  14
 -7   2 -17  24
  3 -17  -7  22
-23   1  16   9
 22  14   9  -5
-17  12  10  21
 19  -6   8  14
-11  15   2  19
 -4  24 -21   5
-12  22 -18   7
-11  24 -22   1
-21   6   6  -5
  1 -11   3  10
 11  18   6  18
-13  23 -14  17
-17 -13  -3  24
 10   5 -12 -16
-20  24  10 -23
-15  17 -21  22
-18 -15   1  10
-10  13  22 -22
 -9  13  21 -17
  9  -9   4  19
  5  19 -14 -21
  8 -15  -5 -17
-13  14   1 -19
 15  19  20  -4
 -2  -6  10 -20
 -7 -13  -1 -11
 14  22 -16  11
  6  -8 -22  18
 -1 -13 -10 -24
-16 -16  23 -19
 15   4   8  10
-12   6  -2 -13
-13 -12 -22  10
 -1  10  11  -3
  6   1 -12 -11
 18 -11   8  24
 12   4 -11 -24
 19 -18  19 -19
  5  23  11  17
 15   1  17  17
-13 -14 -12  14
 20  18  -6   9
-10   0  -1  -6
 -6 -21 -12 -15
-16  -2  -2 -21
 -8   9   2  -6
  7  10 -20 -18
-19  20  20  -1
 21 -15 -18  16
 11  -1  14  19
 10  -9  13   3
 14  21  20   8
  5   3  -9   8
  1 -17  22  11
-14  20 -10  13
  5  -6  15  -2
 20 -15   9  10
 12 -17  -7   5
 14  -5 -11  16
 -2  14  16  12
 21  22 -12  17
 23  16 -14  18
  1  21 -15 -23
 22  12   5  14
 10   9  10   3
  5 -16  20  24
 22 -21  -3  22
  1  12 -18   7
 -7  11   4   1
  0 -19  -2  24
 -7  -4  19  -9
 12 -11   8 -24
 11  18   2 -14
  6   1   7  12
 23   6 -24  21
 18  -6  -3   9
 -8   5  23  -4
-19  12   0  12
 -3  -3  14  -8
 14 -22   3  13
-13 -12 -20  -4
 22  10   8  -5
 24 -17  -4  -6
 -3  -1   7 -21
 17  -2 -23  10
-17  -7  -2 -12
 -7 -11  19   1
-13  24  -4  -4
 -1   1 -24  -3
  7  21  21   2
  0  -4  12   4
 14  -6 -19   6
 11   1  14 -10
-21  18  21 -14
-21 -21  12  -8
-19  14 -20  17
 -5 -22  13   4
 15  17  -6 -19
 -3  -3   5  20
  1  15  15  17
  8 -20  21  -1
 24  -4  21   6
 16  -4  23 -10
  4  22 -17   4
 23   8  -3  22
-19 -24 -12 -16
-17 -22  15  19
  4  10  -5  18
  2   8  -9  -1
 -7  24   5 -12
-18 -14  16 -24
 -2  -6   8   3
 -6 -21  20 -16
-19  19 -24 -17
  4  14 -11   5
 14 -13  19  18
 16 -13  -2  18
 -6  20  -2  -2
 15   4   8 -15
 -6 -11 -24  10
 24  -4  -8   8
 12 -11   8  -2
 20   1 -10 -10
  3 -14   1 -10
 13 -20 -13  17
 -3   5 -16   6
-21  16   7  -8
 20 -23 -21  -7
  2   1 -12   7
  2 -15  19  -1
-19   5  -3  -5
-11  -5  16 -11
-22 -12 -17   5
-14  17  22   9
  7 -11 -19 -17
  5 -21  -9  -5
 -5  22  23  14
-18  23 -13  -4
 19 -24 -14  12
 -2  -4  14  -4
 19   9  -7  14
-19 -12  15  19
-19 -19 -19   7
 22  -4  -3 -20
 16 -19  14  20
  9   3 -22  12
  6 -24  -8   6
-15 -22 -12  -9
-20  -3 -19  -2
  0 -19   0  20
-18  22 -24  23
 20 -12   6 -23
  4  18  11  12
 20 -23   7 -19
 20  11  21 -23
-19   0   9  -7
 21  -9   3 -14
  8 -22  19 -11
 -6  -4 -10   3
  5 -23   1  -1
-10  -5 -14  10
-12  -9 -13 -20
 -9  10   7 -18
  1  17 -13  -8
 -7  -1 -12  -3
 18 -11  11  12
 -9  19 -10 -24
-11   6 -10  -9
  0  20 -11 -18
 10  17  10  16
 -5  14 -18 -14
 17   9 -17  12
-14   2  10 -23
-16  10  11  11
 -1   2  -5 -21
 24 -20 -12  -3
-13 -22  20 -17
 11  24  13  18
 23 -15  10 -21
 18  -3  19  10
-21   3 -19 -16
 -3  19  -2  -5
  6  19  24  14
 22 -14  -6   4
-14  -4  -3  14
  0   2 -22 -10
 22 -24  -6  -4
  9  24  23   1
 -3 -23  15  20
-13  23  18 -23
 21 -14  13   4
-24   3   8  11
-10  -8  13  24
  7  21  17 -21
-21  20  24 -17
 22 -15 -21  16
 18 -12  -2  16
  5   6   0  -8
-17 -13   1  -3
-22   8 -23  21
 -6   7 -24   1
 -7  13 -21  23
-11  -7  18 -12
  6  -7   7   6
 -8  -9  14   0
-13 -18 -14  -9
 -2   8  -8  11
 -4  19   5 -17
 -5  11 -23  -2
 12  22  11 -15
  7   3 -12 -15
 22  -2   6  22
 10  -1 -14  -2
-16   9  -4  -6
-24  -2  19 -12
 15  -2  -7  11
-21 -20  -7  21
 -9  19  -1 -17
 -1  19  10  -4
-10   7 -22  15
 15  24  -3  11
  2  -6  18  -9
 24 -16 -20  15
  3   9 -14   1
-20  -2  24  11
 -1 -17 -13   9
-20  24   8  -9
  0  -8  18 -22
 15 -22  11   4
 12   9  -9  -6
 13  17   4  -9
 10   6 -19  16
  4 -16 -14  23
  7  -9  24  12
 15   8  -3  20
-14  -6 -17   4
 20  14 -23   6
  5  -9 -24   4
-22   7  19  -6
 17   5 -20   1
  0  -6 -12  -6
 24  -3 -20 -15
  6  13  16  16
  9  -1  24   5
 15  -2  -4   8
-23  -7  11 -23
  1  -1 -16   0
 18   5   8 -12
 -5   8   2   7
  5  -1 -10  20
-21  13  -7 -11
 11  15  18  -9
-13  -5 -14   7
 16  24  -6   9
 17  12  -2  22
 23  24  -6   6
 12 -10  -8  24
  7   2  -1  15
-23  24  19  23
  6 -24 -12  -9
 18  -4  -1 -16
  5 -10  -3 -11
  2  -5 -14 -23
  6 -22  -7  21
  1   7 -16  -9
-22  21  21   7
 -8   3  13  -1
 12  11  -9 -22
 15 -17  -2 -15
 11  13   4  16
-11  10   8  -9
 -8  12  -2  -5
 23  -8  24 -12
-24   7  23  -5
 24  -1 -13  23
-24 -23 -24 -13
  2  20  24  -6
 20 -21 -15  17
-15 -15  -7 -17
  9  23  -5  13