-10  19   1 -21
  4 -22   2  11
 20  -2  20  12
-11 -18 -21   3
 16  14  -7  -8
 -8   4  10 -10
  4  24 -14 -17
  7  10  16 -11
-18 -19 -13  -4
  1   8   6  -1
 19  14  -2  -6
 16  -7  -7 -17
 23   2   4 -24
-17   3  20   7
-11   6   2   2
  2  19  24  20
 20 -22 -13 -22
 -6   7   6  -9
 -8 -24  10  18
 10 -21   7 -23
-22   7  23  23
  3 -20   6   0
 15 -22 -16  14
  6  10 -12 -15
 16 -15   9  -8
  0  17  -3  -9
  0   3  16 -16
-10 -12  16   2
  3  11   7  -6
-19  -1 -16 -20
 22   2 -12  24
 20  11  -2   9
 20  20   4   0
 12   7  18   7
  7   1  -3  13
 -1 -12   7 -22
-24 -10   0 -11
 -3   7  -9 -23
-17 -12   3  -7
  2  -3  21  16
 24  17  -2  11
 -8  16  15   1
 14   9 -23 -24
  1 -17  -7   7
-14 -15 -22  -9
  9  11   4   6
 10  -8  14 -11
 -6 -20  20   4
  0  18 -10  18
  7 -15  15 -17
-12   7  -4 -22
 -1  20 -10 -10
-24 -23  14 -21
 -4 -20 -17  18
-17   0  20  18
  7   9  16 -22
  4 -15 -17  21
 15  18  23   5
 22 -21 -14  15
 -6 -17   3  15
-12  15  15 -11
-12  24 -16 -12
-10 -16 -23 -20
-16 -14  -3 -18
 17  -8 -10  -5
-23  -4  -2  10
 13   4 -17   9
 -4  18   8  -5
 -4 -23 -14 -23
-15  13  24  -5
 -4   8   6   4
 -9 -23  -5   3
  2  20   5 -23
  4 -19  -6 -11
-13  -2  22   9
-12  20 -15   6
  4 -15   2 -19
-21 -20 -14   1
 18   5   0   7
  6  -3  -4   6
 -8 -21  -3 -11
 16  -4  21  19
-22 -22  -7 -10
  6  -7  -3  16
 13   9 -21  -5
 13   7  -8 -14
-21  19  -9  14
  2  18  -8  -2
-13  19   5 -12
 17 -19 -15  -6
 10   0  20  14
 20  18  14  19
 20   4 -17 -20
 24 -21 -13 -17
  6   6   2 -19
 21 -19  13 -19
  4  15 -24  -3
-19   9   8  16
 18  -8  -9 -12
  9 -16  -2 -23
-18   6   8  20
 13 -14  -6  16
 24  -7  12 -10
 11  24  15  13
 17   0 -20 -17
  4  20  21   9
 -6 -19 -22  12
 22 -17  15   1
-12   0   4   0
 -2   6  -7 -24
 19 -13  -3  -7
 19   0  24  22
 -9 -15 -21 -10
-22  -9  14   2
-17 -15  17  23
 11  -3  -6  -9
 -9  -6  21  24
-10  20  22  19
-15   3  11  11
 -5  13  11  -1
-16 -24  13   3
 24   7   9  16
 21   7 -21   9
 15   4 -18  12
  7  -5  19  15
 -8   4  -4  -4
 -8  22  22  10
-13   3 -15  -6
-11  24  15 -14
 14   7  12  20
-17   3  -9   3
 -6  24 -23  -2
  0  12  20 -22
-23 -14 -22 -16
 19   6  -8 -19
 11 -13  -6  18
 13  24 -21 -13
 -8  10   0  17
-17   1 -21 -20
 -3  -7   9  11
 10  -7  14 -10
 -1  20 -20  -6
-17  23 -22   9
-13   2 -13   3
 22  16   3 -18
-10  18  18 -11
 12   0   8  -5
 20 -24   2  -5
 -4 -17  13  19
  4 -16 -11 -11
 -1  21 -24 -13
  7  21   0   8
 20  21  -7 -17
-10  16  -4  -3
 -3 -14  21 -22
 14  20  16  -1
 -8 -18   1  15
 -8   8 -13 -11
 20  15 -23 -21
-17  -5  -7  10
-16  20  23  13
-18  23  -4   7
 10  -8  22 -17
 16  -7   1   6
-11   6  -3  -8
 -7  12  23  12
 -9  -9  23  19
 21 -21  16  15
-12   2  11 -16
  0 -18  -3  23
-17 -16  20  -9
  3  11  17   7
-16 -24  11 -20
 21   0 -23  15
 18  -9  -2 -15
 11  21 -12   0
 -4  10  10 -19
-18  -9  22 -11
  3  11  11 -14
 18  19 -12  -9
 -5  22  16   8
-11  10  17   3
  2  22 -22   6
-17 -23  13   7
 -5  -8 -23  16
 10   3  -4  19
 -8  11 -17  16
-18 -14  12  -4
  8  19   9 -17
 17 -19 -16   9
 18  -4   3   6
-24 -18 -18  -9
-13 -22  -3  -1
 -5   6  18 -18
-23  -6  20  -2
-13  19  15 -15
  6 -22 -22  -3
  3  -8   1   3
-16 -10 -16 -13
  6 -10   3   9
-15  -6  -7   5
-11 -24 -17   0
-18  -9  -6  -6
 14 -15  23  -9
 18  24   7  -6
-11 -10  -3 -14
 -5   8 -11  -6
-22  -6  20  22
 -9 -18  -4   4
  9  19 -21 -11
 -5 -14  15  -4
 -4  16 -19 -15
-20   9 -24  -9
-16  20   1  -7
 -7 -20  24 -17
  8 -11 -23 -15
 -4   0  -4   6
  8  16 -18  23
 -8  21   1   8
-14 -23   6 -13
 21   8   0 -20
  1   7  -8 -18
-20 -20   9  -9
 -5  10  13  19
 22   8  10  18
 17  14 -15  -6
  4  -9  20 -23
-20  15   1  -1
-16   2 -24  -1
  1 -17   0  14
  4  10 -11 -12
 15  11  -3  18
-22 -18   6  -7
-21  -2  15  14
  6   6 -19  15
 19  10 -10 -20
-14   8  -6  12
-17 -15  24   3
-22  -6 -10  -5
 14   1 -16  24
-18 -18  19 -19
-11 -19 -15  14
  9 -24  21   4
-16 -12 -24 -10
-19 -11 -24  -6
-21  11 -15  21
  2   9  20  17
 15 -15 -16  24
  9 -17 -15  17
  3  22  19  12
 13   0  -6  -6
 19  16 -18   6
 15 -18  -8 -23
 -9  -6  20 -18
  9  20  11  13
  9   0  -6   1
 -2  -1 -23  24
 -8  10 -15 -11
-13  16 -10  10
 16  -4   2  -1
-21  -4 -20  -4
 -2 -18  22   8
 23  10  -8  21
-15 -14  14   9
 24   0  16 -14
 -4  -2  20   0
  9  13  19  23
 -4  22  -2  14
 -4  20 -23  17
 -3 -10  -7 -21
-16  -4  22 -17
-19  22   5  16
 13  20  -4  14
-13  19  -1  22
-19  20 -19  -4
-14  -4 -15   1
 -1  -9  -2  15
  2 -20 -14  16
  4  20  -9   7
 -5  10   9 -21
 24  -2 -24   3
-19 -12 -12  10
-23  -4 -21   4
-19   0  17  17
 -8 -14   7  -4
-24   3  -7   9
  5  17  11   8
-18 -22 -20   6
-13  -8  -1  16
-13  12  11  -6
 -3 -12  -2   5
-15   2 -14  10
-10  -9  14   9
 13  17 -12  -1
 -6 -13   7 -13
-12 -20  -2  15
-18  12  15 -16
-12 -20 -20   0
-23   9 -12 -20
-21 -22  -2   4
-16  10   8   6
-12  13  12 -15
-10 -10  -6 -13
 21 -11  -1  13
 23  -7   2  22
 23  14  13  -7
-16 -13  -7  10
-18 -11   7   1
 15  -6  22 -11
-12  14  -6 -24
 10 -11  18  17
-22  21 -15  -5
-12   0  13  -8
 17 -22  16 -20
-23  22  14 -15
 18   5  14   1
-13   7  19  -9
 15 -14 -24 -13
-18  -3  16 -15
-15  -2 -14   2
 17  -7 -11   7
 23   1  19  -1
  8  19  -9   6
  4   8  16  -8
-24 -12  -8  -3
  6   9 -15  18
 -8 -17  18 -21
 18  20  11  13
  4   1 -22  23
  5   2 -15  11
-21  12  16  -4
 21 -10  24 -21
 18 -12  20 -15
 12   1   3 -20
-22  -9  19 -15
 21 -23  -5 -23
 19   3  20 -21
-21  22  12  -9
 14  -2  14   8
 16 -13 -14  10
-17  -7  -8 -20
 12 -20 -16  15
 16   0 -18  19
 15  11  16  -2
  1 -11  -5 -15
 11  18 -14   4
-17 -11 -22  -2
  7 -20  19  16
  4   9  -8 -15
 13   6  20   7
  2   3  15  -6
  6  15  23  -1
  2  10   6   0
-10 -24  -5   9
  2 -10  24  15
-23  12  -4  20
-14   1   3 -20
 -9  18   2   0
 -2 -13   7  -9
 16  16  12   0
 -6  -7   3 -12
  6  16 -22   7
 18 -19  -3  15
  3 -20   1   8
-13  21   2 -19
  5 -15 -19 -15
-21 -10 -10  18
  2  16  19 -18
 -8  16  20 -11
 13 -23  21 -20
-19  10 -15  -4
 10 -14 -12  14
-24   6 -16  16
  4  -7  11  11
-11   1 -19  24
-18  12  -2  13
  3  15   3  19
 20  -2   2 -14
 19 -23 -11  13
-14 -10  23  -1
  5   2 -14 -14
  1  -7  -3 -10
 21 -17   2 -11
-18   7  11  11
 -1  -9   0   8
 22   5  18  -4
 16 -14 -15 -15
-14   7  -4  -1
  5 -12  -1  11
 14   8 -10  20
-17  -8 -10 -17
 13   5   2  20
 -7 -20  13  13
 21  12  23  17
 13 -20  20  16
 19   0  20  16
 23  23 -10 -12
  9   1  -5   5
 17  -6  -5  14
 -9  22   9 -17
  1  22 -17   9
 23 -11  13   2
-14   5  22  -8
  8 -18   1  24
  9 -10  11  -4
  1   4  -7   3
 -4  10  22  21
 20  -1  -2 -19
 19  -9  11  10
-23 -14   6  -9
-21  -8  11  -4
  6  -9  17   2
 -4 -22  -2  -2
-12  24 -21  10
-17 -16  -9  11
  2  11 -22 -22
 12 -20 -17 -14
-17   4   9  -6
 19 -14 -19 -13
-12 -16   2  -8
  1  14   7  19
  8   4  -8  21
-12 -24 -18 -10
-10  -7  24  17
 -2  11  15  -1
  4  -5 -21 -10
 18 -21  16  16
-24  -2   5 -20
 -3   4  15  21
 14   5 -11  21
-23  16  13  -1
 -5 -18 -15  -5
 13   2  18  10
-15 -13  11 -16
 -4   7 -17  20
 17  23  -1  -3
-22   6   0   0
-23   3   9 -22
  8  22  15  -6
 19 -21 -19   2
 12  -3  -1 -16
 -5  24  22  14
  0 -13  22  -7
  1   3   3 -24
 11  24  -8  13
-22 -10   7  10
-18  -9   4   0
 21   7 -23 -17
-15  18 -10 -10
-18  -8   8 -15
 -8   3 -19  15
 19  23   9  12
  5  16  12   2
-14  23  19  16
 -7  12  21 -20
 10 -11  -2  -8
 -7 -22 -20 -10
-12  19   3   1
-19 -15  -6   4
-24  -1   8 -20
  8   1  18  13
 15 -16  21 -15
  2   7 -10  10
 23 -22 -17  -4
 15 -13  19   6
-12  10  -8  -4
-12   2  10  18
 24   6 -17 -18
 -2  -6  15 -12
  7  14 -10 -17
-17  -8 -21  17
-19  15  24  16
  3   9  14   1
-12   5   0  24
 23  18  20  13
 -2   0   4 -14
 -4  15 -17   8
-18  17 -24 -17
 -3 -17   1 -23
 -4 -10  22 -20
 -9 -24 -10   3
 -5 -16 -18  10
-22  -5   9  24
  8  -1 -14 -24
-18  20 -11   4
 19  15 -12   6
 16  21   0  13
 -4   2 -11   4
 16   2  18  10
-22  21  22  20
 -8   2  17  -3
 10 -11 -13   3
  1 -20 -19 -13
 -2  -1   5  -9
 -7 -10  -9 -14
-10 -21   0 -24
-18   9 -20   4
  6  -3  -4  -1
 14 -19   2   3
  0 -14  15  -3
 21 -10  12   9
 24 -17  -4 -13
 15 -14   1  18
-16 -10  14 -17
-22 -16  24 -15
 24 -20  -9   8
  6  10   7 -14
 12   2  -1   2
-15  16   8 -23
-16   3   8   7
-20   2 -23  17
 21  11 -15   8