 -3 -19  22   9
-17  23   1  14
 -6 -18 -23 -20
-11  -2  -3 -18
 16  23  -3 -24
 20 -21  21   4
-22  -7   1 -10
  5   2 -19 -14
  9  -5  11  14
 16 -21   4 -21
-18  18  -1  -7
 -2  -8  -7  20
 -1  24  14 -22
 14  11  -2   5
-12  17 -17  17
  3   0 -13  15
  4   9 -11 -16
  7  15  -8  15
  5 -11  15  -7
-12 -16  -9  -7
 16 -19  12  10
-21   4  14   0
 15 -12   0 -21
 12   3  -4 -24
 -3   9   5  18
-10 -13 -17  19
 -5   5  18 -17
 -4   2   4  -1
 21  20  19   8
-23   6  -8 -19
-17   4  20  -5
-10 -20  -7  -3
 16   6  -7 -10
-24   5   3  13
  7  -7  -6 -13
 13  23  17 -12
 -2  -5  -2   8
 10   6   1   4
  1  17 -10 -22
 18 -15  17  24
-10  -9   9   2
 12  24 -23  11
-24  17  -2 -14
-14  11 -18  16
  8  22  17 -19
 -5  14 -20 -10
 -4 -19 -17 -12
 18   3   7  17
 -6  14  19 -23
  5   8  11   3
  7 -15  -2  -3
-13  13  11   5
-13  15  -4   0
 -3  -9 -13  11
 22 -15 -17   3
 22 -21  -1   7
  8   7 -15 -24
 -8  24  17  10
  7  10   3   9
-13 -10   5 -15
 -7   0  24  16
 13 -22   9 -16
  1  -6 -18 -19
-21  20 -12  19
 12 -23   5  -8
 10  18  -7  -3
 -7  11  16 -10
  6   2   3 -15
-10  12 -11 -17
 21 -23   7   1
 17 -10 -11 -12
 15 -17  -1  -5
  9 -14 -21   1
 18 -17 -12 -20
 -6 -16 -22 -10
 20  -7   6 -21
-10 -14 -12  -5
-21  -4  10  17
-10 -24   7  23
 10 -19   0   7
-21  -5  11  16
 -5 -21  -4  18
-12  13   5 -24
-10   2  -7 -16
-13  14  -1  23
 14  -8  15 -19
  0  12 -19 -11
  7 -22 -15 -19
-14  -2 -17   6
 18  -5  15   1
 -3   3  -3  10
  0  17  22   4
-24   1  -4 -24
 18  14   1  -6
 19  24   2 -23
 22 -16 -11 -10
 10   6 -12  13
 10  11  22 -18
 -6  -2   1  -9
 20 -12 -21  19
 -3  23  23 -13
 -4 -15  18 -18
-10   1   7   3
 19 -15 -16  24
  7  11  -6 -14
  4   1   3  -3
 -7  -2 -24  13
 -5 -16  -5  -1
 -5 -23 -10   4
-17 -21  17  18
 18 -16 -10 -14
-17   2 -14 -18
 -3 -16  13  20
 -5 -11  20 -20
  5   2 -14   8
  8   9  -6 -16
-21 -14 -20  -9
  7   4   2 -18
 -6 -19  -7  14
  5 -24  20 -12
-23  -1   6   6
 10  -5  19   5
-22  24 -21  21
  4  14   8   8
-16 -10  10 -24
  2 -18  -3   0
  5  -6  18 -15
 22 -21 -15  21
  2   6 -10 -10
 15 -23 -21   4
-12 -23  -8   2
 13   1  10  14
  7  14 -11  21
  0 -12 -23 -22
-15  18   1   0
 14  14   3 -24
 -1  -4 -11 -17
 11  23 -14 -10
-23 -19   7  -1
  6 -24  -7 -16
-24   0   9 -16
-20 -10  -4  21
 -7  23  11   1
  6  15  -9 -22
-18 -10  -6  20
 -6  21  15  19
-23 -24  15  21
-19  10   6  13
 -9 -10  17 -20
 22 -14   2  23
-21 -10 -24 -22
 -1  -4  13  14
  0  -8  22  -8
 14  -5  12 -17
  0  -4 -18 -10
-20  19  11 -12
 -7 -17   9   6
  2 -14  24 -23
 -4  22 -21  -1
-17  18   2 -13
-17 -17  -5  21
-19 -16  -6 -20
  6  15  14 -17
 -1  -7 -22   0
 -5 -16   9   5
 21  14 -15  17
 14 -18 -22  15
  0 -11  -7   3
  2   8 -17  17
-16  -6   5   1
 21  24   2  11
 -5  16  -4   7
 20  14  12  24
-23  -8   1 -15
-16  -5  -4  10
  1  -3  21 -23
 -6   5  -8  -6
 -5 -21 -18   3
-21 -10   1  15
 20  21 -10  -7
  5  12  22  -8
  3  -4 -21  16
 -6  18  14 -11
 10   2  22  15
 22   0  20 -17
-19 -19  22   6
 -1  15  14  -4
-10  -8 -11  18
-21 -19   6  -9
 -1  21  -4 -16
-17  21  18 -21
 20 -22   9  22
 13  -9   1   8
 19 -12   7  -5
 21 -20 -21  -6
-24   7   8  -1
 17  -3  -8 -10
  6   6  -3  15
 16  -6 -15  -4
 -2  -4  17 -22
-20  14   0 -18
-13  -2  16  13
 23   6  16   4
 -4  20 -19  10
  8 -10   0 -21
-13  -1 -24 -20
 -8   1  -2  -6
 22   5  -4  17
-14   3  -5  24
-11  22   9  -6
 22  11  13 -13
 10  13  15   6
 -3  -5   6   6
 10 -22  19  13
 -6  23 -12  17
-16 -14 -20  -9
 15   0  -6  -2
-23  11   9 -10
  2   0  21 -12
-22  14 -12 -14
  8  -7  -8  16
 17   6  15   9
  9 -11 -20  -2
 15  -8 -14 -20
-10  14 -15 -18
-20  -9  -4   4
-15 -18  -2 -14
 14  -2  20 -12
  1  21 -23  14
-11  20 -18  -7
  1  24   4  14
 20  11  20   8
 18  24 -22   4
 17  -6  11 -18
-18  -8   4   4
-15 -14  11  16
-10  12   8 -22
-12  24  13  11
-14  -4  19  -8
  2  14  24   2
-18 -24  -5   8
 -3  10   0  13
 -5  18  -5 -10
 24 -20 -18 -16
  7 -17  17   4
 12 -17  24   0
  4 -17  18 -12
 -8  13 -15  22
  1 -15   1   0
  1  -9 -14  16
 -2  17 -12   6
  2 -23  22 -18
 10   0  -4   0
 24 -21 -11 -13
  3  14 -18 -24
  3   4  16  13
 -3  14 -17   4
 -1 -11  10  12
 22 -17 -20 -20
-19  13  11  16
-14 -21   9  19
-19  -4  24 -14
 -6   0 -18 -11
-10   1   2 -16
-17   5 -19 -12
  8  10  15  16
 -4 -18   4  22
  3  -6 -24  -8
 21  11   2 -23
-20  21  -2  10
-15  -3  16  11
 24 -24 -24 -23
 10 -16   0   3
-20 -18  -4  15
  9  12  18  -1
-12   7  -7   3
-19 -20 -11 -22
 -9 -23  12 -24
-10  -5 -12  -3
  4   2  -8 -22
 -7  15  17   4
 20  -3 -12  16
-12  -5  13  -7
  6 -18   7 -19
 13  21  -7 -13
 17   6   0  21
  1 -15  11  -9
 11  -7  17 -21
  8  19  -2 -15
 -8 -21  19  18
 24   6 -17 -15
-13   3  10  21
  8  21 -20   9
 21  -7  12  24
  1  24 -22  -7
 -4  -8 -22  21
 -9  -5   4   2
-10  14  17 -19
 -8 -24 -21  -7
 -8  21 -10  16
 -9  13 -19  14
 -1   4 -22  19
 24   4   0  -2
 -9   8  -2 -16
 -6 -17 -12   9
 -2  13  10  17
 14 -11 -15  12
-24  16  13 -12
 15   3 -14   7
 15 -12   3  14
 12  22  18   5
 17 -24  10 -19
 -7 -15  -6   6
 19  12 -20 -15
 23 -20  -1 -22
 -2   0   0  15
 14  19  19 -14
-16 -23   8 -17
-17 -21  20 -11
 14  16  -9   9
  0 -16   7  -9
 19 -17 -20  10
-19 -14   1 -23
 -7  -2 -24 -19
-16  -8  17  14
  9 -11   2  19
  2  10   3  23
-22 -23  15 -23
 13  -2  -6  22
-11   0  11  -5
-18 -19  -7  18
-21 -19 -17 -13
 -5   9 -18  12
-24  14   4  21
 14 -13   3   7
  1 -13 -15 -23
-13  10 -13 -21
-22 -10  -6  -9
  3 -22  10  18
-13  13  -2  17
  6  15 -20  18
 15 -15  -9  16
-16  -3 -20  17
 21   4  16  -3
 16 -15  13 -19
  5 -16 -23 -23
-17  -3 -22 -22
 -3  18  16  -7
 22  22  -4 -13
  4   6 -10  12
-21 -16   9   1
 -4  10 -24 -10
-22  15  18  -4
 22 -14  -5 -20
 22 -24 -11   5
  0 -15 -17   1
 -3   2 -19   0
 23   5   7  20
  2  24  18   7
  4  19   2  15
-13  -3  -5  -9
 13 -17  14  -8
  1  19  18  -6
 -8  18   0  15
 -4   7 -11   7
-17 -21 -19  14
 -5 -20  22   7
  9  -2  -7   8
-10  -5   9  10
-10  10  16 -10
-18   2 -20  10
  2 -13  16  22
  4 -17   9  -4
-20  -2  23  11
 -9   5  -2 -13
 14  -9  17 -23
 24   1  -1  -8
  7   8  15  -2
  8   4  20   5
  0  -9  20   7
 24 -16  19 -21
 10 -21  23   2
  2  10  23  -5
-11   9   2  18
 21 -12 -22 -18
-14 -14  -2   6
 -4 -16  13  -1
-19  -1  11  17
  0 -11 -19  -5
 21  18   0   3
 18  23  18   8
 -8   2   7   3
-20  20   3   8
-10  -3   6 -10
-24  16  15 -14
 23  -7  19   7
 -6 -24  19 -15
-20  -3  -5  -3
-18 -24 -17   2
 10  -1   3   5
-20  11 -22   3
 -8  -9   8 -24
 16  -2  22  21
-13   6  -8 -17
  2   6 -20  13
-13 -12 -17 -21
-12   2  14   5
 -3 -15  -5 -16
-21  13 -17  -4
-10   3  13 -13
  7 -19  19  13
  7  -9   5 -14
 -1  10 -19   8
-24  -6   1  -3
  0  15   9  23
-24   0  -4 -10
 23 -22   0  11
 -9  -9 -20 -11
 -8 -18  -6  19
 16  22   2   5
-22  16  12  19
-24 -18  -9 -10
-24  -8 -17  -1
 20 -10 -15  -3
  8 -12 -17  -4
-18 -23   2 -13
-21   4   4  17
-17  12   8 -12
-19  -1  17 -23
  0  24   7 -23
-19  -4  18   2
-23 -20 -17  17
-18 -14 -15 -24
 19 -18  14  -3
 21  -7 -11 -23
 20 -24 -11  -2
 16  13  18 -21
 17   2 -23   4
-17  12  19  -8
 16  19 -14  -4
-22  24  23  13
 23  14  24  -6
 -5   6 -20 -16
-15  17  -9  10
-16  11  -8   4
 -5  18  19 -12
  5 -17  15  16
-15 -15   4 -13
 -6   9 -14   3
 15 -22   5 -17
  7 -16  -1   9
 17 -21   7  -4
 14 -23   9  13
 -9  16  15 -21
-15   4  23  21
  3  10  21 -13
  0   0 -24 -22
-12   6  -1  21
-14 -10  16  -8
-14 -18   7  -9
 24  22  19  17
 -9  21  21  -1
-23   2   2 -10
 19  15   0 -23
 -8   5  -7 -15
 24 -14  24   3
 12  22 -15 -15
-13   8  13 -19
-17 -16  -7  24
 14 -17   4  11
 -8   9 -11  24
 21  14  -5 -11
  6  -8  -3   1
-22   4  24 -18
-17 -22 -16   4
 13   2 -13  13
 12  -1  15  -5
  8  -7 -17  21
 11 -18   0   3
 -9 -15 -10 -15
 20 -18  15  22
 -7  -7  -3 -11
 -8  10  -5   9
-11 -22  23  -5
 14 -20  -1  18
 -7  24  -7 -16
-11  -3   2 -16
 -2   2   5   4
  3  17 -19  -7
 -4 -10   5  -7
-22   9  11 -24
-12  -6  22  14
  3   7   8   9
 17  14  24 -22
-14 -23 -13 -16
  9   7   0   2
 20 -15 -12   5
 24   4 -10 -21
  0  18 -22   1
 20  23 -23  10
 12  -8  11   1
  4 -20   8  -3
 13 -24 -22 -11
-22  16  -3 -14
-12  15   7  10
 11  -3  -1   4
 16 -15 -13 -22
-17 -17 -17 -13
 10 -18 -13  -8
 -4 -19  -8 -21
  4   9  13   7
-15 -15 -20  -1