 -1  14 -19  -2
-17  -5  -8  22
-23  -3   4   9
 24  20 -21   2
  4   6  19  -6
-16   6 -17  22
 -3 -10   2  17
-20  18  15 -22
  4  19  -1  -3
 -9 -15   0  17
 -1  12   9  -9
 18   3  13   9
-12 -17  -8  18
 13 -10  -9  -9
 -7   5  22  18
  9  -5 -17  18
  8 -16  -2   8
 15 -14 -22 -11
 17   3   7  22
  9  -2  -7 -17
 21  15  -5  20
 20 -13  16 -24
-12 -17  -4  11
  3  18   4  17
 20  -3  -4  -5
  9 -24  19  14
  4  17 -20  22
  0  18   9  24
-20  21 -23 -19
  8   6 -13   7
-16  10  -8  20
  2  16  18  -3
-23 -20   2   3
-24  13   3 -22
 -7 -19 -24  24
  7  11  21  -5
-11  20  12 -20
 12   0 -22 -18
-21 -22 -16 -20
 24 -21  14  13
-11  -2   8  13
-13 -23  -7 -21
 12  10 -19  -9
  8 -19  17  10
  2  -4 -17  24
-22  24  11 -23
-20  24 -12 -16
-20   8  -5 -11
 -2 -24   8   5
-20  12  21   8
-20 -11  11 -12
 19 -23 -18  -2
 -1   4   5  -9
-24  -2  11 -21
-21  -3 -13   0
 -2  17 -15   9
-11  -4   2  -5
 -7  10   9   2
 -1 -22  15   6
-13 -20  -3 -23
  7 -20  16   5
 24  -7  23  -4
-16  19  15  19
-10  20  16  15
 -5  16 -23  -4
  0 -10  -7  21
-17   1  24   0
 -9  -9   2 -18
-22 -24 -20 -19
-19  21  13   1
 23  11   0   8
 16 -19   9 -13
 -9   1  -9  13
  7   7 -20 -15
  0  21  11 -15
-15  24  23  -2
 12   3   2 -16
-24  12   1  24
 12  20  -6   5
 -5  -1 -14  13
-20  24  18 -22
 -8  -6 -20 -20
-24  17  -4 -11
-10   4  -5 -18
-19  22 -10 -22
  2   5 -24  -4
  9  20  -7 -15
-21 -17 -17   1
 13   8  11  13
-12  14  -7  24
-20  -3 -24  11
 20  -3   2   3
  2  13 -10   0
-19 -12  20   8
 16  10 -19  23
-17  10   9  16
-21  23 -22 -20
-20 -19 -24  -1
-16  13   7   2
 -8 -18  10   9
 -6 -11 -21   9
-13  14  -6  21
 -1 -22 -21 -21
 -6 -20  18   4
 14  12  14  22
  1  11 -21 -15
 13   8 -20  -6
 20  11  -8  -2
-13   7   6 -21
-12  14  21  -2
-22 -15  14 -11
  1 -23  -6  24
 24  20   6   4
 11  22 -10   8
 -1   4 -18  -9
  0 -10   3   4
 22  14  -3  -8
-21   2  14  11
 21   1 -14 -17
 14  -3  -1 -15
 11  -8  13   0
 18   7 -17 -14
  7  14  14  13
 -4  22  19   0
-23   7   4   2
-10   6  -3  13
-18  21 -23 -18
 16  -5  -1 -18
 14  14   7  19
  7  -8 -20   2
 16  16   1   7
-10  20 -23  12
  9 -23  16   3
-21  23   1 -20
-18   9  -5   0
-19 -16  13 -11
-17   2  15  -4
-24  15  20  11
-10  -1  -6  19
 -5 -18  -8  -9
 -4  -5  20  22
 19  22 -24  -6
 -7  -4 -22   4
-24 -13 -13  11
 -1   3  -8   0
-20 -11   8 -18
-10  13 -13 -14
 -5  -2  -5  -1
 21 -13   0 -24
 17  21  22  -3
-16 -10   3 -23
 10  14  17   6
-18   2 -16 -20
-11   8   2  -8
 13 -19  14   2
 -5   6  -2 -16
  7  22  -1   5
-19  12  14  14
-17   6  10 -22
 -9 -12 -13   2
-23 -10  -9   8
 12  11   7  24
 21   3  23  21
-18  15   1 -14
 20  23  21  23
 24  14  17  -9
-22 -14 -22   5
 21  24   6 -19
-12  -3  20  13
 22  -6  -9  24
-10   1  13  12
 13  -7  -6   7
 11   0 -23 -13
-10  -3 -24   1
 -2 -20   9 -16
  7 -13  13  19
-19 -24  15  10
-20 -22   2  18
  9 -22 -11   5
 -8 -15  23 -12
  4 -23 -17 -12
-24  -8 -10   9
 -4 -20  20   3
 -4 -19 -19 -13
-19  22  16  -2
 -6   7   7  15
  2  -5 -24   3
 -8   9 -11  -2
-20  -5 -24  -7
 22  -5   4   8
  5  19   9   2
  7   0  12 -23
 17  16  19  -2
 22  -8 -18   8
-22 -17   0  10
  6   3 -18  -4
 12   8 -20  10
-10 -19  12  20
  8  -7  10 -21
  5 -16 -23  -3
-11  -2  -6  -4
 16  15  19   8
  9   1   1  -6
  2   9  16 -10
 13   3 -17 -18
 20   8  21  13
-13 -10  10 -19
 11  20 -16   7
-16  14   8  10
  5  23  13  16
 19 -16   5  23
 13  -8   2   5
-15   9   4  -2
 10   6  22 -17
  4  -4  -3 -13
 -5  -2 -16  -8
  3 -14  -6   8
-13  -3 -19  19
-12   6  -9   9
 -2   4   1   2
 -4  24   6   7
-24  -7  22 -11
 -9   8 -23  -8
  6   2   4   5
-15 -14 -17   7
 -1  -9   8 -12
-11   4 -16 -10
-16   4 -14  14
-15 -15  22 -18
 -3   2  12   3
 13  12  13  -7
-23  18   2   2
-22  -2 -18  14
  8   7  -4   7
  1   5 -10  14
-19  14   5 -24
 13  -2  -7  18
 -1  -6  -1  22
  5  -5 -20 -19
 16  20   1  -5
 -1  24  10 -17
-14 -20   0  -7
 -9 -16  -4 -17
 -5   0 -24   5
-11  -9  -1  15
 -7   6 -21 -19
-15   9 -10  18
-13 -20   2 -23
  0  22 -24  -2
-17  16 -16  23
 -1  -1 -21  -4
-15   6  11 -13
 11  21 -14   0
  5  18 -16 -22
 10   6  17   0
  6 -23  15 -14
  5 -13  20 -23
 -2  -9 -18 -17
-20   9   1 -19
  1  18   8 -17
 18   8  15   8
 18  20  -1  20
 -5 -15   2  -8
 -2  -7  13   2
  2  15  -6 -12
-24   6  11  12
 -3  10   2   0
 22  -6 -13  20
 18 -23   7 -18
 -3  -9  16  -1
  8  -1  12 -10
  7 -12  -8   5
  2   8  -4 -17
-11  13  22 -10
 17   8   8  15
-17   1 -10  15
 19   3  -6 -18
 17 -22  16  12
  8   3  -6   1
 -3 -10  12   1
 -9 -13   1  -3
-11 -12  -7 -17
 13 -17 -10  19
 10  21  -9  -3
 12 -12 -10  11
-22  10 -19 -13
 20  -8  17  21
 -4  -2 -16   9
-18  -9  14 -15
 -3  -4  -7  24
-14  -2  18  -5
-23 -16 -21 -23
 -9  15  -2  23
-17  -8 -10  -8
  5 -22  -7   2
-19 -21  24   4
 23 -10  -3   8
-10   7   8  -9
-11  13 -19   5
 20  -2   8 -10
-18  -6  -9   1
  1   3  23   1
 -9  11  -8 -20
 15   0 -14   6
 -5  -8   0  12
 18  22 -10  -3
  3 -14   0  -6
-22  20 -10  -8
 -8  10  -3  16
-22  19 -19   1
 23 -20  -8  10
-20 -11  14  21
-14 -12  19 -23
  7   4 -15  -9
 -3 -10 -11  -6
 16 -17  -5  14
  2 -11   7  -4
 13   4   7  21
 15  24 -17  24
 20 -20  -6  13
-15 -23 -14  -7
 -1  -4 -20 -14
 22  16 -20 -12
 20  14  17  17
 -9   1   1  -6
  3  24  23 -20
 -2   0  14  18
 24  24  -1   4
-24 -18 -11  16
  1   2  16   1
-16 -22 -23 -16
 -3  24  14  23
  7 -22  -5   4
 15  13   6  -6
-22 -24   6  15
  1 -13 -11  19
 -7 -19   7   8
 21  22 -18 -24
 -2  -9 -16   7
-12  19  -7   3
 -5  16  -7   8
 -8   5  23   3
 -4 -11  21   5
  4  17   5 -24
  9  14  22  -6
-10  -2  11 -14
 14  14   5   9
-15  21  22  -8
 23   5 -14  11
 18 -24  -4  -5
-17  -1   9   6
-24  14 -23 -20
 11 -16 -14  21
 16  -7  10  -1
 17  21 -16  21
 16  23 -16 -16
-18  21  22 -21
-18 -22 -11  -6
  3   2   7  11
-13   3  21 -14
 21 -21   7 -14
-18 -12   7 -20
  3 -10  -7  18
-11  -3  10  -4
  3  24  13  22
 -5  19 -17  20
 -9 -13   9  10
-13 -24  12 -18
  6  16   2  10
-10   7 -12 -19
 -9 -23 -19 -15
 13   9  24   3
-13  -7  18  22
 -2 -23  -5 -12
 -5 -10 -11  17
-22   6  -9  -3
 22   7 -17 -13
 -8  16  14   7
 -5   2   4  -8
 22  14   3  -2
 -7  20  -3  -5
 -9  -8  12  19
 16   0  18  24
 -9   8  -8 -15
  1  10  24 -19
  1 -16  -8  -9
 12 -24 -20 -10
 -9 -10  -1   1
-23  -2 -17 -15
 21  -1   0   3
 11   0 -20 -24
 16  12  -9  19
  2 -10 -18  14
-14  -8  23 -23
 -8 -23  16  15
  9   8   7  -3
-16  16 -23 -17
  1   2  12   3
 -2 -16   8 -21
 19 -19  12  -9
 11  -2   8  -2
 12  23  -1   1
  7  -4 -16 -19
 -3  22   4 -24
-17 -24 -16  -6
  6  -5   6  18
-18 -20   4 -10
-14  14 -14   3
-13 -13 -11   2
 -3  12  10  15
  5  13  17  -4
-12 -19 -24  22
 17  13  24  12
 -1  -4  18   3
-18  14   7  23
-14  14  17   6
 16  17 -24  13
  5  13 -21  23
-13  24  10  24
 -2 -10  15 -17
-24   1  18  -7
 21 -13   4 -15
  3  -7  23  12
-19  -2  -9   6
-14 -17  12 -13
-20   9  -3   6
 -5 -13   0  19
  7 -18 -22 -21
 16   4  19 -14
 16 -22   0  17
-10 -24   7  11
 -5  11  11  18
-19 -17 -15   5
 16  -8  -4  22
 -8  -7   4  -7
-10 -22  -6   8
  0  -7   7  -6
  3 -15 -11  19
  4  20   1  -7
 14 -24   3 -14
 16  -6  17  21
-23 -13 -11  -5
 17 -23  15   8
-18  12   2  -6
 -7 -19 -17  -6
  1  -3   0  12
-14  -6 -15  -7
 21   0   9  -3
 16  11  24  22
 -1 -12  16  23
-14  21  24   1
-14  11   9 -23
  3  -7  22  22
-20 -13  12 -18
 21  -9   4  -1
 23   0  12   5
-10  -6 -22  10
 19 -24  -6  21
-16  -1 -23  14
-20 -19 -15 -22
-11 -21  16  -7
-21   1   5   1
-16  16 -23  24
-11   2  -6  19
 17  23 -16 -11
-11 -18  -2  18
-23  16 -13  -5
 -6   7 -15   2
 -6  -1  -9  -6
  8  17  22   9
  2   6  11  17
  1   5 -13 -19
 -4 -20  23  -6
 -6   6  -5  -9
-14 -24 -20 -24
 -5  -3 -22  22
 18 -10 -14 -19
 -3 -24   9   6
 19   4  16  -7
  2 -16  -9  -1
  1  -5  23  13
 -7  -5   4 -11
-13 -14  -8  20
-24  15  14 -15
-10  -4   6   6
  8  -2   4  -4
-11  -4  18   7
-16 -17  12  24
-21 -10  -3 -22
 19 -22  -2   9
-24   8   9  18
-10  20 -12  -8
 -8 -17 -14  -1
-10 -11   3   1
 -5   0  19  22
 -3 -21 -23   8
-24  -1  -2 -13
-19 -17   8 -18
 -5  19   8  14
 -1  -4  21  19
  0  -7 -20   1
-23   3  -1 -21
-19 -17 -13 -10
 17   2  22 -15
 16   8 -10  14
  8 -18 -22  -9
 -9 -21   3  19
  3  17 -19   4
-15 -23  14  21
  9  21  21   7
 -4  21 -24   8
 16 -12   0   0