-17   4  14   0
-10  20   1  -5
-24 -22 -23   3
  5  21   8 -19
 -6 -20   6  14
 -4 -17 -15 -21
 11 -22  24 -24
 15   2   0 -15
-13 -16   4  23
-14 -15   6  11
 10  13  22 -10
 -8  -2  -7  -4
  8   8  -3 -15
 -6  -9 -13  17
  7 -20 -12   3
-24  -2   7 -10
 11  -3 -10  10
  1  -6   7 -23
  0   9  -8  -8
-18  17   6 -14
  3  16  -6  -2
 16  -6   6   8
  2  20 -12 -11
-20   3 -11 -20
 -5   7  -6 -15
  3  14 -10  16
 -5 -23  20   5
 11   1   4 -24
 -9 -10  10  -7
-17 -15 -10  10
 -1   7  13  23
 -4  24 -24  16
 19  -4 -15   4
 23  23 -22  11
 -2  -8 -17  -1
 20 -10 -23 -12
 15  18  -7 -20
-24  -2  24  20
 -7 -23  17 -24
-11  13 -16  -8
-23 -10 -19 -19
-19  -7  23  -5
 -6  -2 -15 -24
-22 -12 -17   6
 19   5  15 -12
-18 -15  24  22
 11  13  14  11
-12 -11  15  -2
-13 -24  13  12
-12  -9  -2  10
 -8  -8 -12  13
-12   3  10   4
-16   3   7 -18
 20 -10  12  19
-10  -9 -15  -7
-21 -23 -23  18
 -5  -5   4  -4
 -2   6 -14 -18
 -8   3   5 -21
-15  18 -13  12
 22  11  16 -19
  5  21  -7 -21
  4  17  23  24
-16 -22 -18 -16
 11  15  24 -17
 14   1   3  -1
 22  12  21  12
 22 -14   6   9
 16 -15  -6  17
-15 -19   0 -13
-12  -3   3   8
 20  21  13   8
 -4 -20   4  12
-11  13  19  -6
  3  -7  -2  22
  4  -3  11   2
 23  20   5  12
-16  -5 -17  12
 15  -5  17  -8
  6  15  11 -12
 15  -3   4   1
 14 -24  19  14
  7   2  10   7
  0  24  19  24
  4 -21  19 -19
-20  19 -24   4
-24  11   8   2
 12 -11 -10  12
 -7 -18   0  -9
-23 -21  -4   6
-11  20  21  10
 -7 -13   1 -17
-19  23  -5   8
-14  17  23  19
  9 -19   0  15
  5   9  -7  -1
-13   5  11   4
-17  19 -24 -24
 -2  17  12  22
-13 -13 -13 -19
  4  15 -15  12
 22  -4 -15   3
-17 -13 -14 -24
-13  23  -2 -18
-10  -3  -6 -13
 18 -23 -20  23
 19   7  24 -13
 15   3 -24 -20
 -9 -21   3   3
-11  14  -8 -17
 10  24  22 -15
 -4 -14   5  19
 24 -10 -22   5
 15  17  14 -12
-22 -19  -8   3
 15  -8   5  23
 -2   9 -16   0
 13  16  10  13
 21 -10   3   8
  0   5  -9  21
-16  -7 -21  13
 -7 -23 -15 -15
  4  12  18 -20
 -2 -14  24  24
-22  13  -9 -12
 15  11 -13 -19
 23  14  17  -8
 -6  -8   2   5
 12 -12 -12  12
 10  18   7  -5
-16  -9  -5   4
-15  23   2  15
  8  -4 -20  16
-13 -19  -8  -5
  2  -5 -15  -6
  0   0 -24   0
  8  20   6  21
  1  -5  -3  23
-24 -23  -8   3
  5  -1  23  20
 -8  -1 -20 -16
 -2 -17 -15   6
 19  -5 -11  11
  5 -13   3  16
 -2 -11 -14 -19
-15   7  22  11
  0 -15   1  -3
-12 -24   3 -21
 -3  -3 -10  -9
 12 -10  10 -11
 21 -14  -4 -10
 13  -2  -7 -18
-22 -16  14  -7
 15   3  -8  13
  6   9  20   5
 10 -22  21 -10
 22  21   3  -7
-16 -10   9  19
-19  13  24 -22
 -9  -8  24 -22
  5  19  11  -8
 13  -1  -7  15
 14  15   3 -16
 16  -6   1  20
 -4   0 -16   0
-13 -24  19 -12
  4   4 -11 -20
 21  -3 -12   9
 17 -18  -5  -4
 -8 -14 -24   4
 14   9   9  12
 15 -23  -7   8
 18   8 -24  10
-18  -8  18 -20
 12  13  10 -17
 -4  11 -22 -20
 20 -22  23 -10
 -5  13   6 -11
-17   5  21  -5
  4  -7  -7  -9
-11  -2 -11 -16
 18   0  23 -21
  9  21  -4  -9
 -5  -5   2  15
 20  13  -1 -20
 22  -8  22   5
  5 -20   7 -22
  5  -6  10  10
-19 -22   3 -22
 -4 -15  -6 -15
 20 -15 -15   3
  0 -24  13  17
 14  -6 -14  16
  7  10 -22   6
  6 -22   0  15
-22  19   3   6
 -9  13  -6   3
 -4 -19   8   4
  1  14 -22  23
-14  13   0  -2
  3   8 -20 -20
  7  17  10   0
-14 -16  -5  15
 17  -6 -18 -19
  6   4   4  16
 20  14  23  -7
 24  19  22 -21
 18  21 -16   1
-17  12   7   5
-14   5 -13 -14
  6  18  -4 -21
 10   5  20  18
-22  21  -1 -15
-12  -8  -1  16
 14  -1   3   5
  8  13  -6 -18
  0  -7 -20 -15
-22 -13   9  16
 21 -20  16 -24
  7  -5  15  -8
-24   4   8  12
-18  -3 -22  12
 23  -4  10 -13
 23   5  21 -16
 24  -2 -22  16
 -6   8  15  -6
 -1   0  -4 -24
-11  -7 -15  23
 22  -7 -19  18
-23 -20   3 -21
-14   8  -4   5
  7 -24 -10 -21
  6  23  16  -2
-11   5 -12 -13
 15 -24  17  -5
-16   5   2 -22
 20  -4  18  -5
  8 -15 -17   9
-16 -23  22  -9
-14  23 -13  -4
 16  -6 -18  22
  0  21   2   0
 -5  -2  14  -5
 13  21  -8 -24
-10   6  23  12
-22   9 -21  18
-24 -17  16 -21
 23  10   3  20
 24 -23 -17  -4
-19 -18   3 -15
 24 -13  -6   9
-12  22  24  10
-24  18   8 -20
 13   6 -16  -9
 15 -15  -5 -21
  8 -16  12 -23
  7  14   9 -12
-14 -15 -12  21
-20  20 -11   6
-22  -5  -3 -10
  6   7 -16 -17
 14  11 -21  -4
  6 -20  -5 -24
 24 -12  15  -7
-24  23 -10  24
 10  14 -19 -18
-13 -21   6 -22
 -8  13  -5  14
-19 -20  15  20
  5  21   3 -16
 10   0  22  11
 15 -17   6  -6
 22   0  18   9
 15 -22 -10  12
-21  23 -16 -13
 -7  -1  -6 -24
 -2  11  -3  13
 12 -19  10  17
-23  14 -21  -4
  4   4  -7  -9
-19  -5 -24  22
-21   2  -5  19
 18   6 -17 -11
 -1  15   0  12
 10  11  11  -6
-16  21  17  22
  3 -10 -16 -19
 18  10 -21 -17
  6 -13  11  15
-22   9 -20  18
 -5 -14   2 -14
 -7 -20  17  -4
-14  -1  -3  -7
 15 -10  24 -16
 -9   2  17 -10
 24 -12  15  11
-19  14  -2 -13
-13 -16  -7  -6
  7 -16 -23  24
-11 -16  22 -11
 24   3  13 -10
 -9  11   0  18
 -8  13  -4  20
-12  -5  -4  12
 -8  -5  -2  23
 24  18   3   8
  5  12   6 -18
 19  -1  11   7
-24 -14  17 -18
 20   2 -24  16
 -4 -23  10 -13
-10  -1   5  -4
  0 -21  19  13
 -1 -12 -10  20
 11 -23  -4  19
  0 -18  16  20
 18  24 -13  18
  2 -21  16 -17
  7  -2  17  -9
 13  13  -6 -22
 -3  -3 -12  16
-19   3  18 -10
-13 -16 -21  11
-22  15 -12  -5
  6  -4  11 -19
-19  16 -16  -9
 -1  21 -10   4
 -8 -22  15 -18
-19   9 -13  -6
 -5   5  -8  23
 -4 -24 -16   6
-12  22 -19 -16
 -1 -10  -3   1
 -3  15  17  -5
  9  -1 -24  -2
-24 -15  17 -17
  7 -15  -8  18
 24   6  -6  -3
 -5  -7  22  -6
  7  16  11  20
 -2   6 -18 -14
-14  -8  15   9
-23  20 -17   2
 16  -2  -2 -23
-21  24  12  -1
  2  15 -10   4
-14 -15 -18 -18
-22  -8   7 -22
 19 -19  15  18
-17 -23 -21   3
-16 -19 -16  23
 -9   4  -4  -6
-20  22  16 -16
 -2   9   7  11
-14 -11  24  -8
 -7 -17 -17   2
-19 -24 -15 -14
-15  19  19 -12
 -4  23  -7  15
-21  22   6  -2
-16  11   2   3
 11   1 -15 -12
-12 -17 -19  15
 21   1   0   4
 -6  22  14   7
 -8 -24 -15  -1
-10 -15 -13   9
  6  -2 -21  22
  9  18   9  23
  7  23   5   0
  2  21 -16 -18
  7  24   5  -9
 14   0   6 -15
-21   4  23 -10
 16  16 -12  19
 -3 -23  -8  -1
 -8 -15 -22  -8
-13   9 -22   1
 16 -22 -20   5
 19  24 -14 -14
 -5 -23  -9   6
 13 -10  -8  14
 17  16  -2 -18
 -7 -17 -15  13
-24   0  13 -16
-11 -14   2   0
  2  18  19  -9
  3  23  23 -12
  0  10 -21   0
 -1 -16  10 -21
  3   2  15 -19
  8  19  -5  -8
 14 -12   6   9
  7  -8 -23   2
-11   5 -24 -10
 -9  13  11 -10
 12  13  19  -8
 21   4  -9   7
  3  -6   1   2
-12   5 -13  14
-22  -7  -1 -23
 24  21   2  14
 -3  17 -22 -10
-13   2   1 -15
 17   7   0 -16
  6  17 -17 -15
 14  23   0  15
-20  18  13 -21
 24  11  11 -11
 22  21   3   1
  8  19   7 -17
-19  24 -13  17
 18  10 -21 -22
 -4   4   0  19
-20   3 -14 -13
 12 -10  -5   3
 -9  24  19  11
 -8 -13  12   4
 14 -13  12 -18
  5  14  15 -10
 18   1   9 -17
 16  -5 -13 -22
-23  -5   2   4
 20  -6  20 -14
  5   0  21   1
-20 -17   7 -18
-21  11   9 -24
-10 -23  -5 -23
  4  -6   8 -21
 -7  -9 -13  15
-12   7 -20   2
-20  -3 -18   4
 10   4  20  -2
-22  11   1   2
 -8  14  22   0
 -2   1  19   9
  5  13 -17  18
-10 -14  19  -3
  8 -10   8 -16
  1  11 -14  18
  3 -22 -21  -5
  8  -5   1   8
 16  18  -8  14
 13  -5 -16 -21
 -2 -17  20  -6
 -4  -6 -18 -21
-18  16   1  -8
 14  17 -21  -6
-22  -7  18  -5
  0  -9 -14  -6
 21  14  -5  23
 19   0  -1  -9
-22 -22  -1  -1
 11  -2 -17  -6
 23  15  14  15
-15  14   5  -5
-11   0   6 -19
-12   0  -8  11
  3  13   2 -16
 15  19 -18 -11
-17  -4   7  18
 -5  -8  10  19
-15 -23 -15  20
-15  17  -5 -15
  5   0 -23   3
  6 -19 -22 -20
 22  13  -2  18
-16 -13 -17 -16
 15  19   3  10
 18  17 -16  -9
 -3 -24   1   0
 -9 -23   9   6
-21  22 -14  23
-10  -9  21  17
 -8   1 -11  -9
 -7 -19  18  16
 13 -18 -20   2
 11  -2  -5   7
 -4   3  20  10
 -4   0 -14   8
 -6  16 -18  -2
  4 -15  19 -22
 -2 -17   0  13
 21 -23  21  13
-22 -17  23   4
  8  21   3  14
 14  15   9 -18
  3 -13 -19  -9
-18  -1  14  16
  6 -10   2  21
-22  20  -3  -2
  2   2  -5  -1
 15 -23 -22  10
 21  17  18  14
 10  15  -6 -20
 10 -18   5  20
 -2  12   9   3
 17  -1 -16 -18
 -4 -11  -4  11
  2 -15  19   8
 22   9   4  22
 -5 -18 -20 -19
 15  -2  13   8
 -9  14 -17  -4
-18  10   6  -3
 -6   7   2   3
-11   3  18   2
 23  11 -14  22
  3  -8 -15 -23
 -9  -3 -20  -9
 23  14 -12  14
 13 -16  -9 -13