 -6 -15 -24   7
-22 -13  -8   8
 24   0 -24   0
 12  -8  21  21
 22  24 -15 -13
  5  -7   8  14
 -9  21  -2   9
-12 -21 -23  -4
  3   2  13   4
-11   0 -20 -12
 -2   6   3 -23
 18 -15 -18 -18
-12  18   2 -11
  5 -23 -18   8
  4  -3 -14  -6
-13  12   7  21
 -3   2  15 -14
  4  -5   1  17
-20   6 -20 -10
 -8 -12 -14  12
 11 -10 -17 -11
 20 -17   3   0
 19  -6  22   0
 18 -14  -4 -13
-11   8  11 -17
  0  -9  14 -16
  6  -8  -1  22
-21  24  15   0
 22  -9   5  19
 14 -10  16  -1
-21  -6   5  14
  0 -24 -21   7
 23 -24  13  11
 -6  14 -20  20
 -6   8 -23  12
 -3  15   4   4
-12 -22 -12  19
 21 -18 -17   3
 21  -1  23   1
 10  22  12  23
 23   4  -3   4
  7  10   7 -22
-14  15 -20  -7
 13 -16  18   9
 -2  16 -15  -2
 22  -3 -11   4
-10  -1  18 -24
 15   8  -2 -16
-17   5   5  12
 17  10  -7   1
-19  -6 -23  -9
 -7 -21   3  24
  6  -6  18 -23
-17  -4 -15  22
  8 -15   9 -11
-15  13   6 -17
 -6  24  -3 -15
-22 -22   2  -5
  2 -15  -4  20
  9   9 -10  -8
 10 -22 -16  -9
  4   0 -13   0
 19  17  -2  18
-15   0 -19   0
 -6  24  10 -23
-14   3   1 -12
 21  23  17  14
-14  15  17 -12
-16 -15 -24 -19
 12 -20 -24   0
 20 -24  -9   2
 14  16  13  -8
 15 -10  -7 -11
 -5 -24  21  23
-18  10  -3  15
  9  -4   1  -8
-14 -14   0  11
  9  -1 -24 -22
-24 -18   8 -10
  5 -13  23  -5
-13  21   4 -18
-12   0   5 -14
 -3  -5   9  14
 24  -4   3  24
-12  17  13  -6
 -2  12 -20 -13
-12  11  14   4
 -6 -15 -24   9
 -8  -4  13 -13
 18  17 -14  19
-14   3   6 -16
 -3  22  -4  14
  1 -15   1 -23
 19   3 -16  -9
 -4 -10  -1 -11
 18  20 -18  -6
 22  17  24 -17
 18 -19  23  -4
 -2  -2   1  21
 16   1  -2 -12
 -5  19 -22   1
 -8   9  -7  -2
  5   1 -23  14
-16 -23  15 -14
  2  -6   2  -6
-13 -14 -23  -1
  2  20   6 -12
  3  19 -18 -14
-23   0 -23  -6
 -9  -1  19  -7
-22   4 -19 -13
 -9 -13  -4  11
-17   2  21   1
-14 -19  12  19
-20  23 -20 -16
  6  -7 -22 -16
 -3   1  24  -1
 23   9 -23  23
-22 -20   5   3
-20  21  -6 -22
-10  12   2   6
 19 -20   0 -16
-11   8  19  17
  4  -8   4  23
  8   8  13  -7
 19   6   4 -16
  0 -15 -10 -16
  2   9   3  21
  1  21   8   3
 23 -19  -5  14
  7   9   2 -19
 -4  13   1 -17
 19  19  -9   3
 -3 -14 -24  12
  4   2  -7 -19
  9   6  -5   0
-16   2  24   2
  5 -20 -20  21
-20  16  11  13
 21  -4  19 -16
 17  16 -22  -8
 16 -21  -5  12
 -1 -18  18  15
 23   5  12  16
 24  15  11  22
 23  15   8 -10
  1  -1  17   0
 24  -9  10   0
  4 -12  -3  -5
 -6   9   5 -10
 -2  -1  -9   4
 -3  21  -1  -1
 24  14 -23 -10
 19 -10  -8  -3
  1  -2   0   0
 -9 -24 -22  20
  0  11 -21  -6
-12 -11  -5  15
 -3  10  17 -14
-17   0  14 -14
 -3 -22 -14   7
-14 -23 -21 -15
 22 -15 -15  12
-17 -13 -20 -18
 10  21  16  10
 21  20  11  23
 11  -6   3   6
 20   1  -4   0
 24   0  15  24
 13  13 -13 -11
  4 -17  -4 -16
-13   5 -11 -23
 24  -1 -24  -5
 12  11  -6 -22
 -8 -19  -1  23
 -2  -3  -5 -15
-18  24  21   3
-14  10  11  -9
-15   5   3  -3
-22 -12 -12 -20
 24   0   1  12
  7  15  13  -3
  4  -1   2  19
-17 -11 -17  20
 21 -20  17  -9
-13 -10  -5 -11
  8 -18 -17   3
 21  10 -11  16
  3   5  -9 -13
 -2 -18  -3   6
  0  22  21 -24
-22   1 -18 -19
  6  -1  17   8
-20 -18 -12  13
 -3  22 -24  -1
-15 -17 -12 -14
 15 -15  18  -6
-19   3  23  12
 15  -7  16  18
 -1 -11  21  -8
-22  -6  22  23
-13 -17  -5  -9
  9   6  10  23
-24 -15  -2   1
-16  -4  -2  -7
-22 -16 -22  19
 -9 -16   3   3
-13 -17 -23  -2
-24  -8 -22 -20
-22   4 -21 -14
-10 -24  -7   3
 -3  16   8  -1
-13 -15  21  23
 12 -15  11   3
 19 -23  21 -23
-14 -18 -20 -13
 13 -13 -20  20
-23 -19  19   5
 11   9  16  16
 19  20  -6 -10
  4   4   2  12
-19 -12 -11 -14
 -6  17  15 -15
 -4 -14 -17   5
-24 -15  18   3
  6  20   5 -18
-10   9  14  22
 12   3   0  -8
  7  -4   7  15
  2  -4  15  13
 11  14  22 -14
 -5 -17  -9 -11
-13 -10   5  13
 23 -17  -8 -23
-20  24   0  23
 -5  24   7  -7
 14  16  23 -10
  6  -4 -24 -12
  7 -13  -1   3
-21  24  12   0
 18  -9  20  -3
 11  22  17   0
-12 -21 -14  14
 -6  14 -19  12
-12   9 -13   4
 -1  11  -2 -16
 -5 -21  14  -7
-19 -11  -3 -10
 13  -7 -24   5
 11  18 -19   9
 24  10   0  -9
 -9 -16 -18  -1
 24  -6 -23 -20
-20   0 -22   0
 16   2  -4 -20
 -9   1  15  14
 -6  -1 -21 -14
-10 -18 -21  10
-17 -24   9 -19
-13 -11  -3  22
 16 -13  -3  -2
 -6  -9 -22  15
 24  -6  21  12
 18  -6   3 -14
-23  21  -9  19
-12  21 -23   7
-13  16   9  24
-20  14  15   7
 20  10  21   3
 11  16  -1 -20
 11 -17  20  14
-22 -19 -21 -13
 12 -13  10   6
-19   8 -23  10
 18 -12 -10 -13
-16  24 -23  -2
-11   6   6  24
-13 -23 -12   7
 -7   3 -22 -13
 18  -6 -11   8
 -5   8  -3   0
  1  -6   6  12
-11  -7 -22  12
 24 -24  15   4
 -3  22  11  18
 24  10  -2  22
-16  22  12  -7
-21  21  18  -7
  2  -1  -8 -10
 14  21 -24  18
 15   4  -8   8
 -8  -2   6   5
 21   8   7  19
-14  -8 -22 -23
 -5  -7   0  18
 -1  -9  11  21
 17   1   9 -11
  1  18  14  23
 -6   7  22 -14
 14  10  23  -9
  8  24  -8  20
 12  12  -7   0
 11   6  -4 -11
-11  24   3  22
  7  -9 -11  21
  7   5  12  19
 13  15  16  -5
 20 -19  23  20
 20  23 -23  17
 11 -22  14   7
 15   4 -14  17
 -3 -10 -19 -12
  2   5 -22 -21
 20  21  -1  15
-11   0  -9 -21
  8   9   0 -16
 24 -20  17   7
  7   9  -4 -24
  6  19 -22   4
 14 -13  -3   9
 -1  23  -2 -13
-12   7   3 -17
 11  19   7  24
 -4  24  15   0
 12 -23  -4  23
-23  20   7  17
 -5   6  17  -5
 -8   2  -2   6
-20 -15 -12  22
  2 -18   0  15
 20  -7   9  -7
 15  -5 -19 -14
-13  22  -1  12
  0  17   3   4
 21 -24  19  20
 15  -2  -7  -2
 -5  -4 -14   2
  2 -24  -8 -14
 -4 -13  13  13
-22   7  -3   2
-20   3 -10  -3
-13 -22   2   0
  7   5  10  -7
 20  18  -8  18
-21 -16  22   2
 11  17   3 -11
 -4   6   5  -1
  8 -14 -17   2
 -9   1  -6 -18
 -3 -17 -10  -7
-17 -18 -10  12
 24 -14 -19  -5
  4  -6  20  21
 -3 -17   7 -11
 15  -6  -4 -24
 13  13 -23  18
 -3  -5  24  -3
  3 -15  -9  16
 11  -7  -9  10
-22 -16  12  13
 17  18  10  18
-19 -16  11  23
 -9  19  13 -16
 19  18 -14   1
-10 -24 -24  10
 -7   2  20   1
-13 -19   8  21
-14  16  22   5
 21 -16  22 -14
 13   8  17 -14
 17  -2 -12  -6
-13 -18  19  15
-21  -6  -5 -22
 10   9 -15   3
-12 -17  12 -21
 16 -20 -18  -8
-12  -6  16   6
  3  -5   1   2
  8 -20  -2 -23
  3 -21  20  24
 22   3 -16  17
 15  -9   1  20
-20  10  23   3
-22 -24  -1 -14
 -6 -13  22  21
 -4   8 -20  11
-16   5 -11  11
-10  -9 -24  24
  6  21  21  21
 16  -5  11 -14
-16 -23  17   9
  7  19  21 -12
 -1   8 -15  -4
-10  15  18 -24
 -5 -21  -4   5
-13  -1   5  12
 18 -22 -15 -24
 -9  -1 -15  -2
 22  24 -18 -21
  5   5  23  -2
 21  -6 -21  18
-10  22 -17  -3
-13   9  -8 -23
-18  15 -20 -10
 17   3 -12  18
 -7 -11   3   1
-14  -9 -22 -20
-11  -5   2  18
-18 -15  18  22
 20   9 -12  20
  3   4  23  11
 -1  -9   4  24
-18  -6 -17 -17
-16  -2  -7  -6
  4 -13   8  10
 15 -16  24 -15
  4   3 -23 -22
-13   3   5   9
 22 -18   6  16
  3  21   0  22
  2   7 -12  13
-11  14  20  -5
  6  20  16   3
 11  10 -22  -5
  1  -5   5 -21
-13  23   9  11
-16   3  12   6
-15  11 -22  -8
-24  -5 -12  -1
 22  12  -5   8
 15  13  23 -22
 18  17  21  16
-24  -5  -5   9
-19   3   8  19
  3   7  23  -3
 22  10 -21  -1
  1   1 -24 -21
-15  19  11 -22
 10  22 -18 -22
 22  11 -20   7
 19  18   9  11
-10  21  -2  -3
-19   5   0 -21
-13   6  -6  13
-24  -4   3  -6
 -9 -11 -16 -10
-16  16  20  10
-16  -5  17 -24
-10   5  -6  17
-11   0   9  -8
 11 -18 -19 -21
 -3   7  -6  -2
-24  15 -20 -17
 24 -16  -4  15
 -3  13 -18   0
-17  10  -7  -6
-16  17  -2  19
  3   9 -16  -2
-19  10  11   6
-12  -4 -21  -9
 18 -18   2 -22
  4 -24   7  -5
 11 -23  -9  14
  5  -1  18   8
 -8  11  -6  -3
  5 -14  21  18
 19   3 -16  20
  3  -7  12  -8
 23  -3 -10  24
 13  12   4  11
-10   2 -19 -24
 -4 -15 -15  -8
 -8  -3  22 -19
-18   3   0  -7
 22  14   7  18
 -3   7   3  10
  1  16  13  -4
  1  11  19  15
  4  -7   3   0
 23  17  14  -2
-11  24  -9   8
-20  -8   4  24
 22  24  -4  11
-22   0  -1  24
 11   0  -3 -15
-18   3  23 -24
-11  13  17  20
  9  12 -15  19
 23 -20   6  17
  3  13  -9 -19
 18  10  -4  23
-13  14   2  23
-19 -12 -10  -3
-14  12   9  -3
 10 -18 -10 -23
 18 -12  23 -10
-13   9   6 -16
-15 -15 -16 -23
 13  16   6   1
-10  15 -10  -8
 -5  -8 -13 -22
 -5 -10  11   6
 -4   3  21  -9
 -1  -6  12  -4
 12  15 -18 -17
 21   1  -6 -10
  4  12   7   6
 11 -21 -23  24
 -8  13  -3 -16
-11 -20 -16   9
 23 -15 -11 -10
-18  22  -1 -10