-20   0  -9   9
  9   5 -22 -23
-16  18 -13   0
  6 -18  16 -16
-10   2 -22  23
 16  16  -2  24
  3 -20  -1   9
 13  -7 -12  -3
-11 -24   5 -11
-12 -17  18   2
 -4  14   9 -20
-24 -15 -14  -8
-12 -17  12  -4
 15  -6  -9   1
-18 -21 -19  19
 -2  -5   9  10
-18 -10 -14  -4
  2 -15 -22   7
 -6   8   1   9
-23   2 -20  -1
  7 -18 -12   8
 -4  15  -8  22
-22  -7 -24  22
  7   2  23 -21
  1  -9  22  21
 14   2  15 -16
-22  21  -2  -1
 22  -6  -3   3
 -5  17   8   7
-21  -7  -8  19
 19  -2  -8   9
 -2  -4  13   3
 18  16  22  16
-10 -22  17  -8
-20  18  -4  11
 18  14  24  13
  2 -14  20  -1
-23  -9  -8   7
  8 -14   2   2
 -6  10   3  -5
 12  22  -3   5
-22  13   3  -2
 -2 -13  10 -16
  2  22  12 -12
 -1 -23 -12  -8
 -8   9 -17 -15
-12 -12  -4   9
-18  22  21   4
-17   2 -13  20
 19  16   2   8
 -2   5   7   0
  9   6   5 -14
-12 -23 -24  10
 -3  22  12  13
  6 -14   6  21
-17  15  -6 -10
-17  -2  13 -17
-19   9  23  -1
 -5  -9  24 -19
-12  24 -18  -6
-19  14 -12   3
-13  -8  -1 -20
 21  -3  -3  22
 20 -12 -23 -20
-17 -22  -6   3
 -8  13  -5  -6
-19 -16 -12   3
 -6 -20  12 -18
-20 -19  10 -21
 -4   7  11   3
  8  11  16 -17
-14 -24 -22  12
  8 -15   4   6
-18  -7   1  20
-14 -16  21  -1
 -1  24 -11 -21
 13   0  -4  -6
-17  17  17  14
 10 -24 -17  24
 -8   3  17  -2
  0 -19   0 -20
  8 -24  12  -3
-13  16  22   4
 24 -23  -2  -5
-10 -16   3  -6
-22  -1 -13 -10
-12  21  13  -5
 24 -11 -11   2
 -6  -8  -1   2
 -6  14  24  -3
 -7   9   5  12
  2 -13   4  19
 -2  12 -12  13
 -8  -1  15  -1
 -6 -13 -14 -14
 -8  13  16 -16
-19 -19 -13  -4
 -4   9  -8  14
-13 -16  17  16
 17 -15  16 -22
 21 -12  11 -20
 -5 -13 -24 -24
-17   4  19 -12
-11 -16  -6 -18
-18  19  11 -15
-20  14  15 -21
 18   7 -16  24
 15  -3  13  14
-13   9   9  23
-21  15 -22  23
 -6  20   2 -24
  0 -23 -22 -23
 18   4 -18  24
-22   3 -22 -23
  2  24  15  24
-19   8   1 -17
 16   6   5  -9
 -9  -4  16  14
  5  23   4   8
 11  15  19  -2
 17 -14  17   3
 16  -6   0   6
 -6  13   8 -22
 19   0 -11 -19
  2  23 -20  -5
 -9   2 -20   9
  4  17  18 -22
-11  -6   6 -18
 -2   8  10 -23
  2  13   0 -22
 23  -9 -13  13
-10 -20 -12  11
-10  -8  -4 -16
 16   3 -19 -18
 -8 -15   0  14
-22 -12  22  -4
  4  -6  12  11
 -2 -20 -13   5
 14 -10   4   2
 -1 -14  -4 -10
 17   9  13   3
 21 -11   8 -16
 22 -14   0  17
-10  -4  15  12
-16 -23   0 -11
  5 -19  20   9
  0   8 -22  22
 20 -16   2  22
 10   9  -4  -9
-14   1  -2  14
-15  23 -24  24
 23  -8   8  20
 -9 -16 -12  15
-19 -21   9  11
 -7  -5  24  -8
  7 -20  15  19
-16  18 -15 -13
 11  14  15 -23
 18   3   6  13
-12  -6  24  17
 -9  19   6  -7
 -1   0   7  -5
 18  10 -11   4
 21  -8   6   3
-15  16   7  -3
-13  12  24  22
-21   2  -5  19
 -1   1 -15 -17
 18   9  20   1
-14  15 -24  -8
 11  -6 -17  16
 19   2  -5   2
 18   4  11  -3
 -5  -2  -9   9
-14  19  -6  -2
-24 -19 -21  -5
 -6  11 -24   9
-19   3  11  -7
-16  19 -21  -2
-10   0 -24 -14
 -5  10  -3  16
 -5   5   6  12
-21  -5   9  20
 -5   5 -17  19
 22 -22   5   5
  0  20   1  16
  2  14  22 -15
-18  13  20   5
  1 -23 -15   6
-16  20 -15  11
-13  20 -17 -13
-15  -4 -24  17
 -1  -3   0 -18
-19  -3  22  13
 24 -15   0 -21
-15  -7  13 -23
-19  -5  20  -8
 -2  -7  -7 -12
 13  -6  -4 -14
-22 -18  19   8
  9   3  -2  -4
  7  15 -21  11
 16 -14 -19  23
 -3  -9  18   7
 -2  16 -20   3
-18  -2 -23 -20
 14 -15  23  -4
 23   2 -13   6
-20   7  -4   2
  4   6  23  -2
-16  -8  12   7
-22  11  19  14
  5  -2 -11   1
  5   1  23 -17
  3  -1  10  19
  9  17   8 -16
-23  -1  -8 -22
 18   1   2  21
-18  -4 -11  -1
  3  -9   7 -20
 23  21   2  22
  6  22 -23  16
-10 -17 -24  22
  9  24   3  -8
  4   5   5  11
  0   5  18  23
-18  13 -20  -4
 12  -1 -16 -20
-12  23 -24   5
  8   6  10  16
 11  10 -21   1
  2  16 -21   8
 20  17 -22  -3
-12 -17  19  14
  3  16  -3 -24
 -7   6  -9 -10
 18   4 -16 -18
  9 -11  -1   3
 -2 -22  21  23
 -2 -14  -8   0
 -4  -7 -13  -8
  2   8 -23  -2
-18 -14 -23 -16
  4  20   3   8
  6  12   7  12
 -4 -20   9  -5
 -3   5  -2   7
-11  -2  -2  -5
-22 -24  -2 -14
-21   3  -6   3
 11 -16 -10   0
-12 -22  -6 -20
-18  -8 -20   2
-16   5  19  21
-22  -8 -12  14
 -2   7  20  -7
 -1  -3  18  -9
-17  21 -23   4
  4   1 -12   3
 -2  11 -12 -21
 -3  14  -8   6
 20  -7  -9  -1
  8 -10  23  15
 -4   6  -6 -22
 14  13 -16   0
 -6  -4  -9   3
 -6 -23  13 -10
-16  -2 -12   8
  6 -16  -9  13
 19  18  -9 -22
 -9  -1  21 -14
 19   9 -23  10
-19 -13 -11  -8
-22 -19 -20 -24
 18  15  22  23
-19  -9  24  11
 -7 -18  24   5
 -6  -5  -8  -5
  0 -13  -9 -12
 -9 -20 -19 -19
 -4  11  -6  20
 -7  22  11  -4
 20  -9 -17  -8
 17  -4 -12   4
  6  16  22  22
-24  23  19  21
 21  16  -9 -14
 -9   8  13  20
  6  18  17 -19
-22  24   6 -11
 21   8   9 -16
-21  11  -2   0
 24  -8 -14  -9
-13  17  -3 -16
 14  21 -14  14
-13  10   9  -3
  8 -18  16 -12
-11  -4  -3  -8
 -8 -10  22 -23
-10   3  -9 -10
-21 -11  -8  22
-11  22 -23 -14
-10   6   2 -14
 24 -18  -2  -8
-14 -11 -23   2
-15  23 -12  13
 13   6  16  22
 14 -22   0  -8
 13  16  24  12
 -1  13  22   6
  3  -9   7   3
  1  16 -10 -20
 -5   0 -17   9
 22   4  11   0
 -2 -21   0  -4
 -7 -13   2   0
-11   9  13  -7
 22 -13 -23   0
  0  16 -14   4
 20  22   7 -20
-24 -13 -11  -8
 -8 -23  12   6
-14  22  22   5
 10 -11  -2  17
 11 -13   7  -1
 10  -3  -8  -1
 -2  23   8   9
-19 -10  -4   5
-20  22  -3 -14
  8  -5  12  -4
 10 -17 -24 -19
 13  24  15  16
-12   2   0  10
  0  17 -10 -15
 21 -21 -13  -2
 -3  11  18  16
 22 -16  24  -4
 -5  -5   6   1
 -6 -16  -2 -22
 -6 -20 -20  -8
  6  -3   3  -4
-22  -2  14 -24
-23  -9  -7  17
-15 -13  -1   8
 21 -14  -2  23
  5  -6   7  14
 17 -14 -11  -4
-13  -5   3 -21
 11   9  14   6
-18  -1  15 -12
 24  20  -2   8
-15  13  -1  23
-16  -7  21   4
  2  17   0   0
-23   5 -23  13
-20  -3   0  -2
 20 -22  -4  -5
-12  12   1   1
-15   1  18   0
 -2  -7  10  16
-14  -6  -9   1
 -6   8 -20  13
 -5 -18  11   1
 10   3  -6  13
-20 -18 -22  -7
-12 -22  -5  12
 13   2  15 -18
 -8   1 -16 -22
 -8 -15   5  -2
 -4  -4   8 -17
 17  18 -18  -4
-23 -11   8   3
  5   8 -19 -15
 12  18 -12  -9
 -3  20  -8 -16
 14  -7  -5  -2
 14   3  -5 -23
 -2  17  24 -23
 23  22 -12  14
-19  11  -9  18
 10 -14 -15  -9
 -2   4  15  11
 -5 -17  12   5
 -6   4  14   7
-23  19  17 -23
  7 -11   9  -3
 21   3 -20  -1
 24  17  21   6
 -2   6   1 -19
 18 -20   9  -8
-13  14  -4   3
 15   4   4   9
 -8  -3  21 -24
 20 -14  16 -19
-23   8   1   5
 15  -2 -14 -18
-21 -22 -21  -1
-16   5  -2  -3
 17  -6  -8 -13
 -8  15 -22  24
-12 -19  22  13
-15  16  20 -22
  7 -24 -24  14
 11  15 -10 -23
 19   7   8   6
 12   1 -10 -22
 11   8   2  -9
-24 -20  17  14
 -9  -8 -18 -24
 -3 -24   9  -9
-14  -4 -17  22
  3 -12  11 -18
-21  -8  19  21
-11  14 -17  -1
  8  -5  -8  18
 20  -9 -23 -12
 -9   8   5   8
  0  12  23 -18
 -5 -17   9   3
-20  19  21  -5
 -5  -4 -15  -1
  9   2  -1  16
 22  19  -3 -14
-11  15 -10  15
  2   1  12  11
  3 -20 -15   1
 -2 -21  22 -16
  3   6 -15   5
 20 -18  20  -1
 -3 -13   1  13
 -2  18 -13  18
-20  15   4  20
 11   4 -20  -1
  3   2  -4  13
 -9 -12  -8  19
 19  19 -10  15
-20  -4  15   8
 10  23  -1 -15
 -2  12  15  14
-19  13  14 -19
 -7  12 -19  -1
  0   0   6  19
 15  -7  11 -20
-12  21  -8   4
 16 -22 -16 -23
  6  -7 -15  -2
 15  -6  10  20
 -7  21  12  -7
 10  13   2 -24
 -4  -5  -2  11
 -7 -14  -2  -7
-22  20   5   6
 -5  13  -8  19
 -9 -17  -5   6
-10  -8 -15  -3
  3 -22   4   7
 21   1 -12   8
  8 -23 -24  -9
 20  13  22  -5
  7  10  18   5
 -4 -14  24  12
  0  17   5 -13
 20  24   7  -9
  9  24   0 -24
 -1 -16  15  -2
 23  18 -11 -10
 -3 -12  19 -10
  1   6   8 -14
 16  18 -11 -17
-14 -24   8 -12
 23 -14 -15 -20
-18   4   9 -18
 -9  11   5   9
-22 -17 -14  -1
 13  -2   8  20
 -7   1  14 -11
  1   6  24 -16
-20  -3 -23  21
  6   4  -1  -2
-23  15  -9   1
-10  21 -14  22
 12 -18  -7 -23
 -7  22  -3 -18
 -2  15  -1 -16
  9 -21 -22   7
-11  20 -22   9
 -5  15  24  24
-11  17  19   1
 12   3  -1  -5
  9  22  -3 -15
-11   3 -16 -15
 -7 -13   8  12
 21 -18  17  -7
 21  15   7 -19
-14  20  -2  -1
-17  -1  23 -10
 21  18  11   0
 19   6 -13  -3
 23 -16  15  -8
-18 -11   6   4
 -1  17   1 -16
  3  19  18 -10
 14   6   1 -13
 -5   1 -14 -18
-16  19 -24  13
 10 -23 -13  24
-15  -9  15  -8
  3 -18  13  20
 -3 -12 -20 -12
-19  16  12  -5
 -6  -3  -1  -4
  4  22   2  -7