-24  23  19  18
  3  -4 -23 -20
 -3   3  16   0
 13 -23 -10 -13
 22   2   9  12
 15  18  22  -6
-20 -13 -11  14
-14  -1  19   8
  6   2  17 -11
 -4 -17  -5  -3
  2   9   9  -9
-17 -15  11  13
 -3  11  24  -9
  5   2  -4 -12
-13 -21 -22  -4
  4   4  -3   3
-21 -18 -13  -3
  1 -10   0 -20
 -2 -17 -22  17
 19   5  -9  19
 -7  -4  21  11
 14 -20  11   9
 19 -12 -12  -4
  0  22  21 -13
 24   6   0   7
-11 -23  -9  10
-15  14 -12  14
 -3   7  20 -12
  3  -9 -14 -18
-11 -24  -3  16
 -1 -24   3  -9
 22  16  -1  17
  6  -8  19  23
  1  -1  21  10
 12   9 -10   5
 18  -2 -18   0
 -7  13   4  18
 -2  18 -18  22
  5  -7  13   8
 24   5  -6  -3
-13  18  13 -13
  9   3  18 -20
  3 -23  15  12
-18 -22   9   8
 14  19 -10  18
-23 -12 -21  -3
  6 -11 -16  -7
-24   8  16  18
  8  14  -4 -11
  7  12   3  19
-20 -18   9 -23
 -5  13   5  13
 -2  -2   0  15
 19 -10 -18  18
-21  12  11  24
 13  12   5   9
  1   5  -5 -21
-16   7  24   2
-24  -3  22   5
 17  -4   4  24
 20 -16 -11 -20
-13  17 -14  13
 -3 -22  18  -3
 -5 -12  14  20
 -8   0 -11 -18
-24  16  22 -18
 -2  -3 -14 -21
-12 -20   6  13
-16  -4 -18  20
  5 -15  18 -10
 -7  15 -14 -14
 17  12  -8   9
 -8 -11 -23   8
  4 -17  21   6
-14  13   2 -22
  9 -19  -4  17
-19  -8  -4  18
 24 -20 -11   4
  2 -24  -2 -10
  0   7 -14  19
-21  22  20 -18
 19  11  -7   9
  5 -23 -16  19
  1  17   2 -21
  6 -11   2  20
 21 -18 -18 -22
  0  18   8  15
  6  17 -17  -8
  0   0   4  -5
-14 -23 -11 -23
 18   8 -23   8
 -7  13  20 -20
 20  -1 -10   3
-21   3  13  -5
 -2 -13  18  -1
-22  20   0   2
-10 -15 -19  -4
-23  11   8  14
 15  11 -11   9
  7  23  -8   4
-21  -1   5  24
 21  19  18  -9
  3   8   0   6
-13 -16 -23   8
  0 -14 -11   1
  5 -21   7  24
 17 -24   7  -1
 -3  12   9   9
 24   0  24 -14
  4  -1   4  15
 -2  -7  10 -17
-14  -6  -3  -8
 21 -14  -3 -17
-12  12 -22 -13
-24  -4  -3  15
-12 -12  19 -16
 -1   4   6 -16
 23 -20 -19   6
-24  14 -12  12
-21  -6  11  13
 24  21 -24   3
 10  11  14 -13
 22  -7   1 -19
  5 -22 -10 -20
-22  -4   9   1
  4 -11  -1 -20
 16  -8  -5   4
-11   8  23 -22
-16  16  -9 -22
 -2   6 -22  -7
 -2 -22   9 -16
-14 -21  20   7
 20 -12  -2  20
 24  -4  14 -15
  8 -22 -10 -17
-16  22  22 -20
  5  -6   9   5
-15 -17 -18  -8
  2  17   3  20
 18  16 -19 -16
  6 -24 -11   6
-24  -2  10  10
 -2   2  21  17
 23  12  24   8
 -7 -22  22 -22
-18  -3  -5  -8
-13  15  -5  10
-13   5 -12 -18
  4  -2 -22  -9
 -5   4  -1   4
 22  15   0  17
  3  10  -6  18
-16 -14  19   7
 13  20   6 -20
 -1 -12  23  -6
-18  -4 -10 -24
 -1   0 -12  -2
  7 -11  22 -18
 11 -24   4  10
-16   4  -2   5
 16  22  18  -7
-13 -15  23 -12
 -8  -4 -19 -13
 18   6   9 -15
-14   7 -10  -2
 14 -21 -12   0
-24  13   4 -12
 23  18 -18  17
-24  11  23  21
-12  24  -3 -11
  5   7  14  13
 23  22  14 -18
-24  19 -20  17
-17 -19  21  -1
 16   4 -16   2
-14  12   2 -12
  3   9 -12   7
 22   4 -20 -10
  4 -24  11 -17
-24 -18   1   6
 10 -10  23 -12
 -7  -1   4 -15
 14 -23 -22  20
-11  16 -22 -17
  1 -11  -7   8
 21 -16  20   3
 -9   0 -13  -5
 11   9  22  21
 10  24   4  21
-13  -1  -1   3
 -1  10 -11   0
 12  21  -2   1
-13  -1 -17  16
 -9  23 -15  -9
-11  15 -14   5
 -1   5  21  -3
 13  -7 -18  12
 -2  21  -8   0
-11 -23 -17  11
 16 -12   6  18
-16 -14 -20  18
-18 -10 -19  10
 16 -10 -22 -23
 15 -23  -8  16
-12  -2  19   8
  8  21  20   1
 -3 -23  19 -11
 18   2  -2 -19
 22   7  15 -17
  1 -11  10  13
 -7  14  11   5
 -8  19  -7 -12
  5  -2  17  -3
-18   1  -2   3
 19  -1   0 -13
 22 -19   4  20
 -6 -24 -16   5
-16 -20  10  16
 17  21  -8  24
  8 -11  24 -14
 18  -5   4 -24
  8   6   9   3
 15   6 -10  18
 17  -7  -2  -9
-17  18  -1 -11
 -6 -10 -21   8
 11  14  20  20
-11  -3 -17  21
-21 -12  22 -18
 -3  -9  17 -15
 11 -24  20  18
-17 -19 -24   0
 17   1   7   4
 -8   0   9  20
 -6  11  -8  -1
 20  12   9  -2
-12  22 -22 -13
-16  20  14  19
 22  16  18 -10
  0 -24 -11 -13
 14  -2  18 -16
 20  -3 -10  -3
 13   6   3 -24
 -6  -8  14  19
  2 -12  12 -18
 15  11  10  -9
 -7   1  14  -9
-14  17  16  13
 -8  11 -21   9
 13  -8  14 -11
-11  18 -23  18
-20   2 -14  -8
-11  -4  -4  -8
 16 -13 -12  20
 -3   2  22 -20
  0 -18  21 -13
  1  16   5  -2
 20   0  11  16
 14 -20   7 -18
 -9  -2 -16 -19
 12   7 -24  19
 13  14  24 -14
-11 -14   1  15
  1  21  -4  -8
-16 -16  19   0
 -2   0  13 -24
 19  -2  17   6
  3  24 -13  15
 20 -19  15 -24
 13  16 -16  21
 16 -24 -17  19
 -4  18 -12  -8
  4 -14 -22 -22
 15  -8   6 -20
 16  -4   4  14
 -6  -2  13 -17
  2 -12  22  -3
  7 -19  18  -6
 -5 -12  12  -6
 23   8   6  16
 12  23 -12   7
 -8 -15  17   2
 24 -24 -22  23
 -4  -9   1  -7
-20  -6  22  21
 14  23 -21   7
-22   0 -15  20
 18  -8 -18  11
-16   2 -23  24
-17   4  -2  -7
 20  12  14  19
 20   3   8  23
-19 -23 -15 -14
  9 -19 -11 -23
 22 -23  -4   0
 10  20  -5   0
  3  13  21 -10
 21  20  12 -14
-19  -4 -10 -22
-23 -22   7 -11
-20  -8  19  13
 -3  19 -20 -24
-21   6  -2  13
 14  -5 -24 -21
-21 -18  -3 -14
-12 -21 -14 -17
-24  -8  12  -2
 13  13   9   7
-15  -6  -6 -18
-18  21  21 -21
  2 -19 -23  12
-16  15  16   8
 -8  16   3  19
 10 -14   6  19
-23  21 -12  19
-14  10  -7  -1
  7   1  -9  21
 13   4   3   3
-15  -7  12   9
-19  -2   5  -7
 -3 -21 -24 -17
 18  -4  21  14
 17   7   4   2
-18  10   4 -23
 -3  -7   2  11
-21 -23   5  11
 -1  13 -17 -23
 -6  16   5 -19
-21  16 -22 -24
 -1  23   7  21
 -9  24   7  -6
 -8   6  18  24
 12  -2 -14  15
  0 -13  -2   2
  3  23 -23  23
 -2 -20 -24  15
-18  21 -24 -14
-12  12   9  -6
  7  14  16   6
-21  21  23  13
 13   2  12   1
-17  18  -8  21
 -2  20  -6  14
-19 -23  -1   0
 10  16  -6  14
-15 -15  22  22
 12  -7 -13  24
 -3   2 -10  19
 -9 -18  21  15
 -5 -14   3   8
  0  14   8  -3
-15   6 -23  16
 -5  18  -3 -14
 -7 -15   1  -5
-15  19   2  19
-16  20   3 -24
 17   7 -21 -10
-12 -11  18 -21
 -8 -21 -12  -1
  3  -2  -2 -19
 -9  24  23   3
  9  19 -15   0
 19   1   9  11
 22 -17   3  -6
 16  -8 -18 -20
-13 -20  21  -4
 -5  14  -1  -1
 11 -19 -13  -5
 -6   6  20  20
 -8   5  -6  23
 -3  -3  -7   1
 -6 -17 -10   5
 22  24   1 -10
 22  23   8   9
 10  13   7  -5
 -5  21 -12 -12
  5 -18  13 -13
 17  15   8   6
  6   8   9 -12
-11   9 -19  -1
 -3 -22   1   6
 11  22 -17  23
-20   0  14 -10
  0 -15  -2  -2
-24  -8 -20   3
 22  -7  21  13
-18   2   3  -8
 15  24 -19   0
  9  17  -9 -24
 -8  15  -4   7
 11  -1  18  19
  3 -17  -3 -24
 15  24  14 -16
-19   9  22  14
 -8 -22  15  -7
  9   7 -22  18
  1   9  15  22
  2  20   2  23
-21  20 -20 -23
  2   5 -10  -9
-16 -13 -23  -5
 -3   4  -9 -17
-13   0  12  -6
 13  16  -6  -4
  0  20  16  18
 11   5 -20  20
 -7 -15  18   9
-20   2  -9   8
 23  24  12 -14
 22   4   1  10
 12 -17  22 -12
 -9  -1 -15   3
  1  17  -6 -10
-18  16 -22 -18
 17  -9  11 -22
-15  -1  -1   9
-14 -21  10 -13
-15 -18  -3  15
 -3  16  -1  -9
-20 -20  13   6
-11   0 -20  17
-23 -14  -3   1
 16 -22   2  16
-14  20 -13  -6
 -9   2 -12  19
-18  22  -9  12
  1 -14  23  -5
 -6   8   4 -13
 19 -11  14 -13
  0  -7  14 -15
 10 -11   6   5
  3 -18 -16   2
 22   3  -4  -6
  1  -2  -2 -14
 -7 -19 -11 -20
 -7 -20 -18 -23
 12  23  17 -12
 17  -6  16   6
  1  11 -16 -17
 18  15   6  -1
 16  19  12 -11
  6 -15  -1  -6
  6  -1 -18  16
 -6  -4  -6 -18
  4  -6 -10  20
  8 -17  -6   7
-13 -16  -4  21
 -1 -11   3 -14
-11 -20 -14 -20
-12 -10 -24  20
 11 -15  22  -5
-10 -13  14  20
  6  16  -4  -2
 10  21  18   0
-13  13 -12  18
-20  21  23   7
-15 -23 -21 -19
 -9 -19   4 -16
  5   3   8 -11
 -5   9 -24 -22
 -7   1  20   5
 -2  19 -21  23
 15 -24  16  17
-19  20   5 -22
 -5   3   1 -12
 20  22  24 -23
 -3  19   4  24
-13  -4  14  13
-12 -20   3 -17
  9  -3 -10 -21
 16 -14 -16  -3
 15 -16  20  -3
  5   1   9  -9
 13  10  -3 -13
 -9 -20  -1  19
 -9 -18  12 -20
-14   6  20  -3
 20   2  -4 -12
 -8  21 -11   7
-22 -17  -1 -15
 -9  10  -3  10
-18 -23 -13  13
 12   1 -12  12
 11   1  20  18
-22 -13 -18   7
  2  14  13  -8
 22  -7  -1   0
  8 -14 -12  10
 -2  20  15  20
-16   9 -22 -16
 18  17  -5 -15
 23  -4   3  17
 -4  10 -22 -11
-18   8  20   5
 20  13  -9  -5
  8  -9  -1  21
 11  12   1   8
-11  19  10  -3
 14 -24  24   9
-13 -10 -11   5
 16 -16  24  -2
-14  14  22 -17
 20 -15  24   5
 18 -12   1   9
-13   6  -3 -19
-21  -4   0 -22
-12   3  19  -6
  5 -21   5 -19
-17 -18  11  23
-15  10 -19  21
  9 -18  -2  22
-13  14   9   0