-22 -22  24  -1
  4  11 -23 -15
  0  16  -3 -15
 18  22  -5   3
 -9  -3  18   3
 15  -4  22  -3
  3 -17 -10  -8
 11 -23  -8  13
-17 -22   1  18
-10   9   5  -5
-22   0  16   8
-21 -23  17 -17
  8  -3   0   6
 15   9  20   3
  5 -23 -17   2
-12  15  -4 -13
 15 -17  19  23
 14  14  12 -24
  0  -9  21  20
-10  18 -24 -23
 21 -13 -24  -7
 -9 -16  19  -1
-20 -11 -23  -2
 -2  18 -18 -10
-10   7  21   8
  6  24   8  -5
 -6  14 -16  14
  5   9 -13  19
 20   1  -7  18
 12  20  14  18
  7 -17 -21 -14
-24 -23  -9 -15
-21   7  16  -8
-11  -5 -24  11
  8  24  15   8
  6  21 -15  -1
  6  15   2   5
 17 -21   2   7
-14  -6  -6  15
-22  13 -13  10
 10  15  18  -7
 -8 -11 -22 -23
 -2   5  -2 -18
-24   1   7  10
-18   6 -23   1
  2   9 -22  20
-19  15 -19  22
 18  -2 -17  -9
 -8   9 -23  -7
 19  23  11 -18
  9   1   0  17
  6  18 -16   9
-17  20  11   2
 23  -3  14  24
 -9   3   3 -10
  1 -10   0   0
 23 -15  13  -3
-12  19  -7   2
  2  16 -15 -21
 -5   4  -9 -23
 13 -23  10   7
  8 -10  -3 -14
  1   5  -5   5
 13  14  -2  11
 -2   6 -12   7
 17   9   9  -8
 -7 -12  14   7
-17  -4  -1 -22
-10  17  14   6
 -1  -9 -20  19
 20 -20  18   0
 22   0   7   7
  3  -6   8  22
 -5  -8  11  21
  7  21  12  13
 18   8 -19  -4
  2 -13  12  17
 -9 -10  -9 -21
  6 -12 -14   9
  6  -8 -12   5
 23 -22 -23 -20
 12   3   0   1
 -6   5   7 -13
 23   3 -15 -22
-22  10  -6   4
-17  -9   7   3
 22 -16 -21   6
 -5  19 -18   7
 17  -5 -24 -21
-10 -21 -20   8
 14   2 -12  -9
-18  19   9  -6
  7  10  -2  -9
  2 -17   6  24
 12  -8 -16  20
-19 -19 -19  -8
 18  18  18  -1
-24 -11  18  16
  0 -12 -16  -9
 21 -20 -15  10
 19  20  10 -24
-19  -8 -16  11
-19  -2  10   5
 12 -19 -14   8
 11  15 -17  20
-13  14   7 -23
-20  -7  -8  22
-19 -22   8 -10
  1  23 -21  15
 14  21  22 -20
-10 -15   0   0
 13 -22   5  11
 -8  24   4   0
  6 -19 -17 -19
-11   0 -14  -2
-18  16 -12 -18
-20  -9  14   4
 13  17 -21   3
 12  -1   9 -21
 20   6  23   9
-23   3 -20  17
 19  14 -16  23
  1  22 -17  20
 13  23  -7 -17
 17  19  14 -12
-16  22 -18  10
-20  -1  11 -14
  3 -11 -23  -2
  2 -10   4 -20
 22   8   0 -22
 -4  21  12  17
 18 -13 -10 -17
  4  18 -19  -1
-21  19 -18  14
-14  -4  17  21
  0  15   0 -15
-20   4  22 -13
  2 -11  -6   9
-18  -8  -1  -9
  7  10   7  -4
-24   0  -3  21
  9   5 -20 -22
-14 -21  19   0
 -8  13 -16 -13
-23   4  16 -22
 22 -17  -9   7
 11  24  11   4
-14   0  -8  -6
-22  -5 -21  21
-17  -5  19  24
  1  11 -20 -21
-20 -21  -8 -21
-20  18 -13  10
  2  -5  15  -8
 -3  13 -20  20
 -4  12  13  -6
  3 -21 -22   3
 17  -1  -4  -5
 14 -24  13  15
-18 -19  12 -23
 12 -15  23   2
 18   8 -19 -13
 15 -13   8  15
-15 -11  -5   5
 20   3  12   6
  5 -14  -7  12
 19  16  -9 -15
 10 -17  -2  24
-13  14  15   4
-23 -11  24 -13
 10   6 -21  18
 -3  23 -19 -15
-17  14  21   7
-23  16  -2  17
  5 -24  -4  15
 -1  16   2  21
 15  12  -8   6
 22   8 -17   2
 -6   0   3 -12
 -9  24 -10 -19
-17  -2  15 -10
 20   9 -16   9
-14 -11  -9  -9
 17  11  11  14
 14   7 -23 -10
 18 -21  22   3
-21 -14  -8 -22
-12 -11   4  -7
-11  24 -19   8
 17  -5 -11 -19
-15  14   9 -16
-12   7   6 -11
 -4  -7 -11 -24
-16  14  20  17
 21 -21  -4  13
  5  -7 -10  -2
-19 -22 -11  12
 -6  -1  22 -19
 20  -5   9   8
  8   3   5 -10
 24   4 -21 -22
 -6 -13  23   1
 14  -9  10  21
 17 -14  -1 -11
-19  23  -1  -2
  8 -24 -10  10
 22  16 -18 -18
 -3  -9   7  -2
 -6  23   9   8
-16  -2   6  19
-15  23 -16  14
  9   1  -1  20
 -4   0 -15  -2
-10   8   8  15
-21  -4 -18   5
 19  21 -20  -3
-16   7 -21 -18
 -2  13  21  -7
-13  22   9  18
 20  -8 -18 -14
 17  15   2  -2
 -1  -4 -23  10
-24  13  11 -10
-15  20  18   1
  9  14   5 -13
 21 -11  13 -16
 -6  24  -8 -18
 -1  -7  17 -18
 23 -20 -12   4
 -4   0  16   4
  4   7   2 -10
 -9 -19  -3 -23
 20 -18   0  19
 15   1 -19  13
 -8  23  -2  -7
  3 -17  22  20
 17  -9  -8  18
-18 -10  -6   1
 22   2  20 -14
 -1   2   9  -9
  7 -17   0   7
  6  19 -16 -23
  4  15  14 -13
-13  17  12  -4
  8   8 -12  18
 17   4   3  22
  1 -22 -20  -1
  9   2   3   2
  2   5  20 -16
 -4  19   5 -23
  3   2  -6 -10
  2  16   0  14
  1   1  -2   6
 22  -8   3   0
  7  18 -12  17
 -3  -8  19  -9
 22  24   3  10
  2 -13  -6   6
-14   9  15  12
 17   1 -12 -11
  0 -22  21  22
-22 -11  16   7
 13   9 -10  20
 -5 -16 -14 -15
 -1  -3 -20 -10
 -5  17 -13  -7
-22 -14 -11   0
 21  11  21   2
 -1   5  15  16
 -5 -22 -24  14
-15  -7  24  -1
-24  21 -23   5
 10 -10  13   7
  5 -14 -10  -1
-23 -15  -6 -13
  5  -6  13  23
 21  10  10  -7
-15  18   7  -2
-17  -1  23 -24
 11  -2   9 -18
 16   0   5  -9
-23 -20  -3 -10
-10   1 -21  15
 21  10 -14 -20
-22   0  -4   9
-12  16  17  19
 -3  11   0 -19
 14  23 -22 -22
-21 -16  -3   9
-13  13  16 -22
 -6 -23 -10  10
 10  24   5 -14
-14 -22  24  -2
 14 -10  -1  18
  4   2  17  16
-20  10  -9 -15
 -4  22  15 -12
 -8 -12  -9  12
-24  11 -24   9
  1  20 -14  -3
 15 -18 -20  -5
 18  12  24 -24
 13  -3  -8 -10
 -8  -1   7 -23
 -9 -18  20  18
-19 -18  10  -6
  3  10  -5  21
 -7  23   4 -17
-20 -20  17  -8
-11 -24  -9   8
-22  -6 -20  12
-20  21  16  21
  3  -7 -19  21
-17  14 -16  24
-21 -10  16   6
  5  -8 -23  -8
 13  21  -2 -15
  6  12  24  23
-15  22   0 -16
 -8   3  -5  14
 -3 -24  24  13
  4 -13  13  11
 23 -19 -24 -11
 19  23  13  -5
 22  -6 -22 -11
 -3 -20 -16   8
-17  10 -23 -22
-10  12  15  -6
 24  21 -20   9
 19  -3 -17  -2
-13  24 -12  19
 16  23  19 -19
 13 -16 -10  21
  6 -19   1  -2
-11   0  22 -18
  7  17  -2   3
 -2 -24  13  20
-24  -6   4 -21
  4  14  18   2
-15  12  -3 -20
  8  -2   1 -19
 -5  18  -4  14
 -7  13  14  21
 -5  -7  20  15
 -1  20  10  -3
  4 -23 -10  12
 -3  23   2   0
 -5  15 -23  -4
 -6   0  24  -5
-24  15 -22  -8
-22 -21 -21  14
 12 -24  12  -8
-15  -5   2   9
 13 -21   4 -18
 12   7 -24  -3
-12   2  14   8
-13  -1  -5  21
  2 -13  18  14
  8  -2 -24  -4
 17   5  12 -13
 12   2  20  10
 16 -23  11  14
-16   1 -15  10
  0   2   3  17
 -4 -15 -17  -4
  0 -22   1 -24
-11   9  16  16
 13 -20 -22   3
-15   6  18 -19
 -5 -13  15   1
  0   5  23   8
  2 -20  20 -16
 -7  12   7  -7
 18  -7 -21 -23
-13  10  19 -16
 18 -19  20 -10
 -3  10   5  10
 21  23 -14  12
  9  16 -11 -18
-10 -16 -16   3
 12  -9  -3   5
 20   4   9 -22
 -5   0 -23   1
  5   4  12 -21
-13  11  -1   1
  7  -9  -9  12
-10 -18  -7 -21
-24   9  20   7
 23  19 -11   9
 -7 -14   9 -18
 23  10 -18  15
  4 -18   7  -1
  3 -21 -22  24
  3  21 -16  24
 -7 -16 -10  24
 21 -19 -18  -2
-17 -20   5  -6
  3 -17 -14  12
-14 -20  11  19
 14 -18  -4 -22
 -4 -23 -13   7
 13   2 -12  -5
 22  15  17  14
 15  14 -10  18
  1  21 -19  20
 -2 -10  -7 -22
-19   4 -24   9
-24 -11 -22   9
-19  -9 -11  16
  7 -20 -24 -24
-12  24 -24 -11
-11 -12  -6 -13
 14  13  -2  20
 23  -1   8 -12
  1  11  20  21
 -9 -13   0  22
 18  16 -17  -1
 -5  -3  10 -13
  2  17  10   1
 -9   1   2   0
-19  21  12  14
 15   5  -7 -11
 13  17 -13  -9
-24  16  12 -22
-24 -22   8  -1
 21  12  14  -5
 19 -19 -22 -11
-24  18   2  14
  5 -20  19 -19
 20  23  11   6
 18   8 -22   4
 -1  17 -17  20
 23 -19  10  13
-10   3 -24  21
 22 -11 -15  -2
  7 -23   6   5
-17  24  15   5
  3  24  -6  16
 20 -11 -17  -4
 16   0  -6 -15
 11   5  -8 -16
-17  10   9 -23
-11 -21  -6 -10
  5 -21   7 -17
 16   9  -9  -1
 24   8 -14   7
 13   5  21  17
 -9 -15  11   8
-14  16   4  -3
 -4  18   0 -11
-17  -6 -14 -21
 -5  -1  -1  21
 16 -11 -17  10
  1 -13  -8  -6
  6   7 -18  -2
  4 -17  11   4
  2  16  18 -10
-23 -10   4  23
-22  10 -24 -21
  8 -15  19   5
  1  15 -10 -16
  7  -6  -2  -4
  7  -3 -17   0
 10  15   3  13
  1   2 -21   8
  3 -10  13 -22
-18   1   2  18
-24 -21  14  16
-17 -11  24  -7
-18 -18  -3 -21
 -8   6  16  19
 23  21  -8   1
  7 -16   3  11
 16   1 -10 -13
 24 -15   3  12
 14  16  12  -4
 -6  20 -15 -10
-21   2 -14 -19
 20  -6 -17  22
  3  18  -5   7
 15  12  -8 -20
 10  13 -17  -8
  7 -17  -2  -3
 -4 -14   3  22
 12   9   0 -13
-15  -9  -9 -22
 -6   1  23   8
-17  21 -13  10
  6  20  -4 -11
-22 -24   6  -8
 18 -13  11   9
-16  -3 -17  19
-15  19 -18  -5
-22  15  15 -20
-18  20 -11   9
-20  21  -1  -2
 12  -2 -13 -11
-10 -13   6   7
 -7   9  -1 -10
-13  11 -22 -11
 24  11   8  -6
 12  -6   9  19
  2  11 -13  24
-20 -12  20   5
-13 -18   7   6
 -6 -17  -4  -3
  4  -5   8 -22
  8  -4 -12 -20
 24  -3   7  -5
-21   8 -20  -2
 16  -1  -4 -18
 -9   8  -9  20