-16 -13  21  10
 20  -6 -22  11
 24  -9 -16  -2
 10   6 -24   2
 17 -21  16  -9
-10  18  -1  -6
 -2   8 -18  13
 -6  -6   1   6
 -9  18 -24 -14
 -9   3 -15 -24
-22 -23  -2  -8
 12 -24  -6 -14
-10 -11  23  -8
 10 -22   2 -15
 13   9  21 -12
  5  13  -3   4
-14 -15 -24  -4
-18   4   6 -24
  6  -7 -23  -1
 17  18  -3  11
-16  21 -13 -23
-21   0   4  22
 -7  -7 -11  12
 24  17  23  -2
  9  -7   4  -5
 15   1 -14 -14
  3   8   6  -6
  1   1  13  20
 19 -18   2   3
 -3  10   3  22
 16  15  -6  17
 17  21 -16  12
-22 -13  19  20
 -9  10 -23   2
  2 -17  13  -6
  4 -13 -14  21
 14 -21 -18  20
 10   3   8 -12
 12   9  17   6
  4  11  -4  15
 13 -23  11 -13
 17 -23  -9 -15
-21 -10 -19   8
-14  -1 -24 -20
 13  -6  -5   0
  0  -1 -10 -17
  6  11  16   7
  9  19 -12 -19
 17  15 -17 -23
  9 -20  -6 -15
-13  -1  19 -21
 21 -22  12   1
-18  -4  24   6
 20 -10  -3   5
-10  12 -20 -22
 24  22   6 -23
-12  24 -16   1
-13 -13 -20  14
  2  21 -18  -5
-12   9   1   4
 20 -10 -24 -13
 -7   0   8 -11
 20  11   9 -19
 -7  -1   5   5
 13  -4  18 -20
 14  11  19  -3
 10  -1  21  20
-13   9  -4 -13
-18 -11 -22  22
-19  24   9   3
 15   4 -21 -20
-14 -19  22  17
 24 -12  12   6
-17   7  -4 -22
 -5   9 -19   2
  8 -16 -16  -5
  0   2  -9  -5
-11  24 -17  17
-12 -10  -5   5
 -9  17  -8  13
 -1  22   3  15
  1   1  20  -9
 20  -7  -9  22
 -3  24 -15 -18
 -8 -14   3  20
 24   4   4  -2
 22 -21 -10   1
 -2 -17  20  17
 16 -16 -11 -20
  2   3 -13 -22
 13  -2 -20 -10
 -1  -3  18   5
 10   4   5  20
 24 -14 -14 -10
-12  18 -23   7
 24  16  14  -8
  1  13  12  20
 21   7  22   8
-14  19 -12  18
-12   6  -4  -4
 -5  -6  12   0
-17  -3   0   2
 16  13 -13 -17
-13   9  18  21
 19 -14 -20   0
 12  13  24  19
 14  16  13 -16
 23  22   3   9
 17   8  22  22
  6 -12  10 -24
  1  14  23   8
-16  20   4  22
  1  21  -8  -6
  4  -9 -21 -11
  4  21 -22 -24
 21 -14 -13  -7
 20  21   2  23
  8 -15   4  -8
  1  20  -6   1
-19  -6  21  -5
  5  -3   6  -1
 19  -4  -2  18
 20  22  23 -19
 14 -19  16 -18
  0  -5  20 -22
  5  19  12  -1
-18   8 -12  18
 18  23  23  24
 14   7  10 -22
 16   5   5  13
-22   6   3  16
-21  13  -6 -14
  2  -6  14 -20
 13  22  14  13
 -5   9 -12 -24
-22  22  -4  -1
 24  -8  -4  14
 -7   4  13  16
 11  21  16 -14
-19  23  23 -18
 -4   7   6 -17
-21   2  -4  19
  6 -21  -9   4
  2 -22  23 -23
 23 -22 -23 -12
-20  15 -19   6
 -9 -14  13 -12
  5  22  -2  -5
 -9 -21 -20  -9
 15 -11 -24  -9
  1   5  23 -11
 21 -13   9 -16
 24  -4 -19 -13
 -1  -3  20  -8
 -2   8 -17  11
 11 -17  20  15
-13   9 -23  19
 23  18   5  24
 -4   2 -24  16
-20  -5  -3   3
 14  15 -23  14
-20  -3 -13   5
  8   6 -11  24
 20 -21 -12  -8
  8 -16   3 -23
 12   9   6 -10
 10 -11   4   1
-22   3  -4 -20
-17  17 -17 -22
-20  -1 -10  -6
 16  16   7   6
-19  10   6   5
 -3  17   6  -9
 -4 -21 -10 -12
-23 -22  10  -9
 -9 -15 -18   6
 18 -19 -15  -8
 -7  24   8  19
 -8  -1  -5  18
 -7  -6  -7  22
-14 -24  11   3
 10  14  12   0
 -1  -4  19  -5
  8  13   8 -14
 10  -1  17  10
  4  14 -24  -9
-21 -15  -8 -19
 13 -16 -17  -9
 -5   3 -17  13
  1 -19 -24  21
-21  15 -13  -8
 11  10  12 -17
 16  -9  19   7
-15 -21 -16 -24
-15  17  14 -17
 14   8  -1  21
-16   0   9 -23
 -5  -6  -8  -4
 20 -21 -11  -4
 13  16  -4 -11
 -4  -7  10 -12
 23 -14  11 -14
 18 -14  15 -16
 -6  -3 -15  11
-24 -24   2 -18
  3  20  13 -11
 -8  -5 -15 -13
  9  24  10 -21
  8 -12 -14 -11
 -6  -4  -1 -19
-18  14  -6 -21
 -2  -3 -12   3
 -9  -6 -12  18
 19   2 -13 -16
 -5  -8  16   9
 14  12  10   9
-14   1  16   5
 16  -1   8 -15
-14 -20 -23  -8
-16 -15  15   1
  1 -11 -11  -4
  2   7  -5 -17
 -8   5  -3  16
  5  24  16   9
 20  16   2 -23
 22 -15  11  13
  4  17  18  22
-16   7 -20  18
-23   9 -12 -16
  9   1 -18  23
 12  24 -20   0
  9  -7 -23  -9
 17 -13  -5 -16
-17  -4 -14  24
 -9   4  -6  -5
 -6  -3   8  21
-12  -3 -22  14
 -9 -13 -20 -10
 -7  24 -10  21
 19   1 -18 -10
 24 -19  22 -15
 20  17  18 -17
  1  -9 -13 -23
 14  -4   1  -6
 14  21  10  -2
-19  -8  20 -18
 -5  18  -1  -9
  2  18  -7  15
-18  -1  24 -24
 21  -9   1   0
 -4  12 -11 -21
 10  21 -13  19
 -1  24  20  19
  4  18 -16 -19
 -7  15   9  -3
  4  -1  14  -2
 10  10   5  23
 17  20  19  -3
  4  -6 -19  -9
  4   7   2   7
 -3 -24   2  -6
  5   3  14 -20
-22  -7 -21 -16
-16 -24  -5  -3
 -5  -6   2  -1
  7   2  -1   3
-10   6  -5   0
  1 -13   7  12
 13   3 -21 -14
-11   8  22  23
  5  18   8  -3
 -2 -21 -15  13
 -1  -7  16  13
  0  14 -22 -10
-20  23   8  -7
 -4   1  23 -19
-16  21   8  -2
-14  -8  13  -6
 -4 -17   4  20
-20   9  -6 -24
-19  24 -19  -2
-15  15   3 -18
 -2   9   9  17
-21  20  -1 -11
 22  -8 -14  15
-10  22 -20   9
 -9  15   5 -18
-12   7   2   2
 22   3 -18   4
 -4  -5  12  21
 17  24 -18   8
 -7 -21 -20 -23
-20  22 -13 -10
 -5 -23 -17  24
-12 -23  16  -7
-18  19  -6  17
 -3  19 -12 -21
 18 -11 -10  15
  5  14  11   3
 -7 -23   7  -2
-14   8  -8  10
 -3  -5   9 -16
 10   6   1  -9
-23   0  -3  16
 -6  11  -7  20
 21  11  -3  20
 19 -16  19 -23
  2  23   2 -22
-22 -18   1 -15
 -8  -5  18  -8
-24   8  -6  -5
 -6  15   2   4
 11  16   5  17
-18 -23  13  13
 -1 -18 -18 -21
 21  -7  11   0
 -2 -11   2 -18
-11  23 -20  -9
 -8   9  23   5
-11   9   2   5
-24  10  -8 -11
-20   7  21 -22
-15   0 -18   0
-11 -14   2   3
  4  -1 -21  -7
-19   8  18  16
  9 -16  12 -22
  0 -14 -15  10
  6 -18  -4  -3
  8  14  -9 -17
-23   4  -2  12
 -7  -8   1 -13
-24   4  15   8
  7 -20  -5 -19
 14  -1 -11  12
  7 -22  -1   3
 -7 -10 -20  17
-13  15   9  -9
 18 -17 -20  23
 15   3 -10 -19
 21 -11  23   2
-24  -5 -22   8
 -5  13 -13 -11
  8  -1  10  -4
 11  12  -8  -6
 19  11  -3 -14
 19  11 -20   9
-23   0  20 -15
 12 -10 -21  -8
  0 -19  12 -16
 -3  -8  19   0
 15 -18  -8  12
 10  24   4  19
 -6  -7  21   7
  2  16  -4  11
 -1  12  13  20
-21 -17 -15  21
-20  -3   1  17
 10  -5  14  15
  6  16 -17 -14
 18  15 -22   6
  8  20   3   2
  0 -13  14  -7
-22  11  13 -19
 18  21  -3 -17
 -7 -13   4 -16
 22 -16   7  -8
-22   7 -14 -24
  1 -19  11  21
-19  18  -6  -6
 -3 -14 -10 -16
  8  -4  15 -21
-16 -16  18 -15
-23 -22 -24 -22
-24  21  13   2
-24  -5 -20  -1
-16 -22   6  21
 -4   6 -21  11
-19 -23 -15  20
 17  19   0  18
  7 -19  18  17
 24   5  -1  14
-18   7  20 -11
 24  -5  -7 -14
 12  -3 -20   1
 13  -9  22 -22
 12 -13   6   7
-15  -5   5  24
-22 -22   9 -22
 11  -9 -24 -13
-24   3  -2  19
 17 -12 -17  -8
-15  -8 -24 -12
-11 -15  10 -23
 16 -16 -20 -12
-24   8  11  -1
-21  24 -11 -15
 18 -21 -16  22
-11   3 -21  17
  4 -22  -5  -3
 20  19  23   5
 12   1 -15   4
 16   3  -3  -9
 13   9  19 -20
  8   3 -21 -14
 16 -20 -13  18
  7  -8  12  22
-22 -12  21 -20
-17 -23 -11   6
-12  -2   5  -4
  9  11 -16  -7
 15 -19  -9 -23
 10 -17 -15   4
  5  12  -4  10
-12 -19   6 -18
 24  11   5  23
 -4  -1  24  -9
-19  12  10  -7
 15  21  13   3
-23 -17 -20  -4
  7 -17  -5  24
-11 -20  10   9
 22   4 -20 -21
-14  24  -4  22
 -3 -19 -16  13
-14  22 -11   0
 18  16 -24 -14
 -5 -24  24   0
 14  18  16 -19
-17 -20   5  15
 18   8  -9 -10
-12  24 -22  -4
 15  -4 -19   2
 -9  24 -24 -10
  2   2  -1  -1
-22  -4   2  -5
 -4  19  14   4
  5 -24 -13  -9
  6   9  -4   0
-15 -15 -20 -24
 -1   6 -12  12
  9 -17  11 -19
 24  23  22  -4
-20   1   4  -7
-10  -7  11   3
-23 -20  -5  11
-10  12 -19   8
 22 -20  23 -15
 -5  -5 -14  24
  0  -7 -18   9
-17  -8 -11 -13
  6   7  20  20
-18   6   5  -2
 18  20   8  11
 15  15  11  -3
  2   0  -6 -22
-14 -20  24  -1
 14  -3  13  -5
 -2 -10 -12  10
  8 -10 -17 -17
 14 -22 -11 -13
 14  23  -7  11
 -5   3  22 -19
 19 -16  -2  19
 11   7 -11  -6
-19  23 -24  -1
-20  -3  14   3
 -8   6   7 -20
-23   7  21  15
-12   4  12  20
 11 -21   8  -2
-19 -13   6 -15
 12  -3   9   8
-18  22  -5 -22
-21 -11 -12 -13
-18 -17 -21 -20
 -5  -2   8   7
-10  14 -16  12
-23   6  -5  10
 -8 -24  12  17
-24 -16  22  11
 -3   0   2   3
 -9 -15 -17  10
 23 -18 -15 -14
  7   3 -15  23
  5   7  23  -3
  6 -11 -10  18
 13  18 -13  10
-13 -12 -22 -21
  5 -15  20 -19
 21   1   0  24
-23  -8 -11 -10
  0   6 -17 -22
  3   2 -12  -1
-19  19 -21 -20
 23   1  20 -23
-18 -23  20  12
 -7 -20  18  17
 11 -17 -11  -9
  7 -12 -21  19
  6   1  18  -4
  7  21 -21  14
  6   2   3  21
 -3 -23 -14 -20
-11  -3  24 -22
-13 -15  19  24
 15  11  -7  17
 15  17  18 -15
  4 -16  -6  -3
 -7 -14 -23  23
 19 -12  15 -18
-24 -24  21  -3