-21  -9  -8 -20
 22  15  11 -14
 20  22  18  -8
-18  -8  -2  10
-20 -19  -8 -13
-19   7   2 -24
  7   9   3 -10
-18 -18 -22  -6
 22  20  -5 -22
  7 -15 -15   5
 12  -6  -2  14
 -7  24 -24  16
  7 -19  15 -23
-10  -9  16  -4
-18   9 -23  -7
 15  22   8   6
-16  -4 -14  18
 23   1   4  11
 -2 -14  11  13
  8  21 -19 -13
-20 -15  13  10
-24  -3 -24  18
 -7 -20  -3 -21
 10  11 -21  16
 10 -14  21  17
 19 -20  13  17
  6  13 -16  21
 -1 -18  15  -6
 -9 -15  -5  17
 -5  -6   0 -14
-11  -8 -17  -8
 13 -17  23  14
  7  17  -2   3
 15  22 -22 -23
  2   7 -13  14
-14  11 -21  -4
 -9  -9  16   0
-12  -9   6  10
  3 -10 -16   6
 22 -16 -10  21
-23 -22  21  19
  7  11 -14  -9
-20 -21 -19  -4
 -8   2   2   8
-19 -20 -22  -9
 -8  -4  -4  -7
-23   8  -9  -5
-10  20  15   9
-18 -22  13 -12
 16   5  10  10
 -5  20   0   1
 16  -3  24  20
  3 -18 -12 -23
-23   5  -3   5
 -7 -12  20 -18
  8  16 -11   4
 14   7  -6  -8
 -5  -5 -15   8
 -2  21 -17 -23
 -4  16 -16   3
-10   5 -12  20
  8  -2  22 -16
 18 -21  19 -14
  2  14   5 -21
-19  -4 -10   7
-10 -18 -16  13
 19 -17  -4   3
-11  -1  20  -5
  9  -9   6   1
-13 -18   7 -21
 -2 -11 -20  15
  4  10  -9 -24
 -1  20  16 -15
-14 -13   3   7
-14 -18  -1  24
 -3  -9  -5  -5
 -9 -10  -5 -15
  9   8 -21 -13
-13 -20 -17 -12
 13 -24 -13 -23
-11 -17   7 -24
-12 -22 -10  -8
-24  -5  18  -1
  8 -14   1   5
-13 -16   3  10
-12  24  20 -24
-21  12  -7 -17
 17   6  -2  20
 10 -11  15  24
-15 -14 -12  17
 18  -3 -22  24
-11 -11  20 -11
 -8  -6  21 -10
 11 -15   4  15
 23  10  23 -23
 16  22  10   2
 -9 -16  -2 -14
  2 -13  24 -15
 -5 -19 -11   1
 -1  19  12 -14
 11  17   9  -5
  4 -20   8 -20
 11   3  24   8
 -2 -18  17 -16
 17  18  19   4
-13  24  24 -24
 -6   6  11  16
 22  10   8  -4
 12   1   4 -22
 17  10   2 -16
 13 -21  24 -11
 -9  24  17  14
-10 -12  21  21
 -8   1 -13  -7
 -8 -18 -21  22
-22   0 -12 -20
 -4  11   4  19
 14  -1   7   5
-11  20 -20  12
 24  23 -24  -7
 16 -15   7  13
 20   3 -24  17
 -1   0   7 -21
-17 -10   4 -14
 -8 -15  24  15
  6 -16   6 -12
 23 -14   1  22
  6  -2  12  21
-11  23 -10   4
-16 -10 -14  19
  6 -16   1 -20
 -3  -7 -14 -19
-23  -8  10  19
 24   1  -8  -2
 -6 -22   6 -13
 21   6 -14 -17
  9 -15  15 -11
  4  23   3  22
-20 -19   1 -10
  2  -8 -13  -3
-24  12 -23 -19
 24 -24 -14   7
 13   3  13  -9
 24   4 -12  11
 20  23   0  -8
 -6  -5  -7   9
 -6   5  21   2
 16   0 -14  -4
 14  -8 -15  19
 23   1 -24   0
 24  -8 -22  23
  6 -22  12 -23
-22  -5  10 -23
 10  14  14   2
 -2  -8   5  11
 -8   9  11  -4
 13   0 -21  -7
 -7  17   6  11
-19  21 -12  10
  7 -19  -8  -4
 18  20   2 -21
 18 -16  24  -9
 14  10  12   1
  7  14  16 -11
-20   5  -5  17
-12 -21 -20  23
  6  15  24 -13
 -8  18  -3  15
 23  10 -24  10
 10 -12  19  -6
  0  20 -13 -17
 24 -17  -6  -7
-20 -15 -11 -23
-18  -5  -9  13
-20  -6  -7   7
-17 -15 -16  17
-15  -2  12  -5
  5 -15  -2   6
  5 -10   4 -22
-24  11  14 -19
 -1 -24  -6  12
 22  17  17   2
  2   8   9 -20
 -5 -14   3   4
-19  16 -22   4
-21  -9  23 -13
-24  20  24  21
 18   5   6   2
  2  -8   1  -1
-12 -13  13 -21
 21  21 -11  12
-16 -24  -3  15
-23   8  11  10
-19  14 -12 -10
-10 -22 -11  23
  3 -24 -12 -10
-21   8  16 -14
  5  16   4  -5
 17  12  -1 -18
 -8  18 -10   8
-23  14  -6   3
-23 -14  14 -12
 14  17 -19 -16
-14  11   1  16
 24  16  -7  22
 22 -14  21  -9
  2 -21 -22 -22
-22  10 -14 -14
  8   4  -9 -11
  3 -20  16   1
  9  17  -8  15
-14  -1   4  21
  4  19  -3  24
  4  -1  -3   0
  5  -3 -22  -4
  7 -17  10 -15
 10   1  17 -19
  2 -22   4  23
  0 -17 -10 -18
  7  20  21   9
 -1  17 -20 -18
 13   0   4 -21
 -2   1  -3  -9
 -8  18 -14  11
 19  -7  -8 -18
 12  -9 -24  18
-24 -21 -11 -17
  2  18  11 -20
 -7  11  12  13
 13 -16 -21  11
 -8  -4 -18 -18
 -9   0  10  15
  6  -5 -10  15
-22   3 -21 -19
  8  21  23   0
-11  -3 -16   3
 11  16  19  -7
 23   5  21  18
-12   2  -6  20
  1  -2  11  16
 14 -19  13 -16
-21   3 -20  -1
-14   2   9   5
-17  -6  -8 -24
 21  -2  14 -14
  0  18 -19  20
  1  22   9  18
 12 -17  -2  -4
-15 -12  11  23
 24 -13  -7  16
 18  -5 -22  11
  9   7 -16   0
-19   1  17 -12
  3 -16 -24   7
-22  -6  -4 -12
-19   0   3  18
-20 -18  15   3
  6 -10  -3  19
  4 -19   0 -15
 -6  22  17  19
  0  15  -2 -17
 -7   9  16 -12
-12 -20  16  16
 18  -5  15  12
 22  20  10 -10
  8  22  21 -24
-15  18  16  17
  2  24   9 -13
-18  17   4 -14
 23 -17 -23 -13
-14 -14   2  15
  9  -3  -8   6
 22 -24 -10 -11
-10  -1  -8 -16
 19   6  19  16
 17   1   7  -6
-12 -21  -2   9
-21  21 -15   3
 -5 -23  19  -6
 20  16   5  13
-11 -16  -8 -13
 22 -19  22   6
-23  -1   7 -21
  6 -17  11 -11
-13  19  24  -6
-10  -5 -19   3
-24  23   4 -13
 16  -9  -9  -8
-24   5 -22   7
 24  24  22  20
 20 -12  19 -14
-15 -11  13   2
 23   9 -21  -4
  5 -13 -13  10
  6  -5  24 -20
 13   7 -10 -17
 -8   8 -20  24
 -8 -11  15   5
-20 -18  18  23
-19   8  11  15
-10  23  -7 -21
 17  -4  12  -5
-17   9   3 -22
 11   5  12   8
-20 -22  15 -17
 21   6 -13  10
 10  13   4 -22
-10   9   1   4
 16  10   3   0
 16  18  22  -1
  6 -17  -9  12
-14   0 -10 -14
-10  23 -15 -20
 -9  -5  -8  -9
-11 -15  11  18
 10  -2   8 -17
 -6  10  -3 -16
 -7 -19   0   7
-10   2  18   9
 -8  13 -14  24
-18 -12 -11  -7
 -5  10 -16  14
-18 -17 -10 -21
 -5   5 -22   6
 11  13  24  22
-10 -18 -18  -8
  8   2  19   3
-23 -22   5  17
 23   3   0  12
  1  20 -18 -22
-22   2 -11  23
 17  22   1 -23
  5 -19  10  -1
-12  20 -11 -21
-22 -21  -4   9
  0 -15 -13  20
 -4 -11 -14 -11
 20  -4  15 -12
-13   8   7   2
  5   6  -3   9
  3  17 -22 -17
 17 -11  17  -8
-14 -15  23 -23
 19 -14  21  15
  6 -12 -15 -16
-20   8   2 -19
 15  -8 -13  16
-17 -10 -17 -14
 -1  11 -24  16
 12   4 -17   7
 -1 -22  -3  19
 -7  -9 -20  10
 -1   3  11 -17
-17   3  10  -9
  0  13 -17   6
  2  20   7  22
 -2 -10 -19  19
-13  -1  -6  18
  4  -1 -24   5
  0 -19  -7  15
-17 -12  -1 -24
-19   7 -21  15
  6  18  23  -4
 -3  11  -9 -20
 20   9 -21  22
 21  20  -9   6
 -1   2  21   4
-12   3  23  -2
  2  12   4  14
-14  23 -19  -8
-17  13  17 -18
 -9  19 -24  16
  0  -3 -14  12
-14  -8   5  15
 14  22   1 -22
  3   7 -12 -14
 -3  20 -23  -6
 -4   2   2 -23
  4  23 -24 -11
-13  20  -8  17
-10  21  -4  10
 -8  20  -5  19
 11 -18  20  16
  5  -5 -11   8
-21   8   4 -16
 23  17  11  24
-13 -14  -6 -21
-20   0  14  14
 -2  -8 -15 -13
 10 -24  11  15
  2  -6 -22  -4
-20  19  24   3
 13  -6  -1   0
  7 -15 -22  14
-14 -22  -3 -17
 -7  10  -7 -14
-13  14 -22 -10
-20  15   2   6
  7 -13 -15  18
-19  21   7 -18
 -7   8  22 -20
  0   6 -14  10
  9  20 -10  -6
  8  16  -9 -13
  2  12  -8 -24
-17 -15  21  -7
-16  12  22  -5
 -8 -14  24   0
  7  15  -5  14
-20 -13 -20   1
  2 -24   7  24
 -1 -20 -23   8
 -1   7   2   7
  2  -1  14 -23
-15  10 -17  22
 21  21  -9 -10
 23 -14 -18 -23
 -6 -18 -12  -8
-22   4  -4   8
 12   4  -4  12
 24 -11 -14  19
-20  -1   2 -24
-16  -2   4 -13
 -9   6   2  23
 23 -11   4   5
-16   9 -14  -9
 17  18  -8 -10
-14 -15 -13  21
  5  18  24 -24
 11   7  -7   1
 14  17  16   5
 15  -2 -24  -1
  0  -5 -12  12
-21  -4   1   3
-20  10  12   6
-18  21 -21  22
  3  23 -20  -5
  3  -2  -4  -4
-10 -22  24 -19
-15   0  17 -21
-12   7 -10  12
  2  18  10  18
  1  22   7 -17
  6   5 -13 -18
-14   5   5  15
 20  -3 -13 -23
  2   4 -16  -6
 13   5 -24  21
 -2  19 -19  23
  3 -23   5  16
-10   8  -3  -6
  1 -19  -3  -1
-10  -4 -11   6
 17  18   3   2
 -1  19  -7   1
-15  12 -23   1
 -9 -20 -11  16
 21 -17  -1  -9
-10 -11 -24  10
  2   7  13 -23
 20  16 -19  16
 12  10 -17  -3
  2  11  22  17
 -3  16 -20  20
  4   5   7  -2
 -1  -8  22 -15
 -7  -4  23  10
 -3  20  -7  15
 13 -15   3   8
-15  20 -19 -18
 13 -20  16   6
 10  -4  17   9
  2 -17 -18  23
-12   6  13 -22
  4 -10  -7   7
-20   8 -12 -20
-24  21  -9 -20
  0  10  -1  22
  6  -5  10 -16
-14  15  16 -23
  3   6  15  -8
 -6   3 -18 -15
 13  -3  -9  -6
 20 -16 -22  12
 -4   3 -15 -18
 18  -4  12   5
  2   9  20 -23
-13  16  10 -20
 23  10  -9  -9
  0   1 -15 -24
  3  19  10  -2
-13  10  18 -21
 23 -14   9   9
 -7  15 -17 -13
 -7  24  24   4
  9  -4 -15  23
  2  22  -5   8
-18 -23 -20 -20
 23  12  -3 -24
  9 -24   2  -3
-20   8  17 -22
-19 -10  17  14
 16 -24 -24  19
-22  17  23 -11
 -9  -9   2  15
 16  -3  12  -6
 15  -8   1 -22
-19  -4  22  12
-17  24 -11 -17
 24  21  -6  14
  4  21  21 -22
 -8  -5  -2 -24