  6   9  23   8
-19  10  -1 -12
  2 -20  -9 -13
 -1  -5 -10   0
-22  23 -20  17
 18   8   6 -16
 17  11  20  23
-17  -7  18 -21
  2 -23 -15   8
 12  24  14  23
  6   6   9 -14
 22  24   8   9
 -9   1  18  14
 -1  23  24  12
-15 -10 -11  21
  1 -10  18 -16
 19  -9  20  16
  9 -23   1 -21
 24  11  16   5
 11 -20   2  -5
 -1  18  18 -14
-24  16 -19   0
 -2   3 -19 -21
 -8 -24  21   5
 18 -19 -14  -9
 18 -12 -19   5
-10  -2  -7  14
-17 -14   6  16
 -8  -2 -23   2
-20  12 -18 -20
 13  14  10   4
 16  16  15  -2
-17   6 -10   3
 -2 -22  16   8
-14  -7 -20  -6
  4  14 -16   0
  4  -3 -22  12
 13  13  18   0
 -4  23 -15  19
-17 -13   5  22
 10  12 -17 -14
 -4   9  18   5
 -9  -9   3  -9
 22 -22  22  11
 11 -20 -24  23
 -2  -6   9 -14
 -2   2  11 -13
 -4 -12  15  23
-19  16  14 -21
-23 -12  12   8
 14   1   7 -10
-10 -20  -9 -22
  3  16  -8   9
  7   8   3  20
  7  -9 -18  22
-17  -8  10   8
-11 -13 -23   5
-14  12  19 -21
  8  -1  11  -9
 22  18 -11  -5
 -7 -16  15  -7
  6  19   0  -1
 24  15 -18  20
  4 -22 -19  -1
 13  -4  21   0
-24 -13  -9  22
  2 -17 -12   9
-14  15  17  10
-10 -20 -10  15
  0 -23  23  13
-23 -11  13   6
 -4 -20 -18  15
 14  -9 -10  16
 12  -4  -7  -1
 -2   1  -4   9
 -7  -5  -4  -1
-21  -7  24   6
 -5  13  -6 -13
  4 -20   9   1
-18  23 -17  -2
-21  21  15  -5
-14  -9 -24   3
 14  15   3 -14
-18  -2   6 -23
  7   4 -23  15
 24  -4   6 -24
-20   7  24   9
 12   7  14  -8
-15  -2   1  12
-24 -15 -21  -9
-23   1  -8  18
-17  -9 -22  21
 -5   3  -9 -16
 -3  -7   7 -14
-21 -20  -6  16
 -3  -7   6  15
 -6  -3 -10  -2
 17 -22  -1 -16
  4  -5   1 -12
 20 -19 -11 -17
 15 -12   1  -4
-23  17  18  14
  6  -1  13 -20
 19  14  10  12
 10   5  -7   5
-16  -7  -1   8
-15  11  12  17
 19   2  21  14
  4   5 -12  22
-23 -16 -11 -22
  0 -15 -13 -14
 18 -22  10  13
-11 -17  14 -13
-23  23 -18   8
-16  -8  -6  -5
 13  22 -11  12
-10  11  24  10
  7 -13 -22  21
-20  17  24  -4
  8  16  22 -18
-18  -5   9  13
 17  15  -9   2
 20 -14  20  21
 -4 -23  -1  22
  1  -6 -12   9
-16 -10   9  22
 -3  24  19  -2
-14  22  18  -6
-23  -6 -12  -6
  1   7 -10  12
 22  24 -23  23
-19  -3  17  -6
 20   5   2 -23
-21  18  -3 -14
 23  -5 -11  -4
  0 -22  23  11
-16  23  18  20
 -3  -8 -13 -22
 -7  -7   1   8
 -6 -16 -12  -4
 -4 -16  23  -7
 11 -17 -14   7
  5  -2 -12  19
  4   8  22  20
 17  19  17 -16
  8  24  15   4
-13  22  -6  -9
  0   2   0 -14
-23  17 -23  15
 -5  22 -18 -21
 -1  -7  11  -3
 19  10  -2   3
-23 -15 -22  14
 -7  -1  -2 -18
-16 -10  10  22
 23   8  15  21
 12 -18  12 -21
  8   5  -9 -22
-13  16  -1  -5
 13  15  21   5
  4 -10  22   3
 15  -2   4  17
-23  14  15 -18
  4  18  16 -13
 -4  -9 -16  -8
 -9  20 -20 -19
 13 -17  -8 -20
 -2  20 -19  23
-19  20  -5 -23
 -3  -6 -21  -4
 16  14 -10  20
 23  18   2 -11
 23  24  -2 -20
  9  10   6   1
 24   7   4  -4
-13  23  -9 -13
-21   4 -17 -13
 18   6 -20  16
 -8 -11  19 -14
 13  24 -10  -2
 -7 -10  15   5
 -1  24 -17  13
 -2   3 -13 -17
-20 -16  17 -21
 16  14  -4 -12
 22  10  -3  -1
  9 -12  14 -24
 21   5 -24  -4
 -8 -18   8  -4
 18 -22  18 -18
 -5  18  21  13
-22  -8 -11  19
 -2  19  -6  -1
 -1   1 -11 -21
-19  -8  19  11
 12  14  14  -7
 -6 -14  -7 -11
 -4 -20  23  18
 19 -23   9 -10
-11 -23 -12   8
 -1   0  24 -20
  2 -14 -15 -21
  1  -5   5 -21
 -7 -12  16  21
-10  -6  -5  21
 21 -12 -14   7
 19   4  19 -20
-19  17   9 -23
 -7  16   7   7
-13  -5  -6   6
 20   6 -15  13
  3   1  14 -24
 19 -18  21 -19
  2   4  -8 -11
  2   4  15  -6
-22  21  -7 -12
 10  24  -9 -14
-14 -20 -13   3
-23  24  12  -5
  6  16 -23 -19
  5  -7 -17   5
 23  11  18  20
-21  18  18  -7
 15 -15  15  22
 -9 -16  -1 -13
 12   3   2 -12
 16  23  -5  15
 13  20  -7  -3
-21  16  11  13
 21  -4  22  -6
 12 -13 -14  -1
 -4  13  18  -5
 12 -12 -15  19
  5   9  12  -2
 -8   0   8 -16
 19  14 -10   6
-19 -18  19  13
  4  -1 -16 -10
-11  -9 -24  19
-18 -15   9   5
 13  10   3 -10
 21  19   4  12
  5  20  20   4
  7  10   3 -17
  8   9   2  14
  5 -22  -7  -7
 12   4 -17   4
 21 -20   3  11
 -5 -11  15  -3
 -4   2   2 -15
 -5   3  17  10
 -5  -2 -15 -20
 19 -19 -19 -17
  7  11 -16 -19
 16 -20  13  16
-14   9  -2 -21
 16 -15 -11  -1
 -6  -8  16  -5
 24 -21  10  -7
 23 -16  13  -7
-22 -19 -14 -13
  8  12 -19 -13
  1  21   5  11
 23   4   4 -21
-22  -9  -3   5
 10   8  17  -3
  7   4 -21   8
 17  -3   6 -14
-22  -9   4  22
 12  -3  22  -7
 -8  11  11  20
 12 -21 -17  20
  3 -14  22 -14
-15 -17  11  -4
 21  -2 -22 -14
-13  22 -19  13
 22 -11 -11  24
  0  -2  -3 -20
 15   2 -17  16
  8  -7 -12  -7
 23 -18 -23  19
 23  10  -7   4
 20  24  -4 -17
 -6 -10  -1  12
  8   9   7  -8
 -3 -15  17  22
-10   7   1  18
-14 -12 -20  13
-12  21 -13   2
 -6  15 -16  -3
-24  19  -7  -3
 -4   4 -14  18
-10 -12  -6   5
 -5 -10  20 -23
-10   8   6  13
 10   5  18 -10
-20 -17 -19  19
-10  -3 -14   8
-15  13   9  -9
-14   3  19  -4
 17 -14  18  21
-16  11   4 -12
 -9 -19  24  22
  6 -11  12  -7
-24  -3  19  -4
 16  12  16  -4
 -8 -11   5 -16
 20 -20  -8  -6
-11   4 -10   7
  1   4   8   8
 11  18  18 -21
-10 -10   2  12
 -7  23   1 -24
-16 -19 -15  20
  0  18  22   2
-18   2 -24   3
  6  22 -23   8
 24  -6  -7 -21
 11 -18  -7  14
 -3  13 -16 -10
 -5   6  -6  15
 24  -6  -5   8
  9 -11 -14   7
-10 -15 -11   1
-24  -8 -13 -15
 13   7  -1  -6
 17  10  21 -23
  5  22 -16  21
  1   5  11  12
-15  -3  22  12
-13  18  -6  -6
-21 -11  -1  19
-12  12 -12   4
 19  17  -4 -11
 -2 -23  -2  21
  6 -11   7  -2
  3  22  18  14
-23   4  12 -15
 19  -8   9  19
-16  14  -9  -1
  0 -12 -13   0
 21 -13 -13 -14
 -8   7  15  -5
-22 -14 -18  14
 -3  17  22  12
 16  24 -17   7
 -6  -8  12 -14
 19  -5 -22  -6
-13 -14 -22   0
 -3  18   0  14
  1 -22 -24 -24
-24 -21   4 -23
-23   9  17  10
 -8  21   2  14
 22 -22   5  19
 11  -1  14 -21
-10   7  20 -14
-19  21 -12  13
 -6 -17   5   5
  3  -4  17 -13
  6   2   2 -17
 14   9 -14   4
 -2 -10 -23 -24
-10  -1  19 -23
 -8  -2   9 -11
-21  -1 -18  -2
 18 -23  19  -6
-22 -18   3   2
  3  14  15   3
 21  23   9   2
-16  -7 -13 -24
 12  -9  10  18
 -3   5  21  19
 15  -1 -22  21
 10 -10  19  18
-19  18 -11  16
  9  22 -13 -16
 24 -22  15   3
-24 -13  -4   8
  5   7 -19 -19
 22  12  18 -14
  7 -17  15 -22
  5  22  10 -10
 21  23   7  23
  1  18  -9   4
  3  -2 -18 -11
  0  23  -4 -16
 -6  10  11 -12
-18  15 -21 -15
 19   6 -13 -22
  2 -21 -16 -16
 -3 -23 -14  21
 -6  -2 -14   0
 -2  12  -6 -24
 -1   0 -14 -17
-12 -24  22  11
-20   9 -24   8
 17  12   1  19
 -2   5   5  23
-17 -24  -3   4
 -6   1  12 -22
 -3  21   5  -8
-17  -7 -11  -3
  0   2  21  18
 24   5 -18  20
 23  24 -14 -10
 -8   1   7  -4
 -6 -15 -12  18
-21  -9   3  14
-19  -9   3 -17
  8 -23 -23  17
 -7  10 -16   7
 17 -23  21   2
-17 -21 -15   6
 18  23  -2  -8
  1 -10  -8  17
 -5  -8 -15  20
  8   9  14  -3
 19   8  17   6
  7 -23   5  24
-10  12 -17 -23
 15  18   8 -23
-20  17  12  16
 12 -14  21  -9
  2  15 -21 -24
 -2  -5  21   0
 17 -11 -18  17
-16   9  17  -4
  2  16  -4  -9
  8   2  17 -19
-18   2   0  11
-16 -20   7   7
 -1  -5 -21   9
 -7  15 -15  10
  4  17   6 -21
 -3 -22 -19  -5
 -7   6 -12 -19
 -4  -2 -24  14
  2 -15  17 -14
 -3  -5   8   9
 -2 -10  -4 -11
  9  -8 -14 -18
 -5  15  21 -10
-23 -14  22  19
  6  -2  -1 -10
  0 -14 -17   8
 -4  -4 -23  -8
-13  -7 -14  -1
 -4   4 -22   1
 12  22  -8   9
 18  13  15   0
 -9   1 -13  23
 22 -20  23 -20
 24 -14  19 -10
-10 -11  15 -12
  6 -13   9   4
 -9   6  -3  23
 18  20  22  19
 15   9  12  10
-24 -22  17  19
-23  11 -20  14
  0 -19 -12  13
-13 -17 -12  -5
-20   8  10  -5
-13  17 -12  -9
-20  18  12 -12
 13 -11   7  11
-20 -23 -24 -19
 21   2  13  23
-20  11   0   1
-20  11   4  -5
-20  22  -8  19
  9 -23 -13 -21
-12  24   3   4
  6  24  16  -6
 18  13  19  -6
 -5 -23  14  19
-14  17 -24  -6
 12 -12  19  -6
  0   0  10  12
 -1   1 -16   4
 15  -5 -16   4
  5   8  11 -20
 -5 -22 -17 -12
-10  -9  -9 -22
 13  23   1 -18
 24  11  -9   9
  3 -13  19 -16
 19   3   5  14
 18  -8  15  20
-13   5 -11  14
-10  -2 -22 -14
  8 -16 -12  16
 -7 -15  12 -16
-18  17  22  22
 19 -23  18  -1
-18   5  15  12
  9  -3  14 -21
  4 -24 -23  -2
 -5 -14  -1   9
 16   9   0   0
 -1  18  -3 -13
 12  21  23  18
 23  -4 -20 -23
 11 -18  15  20
 22  15  -8 -10
 -8  -3 -24 -19
 10  22  22  -6
-24  -7 -14 -16
-18   0  12  -3
-16  14   4  15
 -5  -3  10  10