 14   9 -10 -14
 -7   6 -22   6
-21 -22  -5  -9
 22  10  10   4
 12 -14 -21  16
 11  24  -7   1
 -2 -24  -7 -21
 11  16 -13  24
 16  17  -1  -6
  1  -6  11  -5
 24 -21  10  -7
-17   8  24   9
  8 -13   8 -24
  9   4 -18  19
 -6 -10  22 -16
 24  23  10   0
 14  -5  22  -9
 21  20  16  13
  5  18 -17 -24
 -3  -1  13 -14
-16  23 -19 -21
-19  22 -19  -1
 17 -19   5 -17
 -5 -12 -10  23
-19  13  14  -8
 -7   2 -15 -14
 19  19 -18   0
 23  15  14  -2
  6   1 -13 -18
 22  24  13 -21
  1  -6  -3 -15
 12   9 -24  13
 22   2 -11 -21
 23  24  18  -4
 10 -11   7  -3
 -7 -23  -4 -13
  7   3   6 -16
-10 -22  11   8
-19 -18  15 -23
-11 -16 -10 -19
-15 -24 -23 -21
 -3  -4  21   2
-14  17  22  -4
 -2   5 -24  -3
-19  20  24   6
-20 -12  11   7
  0   1  13  18
 15 -17  15 -15
 17 -16 -10  23
 14 -16 -10  -3
  9 -15   8 -15
  7 -24  23 -19
-24   7  19  15
 13  18   4 -12
 10   8 -13   1
-18   6 -15   7
  6 -10  -8  14
  4 -17 -24  13
 -4  -8  23 -16
  8  14  21  -5
-16 -12  -8  10
  3 -16  18   4
  9  -7  -5   4
-16  23  -5  -5
 17  19 -10  -8
  9 -24  -5  19
 -6  11   0  20
  4   8  -4   5
-22  -9  18   0
 -2  16  17  -5
-14  -9 -17 -21
 15 -12  21  -9
-15   3   3 -23
-17  -7  20 -14
 17 -13  -4  18
-17 -17  20   9
  7   4  14   6
 -5 -18 -11  -4
 11  -2  -3  -2
  3  24  19  13
 -9   0  22  10
 21  -9   1 -22
-20  -9   9 -13
  6 -23   6 -19
  6  24 -13 -23
  9 -16   9 -15
 -1  -3  -5  -8
-16  20  16  19
-12  -3  16  -6
 -4  16  21   2
  0  15   3  23
 -6   2  -2 -14
 -7  15  22 -19
 10 -21  18  21
-14 -13  21   0
 -5 -13  12 -21
 12   8 -21  -1
 21 -11  22  13
 22  17  13   4
  4 -23 -11  -5
  2 -19   4   2
  3  18 -23  24
  6  10  18  23
 19 -17 -19  24
-19  -4 -22   5
-22  10  -4  -7
-20  15   5   4
 12 -22   0 -16
-20 -15  -1  16
 -1  11  12  19
-20  15  -9   3
 -4 -22  -3 -24
-22  15  14   7
-24 -10  23 -15
 13  24 -10 -15
-19  14  10  -1
  8  -5  10   4
-12 -12  19 -14
 -3  -4  -1 -20
 16 -20  -8 -23
 22  18  -2 -15
 -6  15 -15   7
-17  22 -13  10
  7  10  11 -20
-20  -9 -19 -14
 -3 -21  24   8
 -3 -16 -18   6
-22  21  12 -16
 -9  11 -15 -24
-21 -15  -5 -18
 20   2  -6 -12
  7 -23 -14 -23
  1 -13   4  -6
-14   5 -19  -7
 -5  19  -1  17
 19  13  14  23
  1   3  -4  14
-23   7  15 -16
 19   3 -22 -18
 22  23 -16  13
 18 -18  21  21
-22   5  -3   1
 -2  -4 -15  14
 -4  10  -7   1
 -8 -22  -9  16
 19   4   0 -18
-18  13  -1  -3
 20  20   1 -10
-20   4   0  21
  3  21 -19  23
-20   7 -24  20
 23  14   4 -19
 20  -1 -19   4
 -3 -15 -15  20
 -4  17 -17  24
 -1  -2 -14 -24
  3 -15  22  -4
-24  20 -21 -21
 24 -12 -15 -14
 19 -19  23 -13
 18   9   6  -7
  4 -13  15  -4
  2  -7 -14 -12
 -4 -16   6  18
-11 -23  -4  14
 18  18   9 -22
  8 -15  -5 -16
  7  -2  23 -21
 15  18   0 -14
 -5 -22  -9   1
-19  16  13  -6
-11 -12   3 -12
 19   9 -14  20
  6 -15 -14  17
 18   3 -20  13
 13   8  18  -9
 14 -20   6   2
 23  -5   5 -14
-15   4  -3   9
 -4   8 -14 -19
 -4  21 -11 -20
  2  12 -12  13
 24  -4   4   4
  4  14  12 -18
-15  -5  17 -20
 11  16 -22  20
 -8  22 -23  14
 -2 -21  11 -16
-23   6  11 -13
-15  14  -3  22
 16  11  22  12
-14  -8  -9  -2
 10  24 -23  22
 -4 -11   4  23
 -9  24   1   1
  9   2  24 -21
 -4  19  24  20
  2  14  19 -20
 12 -13  24   5
 24 -17  19  18
  9  20  12 -14
 10 -20  -6  19
-24  20 -18  10
 19 -19  -1  19
  4  17 -15  -8
-11  -6  -5  15
-12  -2  19 -13
-18 -14  -5 -13
-16  -3   9 -14
-15   6  13 -24
-12 -15 -23   1
 -7   8 -14 -22
-22  -2  20  -9
-12   1   3   0
  2  13  20 -22
 22  -1   5  24
 -7   8   9  -7
  6 -24  -4  -5
 24 -12   4  -6
 -5 -16  16   9
 17 -10   7  19
-18 -10   6 -12
 14  10  15  15
  0 -21   5  10
-17   1   3   5
-24  20  18  -7
 -5 -19  19  -4
-17  17   7  -7
 -2  24  -8   4
  5   7  16  22
  6  16 -10 -18
-15 -21   5 -18
 13 -10  -4  -4
  2 -15  22 -16
 15  -8  -2 -17
 -3   5   9  15
 -8 -11   8  14
 11 -20  -3  -2
 -6  -5  -3  13
 10  -3  15  -3
  7  -7  21   8
-20 -23 -22 -22
 22  13  22  -5
 18   0   1  -6
 -2  20  23  -2
 21  -5  -5  16
 -3 -22  22  18
 -5  19  -2  14
 24  20  -8 -18
  5 -23 -23 -10
 -6  14 -13  15
 20  -3 -23  -8
  6  -8  -7  23
 -4  -7  -6 -14
 -7  -7   5  13
-16   2  14  -7
-14  11   5 -17
  2   8  -5 -23
 11 -10 -16 -21
 12 -10   5 -14
  5  20  18  -3
  2   1 -10 -12
 -4   8  23  16
 21 -18  17 -10
  8  11  16   1
 11  11 -15  -1
-19 -18  -2   8
 13  11  23  21
-12 -16 -21 -15
  9  15  14  -5
-24  -5  24 -23
  1  20  23  -8
  5  17 -17  -3
  6  -4  -7 -13
-11   7  18  -5
  8  -2   6   8
-22  18  10   3
  1  12  17  23
 -3  19  11  -7
  8 -21  12  -8
 -8  20 -11 -19
 -1   6 -15 -15
-12 -15  13   4
-22  -3   2 -16
-14 -19   9   6
-23 -17   5  14
  0  15  20  -6
 23 -21  23   0
-22 -10 -17  18
-20   5  -1   7
-20  15 -14   2
  4   0   7 -10
 -6  11  -2 -10
 -5  -2 -14  12
 10  15  20  22
  8   2   7 -19
 15  -1  20   9
 -9   5  16  18
 11   4 -15 -15
-13  11  13  -3
 -5  17   7  -4
 -8   9   0 -11
 19 -21   9  -9
-10  14  10 -17
 -1  17 -10   9
-12 -20   7   3
 22 -24   3  -1
 -3 -11  -8 -12
  5 -21 -13   8
 -2 -15  14 -19
-10  -7  16 -19
 -5  -4 -18 -19
 24   5 -23   5
 -4 -23 -13  13
 -9  -2  10  -1
 -1  10  23 -20
  3 -22  -9   1
-16   7 -20  16
-24 -12  -5 -11
  4  22  -2  18
 -3  22  -3  19
 23  -7   5  -3
 16 -13 -23 -22
 22   7   6 -10
 16  -6   8 -12
 -5 -14 -18  22
 18  21 -23  10
 23   5  18 -22
-20   5 -19 -17
  6 -22  22   3
 20  17 -14   9
 -5  13  13  15
 16 -19   4 -22
 -4   8   4 -17
-22  23  14  -1
 -2  11  -8   1
  8  -3  -9 -22
 -9 -13  12   4
  5  22  15 -15
  6   6  -8  23
 16  -8  -1 -13
-11  12   4   8
  1   1 -24  -2
 -1   2  12  23
  2 -15  10  21
 -1 -20  15   2
  0 -22  -7   8
-24 -12  -1  -8
  1  -3  14 -20
  2  -8   0 -15
-22  11   6   3
-10  -7 -16  11
 19  14 -15  -2
  2  19  20  18
-17  -2   9  -7
 -2  -1 -12  11
-23  -2 -21  -3
 -7 -20   1 -21
  3  -8  14   0
  0  12   7 -10
-21 -12  19 -19
 13   0 -19 -20
 24  17  -9  10
-18   3  -4   3
-10 -15  -7   0
 24   7  -7  13
 -7  14 -18  10
  8   3  -6 -19
  1  20  -4  12
  1  -9 -16  -5
 -4   7  13   5
 -3   8 -17   7
-10 -21  -2  21
 -9  13 -10   0
 18   3 -16  12
  4 -23 -11 -23
  4  -3 -19   7
-15  -2 -24   2
 17   7 -17  24
-17  11   2   9
-14   9  -6 -18
  7   8 -10   6
  2  14 -22  -9
-12   3 -11 -10
 -1  24   5   4
-12  22  15  -4
 -1   2 -15  -3
 -5 -20  16  19
-16  -7  10   4
 15  24  12 -11
 -8 -13 -11   2
 -6 -24 -20  -9
 -4  14 -24  20
 18  22   5  -6
 -6   5   8   1
  5  17 -20  21
  9 -16  -8 -11
 -2  -2 -13  -6
 22 -24   5  13
-11  22   3 -15
  5   6  12  -8
 12 -21  12  19
-21   5  -1  -3
-17  -2  24  23
 -8  -3 -15  22
 10  23  21  -1
-13  20 -16 -14
 23   6 -23   9
-21 -21  -1 -17
  2 -22   9   8
-19  -7   7   6
 15   8  18  18
  9  12   1   3
 -4 -16   7   3
 17  -4 -15 -17
 18 -23 -16  24
 -3 -12   0   7
 -2  14  19 -19
 16   8 -15   2
 24   1   1 -14
-12   2  16  11
-17 -10  -1  12
 12 -24  12 -15
 13   5  16 -19
-23   7  -6 -18
 13  19  -9   1
 -8  -2  -5  -8
  6   1   3   0
 -4   7 -10  -4
 -7  -4  11  21
  9   0  -2  15
  0 -10  10  -8
 -2  -4   2 -23
 22 -22 -13 -23
-13  -5 -18  22
  5  23   8   5
  9   9   0  22
-13   1 -12 -23
 20   5  21 -18
 18   6   6 -19
-21  11  -3 -21
 14  -1 -16   8
 18  11   3  12
 17 -17 -12 -22
 -5  13  10  15
  7  -2 -19  18
  9 -20  22   1
-10 -22  -6   3
 -5 -24   8  17
-24  -9   1   0
-24   5  -2  -6
 -3 -17  -9  -4
  6  21  -2 -13
-15  -4  11  -1
 10   7  18   4
 19  12   0   5
-15  -6 -11 -11
  2  21   9  -2
 22 -19  19 -18
 -2 -21  16 -15
 16 -23  15  -4
  5  -6  -3 -22
  8   8  10  13
 23  21   5 -13
 23  -2   5   0
 22 -18  -5   3
  4  -8  24  20
 15  19  -1  16
 -1  14   4  22
-22 -21  -7   0
 16  19   6  15
-20  -2  -4  -6
-16   2  24  13
  6 -12   1   9
-18 -19 -16  20
-20 -24 -24  22
-11  20   0 -22
-11 -21  20  11
 20  23  12 -11
 21  19  -1  -7
 17  15 -13  -4
  7  22  18  17
  8 -15 -23  23
-23  13   1 -18
 -5   2   3  -4
  5 -18   2 -13
-17 -22  15   2
 13  11   3   0
 11  16 -12   0
  5  -5  -7  10
 16   6 -17  19
 -7  -9  16  17
-10 -21  -3  -6
 -3 -24   1 -16
 19   3  -1 -23
 10  23  -8   6
 23   0  -9 -12
-21  21  -6  12
-24  -6  20  15
 -3  24   0  -6
-15 -11  -9 -13
 11   2 -11   3
 11   6  15   0
  6 -17  17   3
-14  18   5 -24
-23   6 -12  20
 18  -9  17  -7
 12  21 -24 -24
 13  -1  -7   5
  5   9  17 -11
 15  -7  22   6
 15  -7 -14 -23