 -8  -2  13  17
 18  20  10 -22
-19  -6   9  10
  1 -15   0 -12
 -9   2  12 -10
-15  -9 -18  22
  1  19  -3  -1
  2 -12   1   3
-19 -13  13   0
 14  15  -2 -18
 18   2  -8 -19
 22 -18  -7   1
 -1  24   9  -3
-11  17   7  -3
 -6 -11  -2  20
-12  19   6  24
 23  -4  21   5
 -8  12 -13 -15
 22  -8  -4 -12
 17  11  20 -24
 -6  24 -21  -2
 24  14  17 -22
-13 -17  -6 -24
-21 -22   0  23
 12  18  12  20
 -7 -17 -13  -3
  7 -11  14   2
-22  -4   1  21
 -1  12  -3  -6
-13 -19  18 -18
 21  -7 -20 -20
 20   5  -7  24
-24 -18 -20 -17
 20 -15  20  16
-22  23  -2  11
-13  14 -15  -4
-23   0  -9  -7
 -8 -18  11 -24
  5  -3  17  22
 13  -9  -7  -8
-11 -21  -9   8
-21 -20 -11   2
  0  17  -7 -21
-13 -24  -7 -16
  0   2   6  -2
  4   9 -12  14
-21   7  19 -16
  7  -5   7  20
 -4  -5  16   1
 12  12  -9   8
  6  11   7  18
  4  12 -22   6
 24 -21  23  24
 10 -19  -2   1
-22  11  15  -4
  1 -21   3  16
  3  -3   7  -3
 -9  24  -4 -11
  6 -18   2  17
-18   7 -18   5
 -9   6  21 -20
-15 -15 -12 -21
  7  13  23 -13
-22  23  20  23
-19  19   2 -13
  1   7  19 -17
 22  11  15   4
 16   6   5   9
-23 -22  14 -14
 10   2  -2   5
 -2  19   2  -5
 24  -3   8 -10
 10 -18  -2 -12
  7 -11  -3  -9
 18 -23  -8  -5
 -7  -1 -15  -4
 15 -24   2   5
-15  13 -18 -18
 15  -5   0  18
 21  -8 -14  -7
 11  14  -4 -13
 14  14 -20 -22
-11 -17 -23  24
-13   9   7   9
-21 -11  -1 -13
 -1 -15 -13  22
-15 -18 -21  13
-21   7 -23  -8
-14 -20  20  22
 -6  13 -14 -20
 18 -11  23  23
 13  10  23 -11
 -5  -7 -23  10
 21  -5  22 -19
 16  -8  11  -4
  2 -22   1  14
 10  13  15  18
 21  14  18  24
 -1 -17  16 -12
-14  11  10  -4
-13 -10  20  -6
-15 -17 -19  10
  9 -23  -4  19
-13 -21 -15  18
 17  -9  10  16
 -1 -10   0  22
 -3   8   8  21
  1 -13  17   1
 14  -8 -17  10
-22  23 -16  12
 19 -11 -15   2
 21   8 -13   5
 -5 -16  21  19
 16  -2   5  13
-24  22  -8   7
 24  17   1  16
  3  13  24 -12
-18 -15  -2   2
  5  -8  10  18
-23 -14  -2  17
-16   1  17 -21
-15  18  13  -8
 20  -2  24 -16
-21 -22  10   5
-21   4  10 -15
 22  15  -5  -3
 -6  14  -3  -7
 -3 -13  17 -10
 -1  12  -1  17
 16 -14  -8   6
-24  -2  18  13
 21   4   5  15
  5   0 -16 -22
  6   0  23   7
 22 -12  14  22
 -8   1 -18  23
  2  -4  -3 -19
 16  23  20 -19
 23 -10  -5 -21
  9 -20   0  -2
 21   9  -9 -14
-20 -21   9 -23
  2 -17 -15 -16
 -4  21 -19   3
-10   7 -14  21
 -5   3  -6  21
 -6   6  -3  15
-10  16  13  15
-10   0   9  22
  8 -17   7  21
-17 -10   5 -14
-17  -2 -18  17
 21  18  12  22
 -4  16 -16   3
  7   5  11   7
 14 -21  -2  10
 -6  -4   1  22
-21  -2  16  17
 13 -11  -3   0
 15 -23  18  15
  3  18 -15  20
  0 -19 -17 -21
-11 -21 -11  -5
  9 -14 -22  -5
-11   0  16  -6
 20  -1   0   9
  3 -14  10 -18
 -3  12  10   1
  9 -14 -13   3
 -1   4 -19  -4
 22 -21  -8  -7
 -8 -16  23  24
-20  16  17   3
  6   6  10   1
 -9  14  16   7
 13  21   6  16
 15  20 -11  -5
 -4  12  -4  -8
-24  19  -5 -20
 21   0  15   9
  7  -9   6  19
 19 -12   7  20
 -5   6   1  13
-10 -16 -10   3
 17  24 -22   7
  0 -18   6 -23
  7 -19   8   3
-20 -21  20  18
 -3  -7  -6  -9
-16   3 -10   9
 -3  -4   7   7
-20 -13   6  -2
 23  -6  13  -7
 10  11 -15  -1
  8 -17  -6 -20
  6  12 -17  19
  5   5 -22  22
 11  17 -13 -12
-24  11  15  14
  7  23  -5  19
 21 -24 -12  20
  5 -22  10  -8
-19 -17 -18   1
 -8 -17  -1  14
-22  23   7 -12
-23 -15  -6  17
-16  19 -23 -23
-18  -5 -10  -4
 -9  21 -24  -3
-11  24  19 -16
 -9  22 -17 -23
  6 -13  -6   8
-17  23   9  11
  6   6  21   1
-11 -16  -6   3
 21 -20 -21   1
-23 -21 -13 -17
 -6   4  -3   1
 24   9 -22 -13
  5  10  -6   7
  2   9 -13 -24
 -8  14  17   2
-10 -17 -17  23
 24   1   0  -2
  8 -16 -20 -24
 12  -4  17 -10
 17   8 -20  11
-14  17   2  19
 -5 -12 -11  -3
  8 -24 -21  19
-18  23   2 -22
  1 -23  -5  18
  4 -21  20 -10
 11  19   4  15
-14 -21 -11  -6
  2 -21 -21  -9
  5  21   2  10
-16   6 -20  -7
-21   0 -24  -7
 13  22   7  13
 17  -3  15 -14
 20 -21   9   4
-15   8 -24 -23
 -4  -8  19  10
 11  -9  13   4
  8  -4  18  -8
-10  12  -2  20
-19   2 -21 -12
-17  -1  20  -6
 16  10  11  22
-18 -24 -17 -16
 -3  10 -17   5
 -5  -3  -2  -8
-18  19  -3 -16
  0  18   6  12
  8 -23 -11  -9
 14   6 -16  14
  7  10  17 -13
-15  18  -7  16
  0 -16   6  14
 10  24 -23   4
 -4   3 -23   4
 22  -4  16  -4
 19  -6  15   7
 17   7 -14  13
 23  16   0   6
-14  13 -24  23
 23  -2  14  -6
 15  -9  -3 -21
 18   2 -24 -19
-21  -1  18  -7
 -4 -15  -6   6
-21  17  19 -22
-18   9   3  20
 14  20  21  -4
 11  12 -15   8
  6   1  11  -4
-16  -3 -22   7
-20 -22  -8  18
  1  20  23  19
 -6 -20 -24   4
 -5   7  18 -13
 -8   7 -17 -19
  2  -7 -22 -10
 -6  -2  10  -4
  5 -22   9  -6
 -6  -6  16   8
  1 -13   2  10
 12   1 -20  -4
-10  -3  11  -8
-10  20   4 -16
  0  19  -2  -4
-22   7 -21  12
 -5  13  -8 -15
  1  -6  19  10
 -8 -18 -17   7
 18   7 -17  13
 -9   6 -12  -1
 13 -10  12   1
  7  -2  -2   4
 -2  11  13  18
 -9   6  24   5
 22 -16 -22 -19
-14  -8 -13  23
 -8 -13  19  -2
  7 -16  -1 -22
-11  10  24  -9
 11 -13  21  22
-22   6  13 -17
 20  -4 -11 -20
 21 -17   1  23
 -9  -4 -16  22
 21  -4  -2  -6
 -7   1  -6 -22
  9 -15  -4   7
  1 -19 -21  -7
 12  24 -13   0
  5 -18   0   6
-22  -1  -8 -20
-18   7  24  -1
 -1  14   1 -23
-18  -7  11   1
-23 -18  14 -22
 20   5   5 -23
  2 -23 -17  16
 15 -17   6   0
  9  12 -15 -14
 -4 -23 -22  19
-17 -17 -15  20
 -1  12  -5 -10
 16  15 -14 -12
 -1   6  22   0
 11  -3  -1  11
 13  -7 -10 -23
  3  22  15  -1
-24 -24   0  -9
 -4   2 -21   6
 -6   2 -13  17
 23  18 -20 -13
-19   0 -12  19
-10  -8 -23   7
 -1  12  22 -21
 23  -8  -5  18
-13  16 -20  -7
  3  23 -10   9
-14   7  14 -20
 14  20  19  23
-18 -11  12   3
 14  14   1 -19
-17  -7   4   6
 13  -4 -20  -4
 20   1   9  14
  0 -22 -17  20
 15  -7 -14 -22
  9  17  10   1
  5   0  19  20
  2  15  -4 -18
  1  18  20  -1
-12 -14   6  -9
-11  15   6  15
 -5  24  13 -15
 19  21 -19 -16
-21 -11  16 -18
 14 -21 -19 -12
-10 -16 -18 -15
-21 -19 -10 -24
 15 -16   3  12
  4 -24  14   0
  9  19  22  -9
-14 -11  -8   4
  5  13  10 -16
  5 -16 -20  21
 10   4  -2  20
 -6   4 -24   8
-17  16   6 -12
-15  18   9  12
  5 -21  -4 -18
 18 -22   6  12
  3  -8   8 -12
 -5  20  24  -1
 -3  -7 -21  20
  1  -3  23  19
 20 -17   5 -20
 -3 -14 -24   4
-17 -23   1  -6
 19 -21  12  -2
 24  18   9  -2
-12  22  19 -10
-14  11   0   4
 19   0 -12  -8
-16  -3  16  20
 23  17   9   0
 -3 -13   3  18
 -4   3 -23   6
 24 -23   5   7
  9   3  16 -22
-17 -14  -8  20
 -5  -5  19  15
 -1  -5 -10  17
-18  24 -15   5
 10 -18 -19   2
 18   2   0  -4
 24   8  15  -6
 18  19  18  21
 14 -19 -23   2
  8 -23  -2 -16
-15  24   0  13
-18  -5   8  -2
-22  12  23 -17
 20   4  -4  17
 -9 -18   5   5
-17  18  11   3
  8   1   0  16
-22  12  -4  16
 -7 -10  24 -20
-10  10 -12  -9
 -1  10  22   8
  0   1  -6   1
  4  24   3 -21
 19  17  -3  -5
-15 -19   9  24
 22 -14 -14   0
 24  16 -17 -22
 -3  21 -20  18
  2  -2  15 -19
-18 -14  16  12
 18  13  -9   2
  7   8   3  13
 23 -22 -16  17
-11  -4 -23   4
 18  11  -5   7
-13   2  -9  11
 13  -5   1  18
-16  11 -19  23
 -9 -12  18   4
-16  16  24 -22
-24 -14  -5   1
 13  24   1  18
 -9 -12  -6 -16
-10  -1 -19   5
 10 -24 -18 -17
-12   4   1  -7
 23  23  -8  24
 14   3  -5  19
 16  -9 -15   9
 17 -17  18  17
-23   4   0   5
  2  -8  10  -9
-11 -10  21  23
-14  18  21   1
 14   6 -23  18
-16   3 -20 -16
 -2   7  20   2
 -5 -21  11  10
-12 -24  11  -3
 -5 -18  20  15
  0 -22  -4  19
  1  19  19  19
-19   4   5 -10
 16 -11  20   5
-22   0 -14 -11
 -5  10  -9 -15
  2  16  -9 -15
  2 -12  21 -22
  4  -4 -20  16
 16  16  17  10
  6  15  17 -19
 15  16  16 -16
 18  12  -3 -19
-22 -14  -8  16
 10 -13 -12  -9
-13  13  -4  22
  1   1 -23 -21
 -5 -13  19  19
-22   1   3  24
 18  22  -9   0
-15 -12  -9  24
 19  18  12   9
 16   8 -13 -18
 18   9  16  -3
  4  21   7 -20
 24  -9  16   1
 10  12  -3  -6
 -7  -8  -8  20
 -8  20 -21 -13
  0   4   6   5
  5 -10 -19 -12
-20   3  -7 -16
-21   2  23   0
  3  -8  -6  20
 12  23 -14 -23
-15  13  19  -6
 16   5 -17  23
 24 -13 -10 -22
 18 -23 -12   0
 -3  24  -9  -4
 12  13  15  -5
 19   9  -6   5
-15 -15 -13 -19
  9 -20   7 -10
-20  19  22  -5
 -6   7 -21   3
-15   1 -15  23
  8 -22  22 -16
 -8  -8 -17 -10
  1 -14  13  -7
-20  -4   5  24
 12 -16  17  18
  0  18  22  -3
 20 -22 -22   8
-19 -12 -19  15
-15  -6 -13   4