-11 -24 -16   2
 12  15 -21   2
 12  -3 -10  -5
 -3   4 -16 -10
-21   6 -22   6
 -2 -16   4  -7
 12 -19  -6  15
-14   6   3 -10
 13   1  10 -12
  0  -3   5   4
 11 -15  -7 -14
 19   9  -5   5
 13  -9  -2   6
  1 -10  14   6
 16  -1 -11  -2
 14  11  15 -17
 12 -20  17  24
 -7 -13  -3 -15
-12 -23  21  -6
 23  -1  -9 -13
 12  20  19   9
 19  13 -18 -10
  5 -11   1 -16
  4   7  19   1
-18  18 -20   8
  9   9 -18 -22
 19  17   1 -20
-14  11   5  24
  8   0   0  16
-22   2   6   1
  0  -9 -17 -15
 -7  14   6  -4
 -4  19 -10 -17
 -4  11  23 -22
 13 -12 -20  -8
 16  21 -10   7
-20   4 -17  10
 -2  20 -14  15
-13   9  17  -5
 -3   5 -13  13
 15  -9  -4   0
 11  18   9 -23
-16  -6  19  -6
 -2 -11  -6   0
 21   7   0 -14
 21 -16 -11  -1
  0  12  18  -3
  2   5   0  24
 17 -21 -23  11
-18   1  19  -4
 -3  12 -15  -2
  3   7  -7  -4
 -1  22  -7   4
 14  16 -17   8
 15  -9   5  -5
 13   8  11  16
-19   3  -2  11
 -6  21  -7  17
 16  -6  -4  -4
  5 -16  -3  -8
 -5   1 -23  -4
  4   6   5  10
-10   0  -3 -24
-13   3  -5 -12
  1   9  18   0
-18   0   9  23
 12   2 -11  19
-18  18  23 -11
 23  -4   5 -22
  0 -19   0  10
-18  10  15   4
 -8  -1   2 -15
-24   2 -21  -8
 -5   0 -21  -1
-12 -11 -14  -6
 11   7   1 -10
 -9   0 -11   4
 10  -8  19  11
 -7 -20  18   7
 -2  12  -8  10
-19  -1 -21 -12
  3   9   0  20
  0 -21   7 -11
  1  15  -2 -18
 -3 -11 -20  -8
 13 -12   2  -5
 20  19 -10  23
 -9 -19 -11   8
  3 -12 -19   7
 18   7  11   3
  7  -4  -8 -23
-16 -19 -10  -5
-23  19   8   8
  0  24   8  -3
 13  15 -15   5
 10  -9 -11   9
 23  10  12 -10
  7  10 -17 -19
 15  -8 -23  22
 -9  17   4 -20
 16 -21   2 -17
 -5  20  -9  17
-17   6  22 -10
-20 -14 -20 -15
  2  14  23  -6
  8 -12  14  -6
  9 -19   7  -7
-14  13 -19 -16
 17  -5   0 -12
  0  -5 -13  -8
  6 -17  14 -20
-23   9  16  19
  6  15 -15  14
-23   6  -1  -3
 13 -20  -7   2
-20  -5  21   5
 22  -3   2 -20
  9  22  -3  -6
-11  17   1  -5
 -2   2   2  13
  4   3  -1   2
-11  -1   5   1
 17  -1 -10  -9
  0 -16   7  18
-12 -14  10  -9
 -1  -2  11  -3
 -6 -15   7   9
  0  16  13 -14
 10 -18 -15  -6
-22  -3  -5  10
  2   0 -19   0
 22   0  20 -14
-16 -20   4  22
 11 -22 -20  10
-20 -16  14  10
 -8  22  -2  17
 15  -8  15   2
  9   9 -11  -6
-15  15 -19  -6
-13  14  -4   4
  7 -19 -11  13
-17  16   6  -2
 11  18  13   0
  3  20  -2  10
 21   9 -11 -16
-14 -19 -12 -23
 -8  15   8 -23
  3   1   3  -5
 -9  11  23 -14
 -9  23   6 -13
 -2  -6  -2  22
 -8  24 -14  -5
 12   9  12   4
-20 -22  -6   4
  2 -21 -10 -20
  7  15  14   2
 17 -14   3 -15
 17   8 -14  -7
  4 -11 -11   9
 -6  12  -6 -16
-11 -11   4  15
  8  10   2 -17
  9  -9 -18 -21
-14  -7 -13 -16
 -3  13   4 -20
  7 -11  13   0
  6  -1  -3 -14
 18  14  11 -12
-12  10   6 -16
  7  24 -12   2
 10   3 -14   2
 20  -5  -2  23
 11 -11  11  -8
 10  18  15  -5
  1  -5  19 -12
  2  -4  23   9
  6  17 -18   0
 -4  -5   7   7
  2   6 -17  -4
 -7  16  -2  10
-12  -2   8  13
-14 -19  -2  -7
-17  11   0  22
-12 -11 -10  -3
 -1 -15  15   0
-20  -3 -16  10
 11   7  15 -18
 13   3   5   0
  7 -15 -17   2
 -8 -24 -12  14
  2 -11   2  -9
-21  -6   9 -19
  4  23   8   9
  6  -5  18  19
  8  10  -8 -17
-24  24   8  -9
  2  10 -17 -21
  6  17 -10  23
  1  24  -1  18
  7   2  -8  15
  5   3   2 -10
-22  -6 -17   0
-19  -3  19 -21
-15  -8   1  -6
  5  -6  18   9
 14 -11 -11  23
 13   3   2   8
 18  13 -21  13
 20  14  -3   7
  4  23 -15 -14
-18  17  21  -7
 21  -4   2  20
  8   4 -19 -12
-21  12  -6  21
 24  -9 -18  -8
 14   8  16   4
-22   1  11  -1
  3  22   3  21
-16 -17  -6  12
 -1  -4  22 -16
-16  -2 -19  12
-19  20  -6 -10
 14 -14  -6  13
 12  -3 -16  21
  0 -23  15  11
 23  -8  24  16
  6   1 -16  -3
-23   9  -5  10
  6  11  24 -21
-12  14  10  10
-12   7  10   1
 -7  15   5  17
 -7  22  -9  11
-13   0   7  10
 23  -3 -14 -12
-14  17 -16 -10
 -6   2   1   5
 24 -13  17 -22
-18  24  -4   7
 16  23  16  -7
-17   4  -3 -14
 24 -20 -16  -8
  4  19   3 -13
  6   1   5  11
 -1 -11 -21   7
-12  -9  10  18
 -5   0  19 -19
-16 -11  20  17
 -9  14  -3   4
-23  12 -16 -13
 20   1  15 -14
 -3  -4 -14   9
-17  11  23  15
  1 -21  15   5
-13  21 -16  -5
 -9 -19 -23 -13
 12   4  18 -11
-19  -9  -1   0
 15  16 -11 -12
 10 -15   2   1
  7  -6 -20   8
-13 -22   9  -3
  5  13  -9  -7
 -5  13  11  -4
 10  11  -7 -13
-16   3   6  17
 -4  10  -5   0
 -7  18   3   7
 13   0  14 -12
  3 -10 -22  22
-15   0   5   5
 -6  20 -14  12
-14 -15  -7  20
  0  18  13  12
  6 -22  -6 -16
 17   0   9  16
  8 -14  -3  12
  9   6  18 -16
 19 -24 -17  -2
  8 -21   7   9
 12   7  19  -3
-13 -16 -16 -11
  8  18  -7  23
 10  -8  17  -3
-24  24   3   7
  7   4  21 -19
-14   6 -15  12
  9  12  -8  -1
  8 -17 -18   5
 12   8  19   9
 10 -10 -16   8
 18  -7   8   6
 -2   0   0  21
 17  -8 -22   9
-10  17  -3  -7
 15  13  -2  14
 15  17 -18  -3
  9   6   3   8
-13 -22  -4 -16
 -5  10 -22   9
-20  11 -16  22
  9  -6 -11   4
 12 -21  -7  24
  9 -14   2   2
  0  -9  20  12
 17  21  20 -21
 10 -13 -17  14
-16   6 -24 -11
 -6  -2 -12  18
 10   1 -24   8
-10   0   0 -22
-23  14 -14  10
  3  -8  -4 -10
 12  -8 -12   3
  6 -10  -5 -23
 12  12   9 -18
-18 -14  -4  -4
  9   4  15 -19
 15 -21  -4 -10
 12 -24 -15  -6
 -7   9  -5  12
-15   5 -15  -7
 16   0  17 -18
 -7  11  -7  -7
 23   8 -13  11
-23   3 -12  -8
-20  17   7  18
-21  11  22  19
 -1  -9  -1   5
-21  13   2 -19
  1  12  -9  12
 18  22  -1 -21
 19 -20 -12 -13
-23  22   0 -18
 20  -9  16  -6
  2  14  14  -3
 -7   4  15 -23
  2  14  -3   7
 -5 -13 -24   0
  2  18   0   9
-16  18  23  18
  6 -18   3   8
  0  -9  14  -6
-15 -20  -9 -13
 15  14 -17 -14
 -7  14  -9  14
 13  -6 -15 -19
 -8  11 -18  -6
 -3  -8 -23  21
 17   2 -23 -19
 19  23  10  19
  5   7  13  -1
 16  20   3 -15
 24  -1 -19 -21
  0  -9   5  -2
  8   2  14  17
  0 -19 -18   3
-14  12  -3 -15
-23 -16  -1  -5
 16   0   8  -6
 -1  20   6  -2
 23   9   7   1
 18 -13 -12  18
 15 -21 -13 -16
 19  15  24 -14
 10  -5  -6  16
 -1  -2  -1  13
  0  -1  -2   3
 10  -7  -4 -24
-20 -15  11 -11
-21  23   0  12
  6   8  -1  11
  1   8   5 -23
-15  -9  -9 -14
-19 -18 -13 -11
-15  12 -12  12
  1  22   4 -22
  1  19  23  -8
 13  -1  -8 -17
-18  13   6   7
  8 -23  -3   4
 12  -4 -22  12
 12   4 -23   1
-23 -14  22  15
  9  13  24   5
 24 -22  14  -2
  7 -20  13  -7
-10 -10  12  11
 -3 -11   1 -13
 -6  15 -22 -16
 14   5  -1 -22
 21  -9  19   6
-14  -5  -5 -23
 18 -18  -1  -5
 -7  16 -15   2
  7   4 -18  23
 -6 -19 -14 -10
 13  13  11  -2
-10  11   8  22
  0  15  19 -10
 -9   4 -10 -13
 -8  11  16   6
  7  14   0 -18
 16  -4  -9  -1
  8   3   6 -19
  5  24  -4 -12
  5   9  -4  -8
-16 -21 -17 -22
 13  -8 -16  22
 20   4 -17   8
-22   7  -3  -7
 13  -9 -18  -7
 14  -7 -11 -16
  1 -21  22  12
  6  11  -5 -19
 22 -11  16  -6
 15  -6  19  18
 18 -21 -22  19
 18  18   5   3
 -7  15  -2  19
 -2 -13   2  15
-17  18   8   4
-13  19 -17  13
 21  -8  -3   2
 -4   1   0   2
-15  -4   4  17
 10  -9 -13 -13
-18  14   4 -10
 -4  -5   6   0
 15  18   2  11
-21 -23  18   0
 -7   5 -19  13
 10 -17  -3  21
 22 -15   2  -8
 -5  -3  -7  22
 11 -16   8  24
-16  10  -2  -1
 -6 -18  -9 -19
-10  -3  -5   6
  9 -12  -1 -17
-10  -9  -4  -4
-24  20   4  17
 12  16 -13  16
-14 -23   1   3
 -4  11  -7   2
-14  16  -3  -6
 15  23   0 -10
-15  23  -3   9
  0 -18  16  10
 17 -10   1 -11
 13   9  -6  -7
 20   9  11  14
 -8  23 -16   1
 -6  19 -23 -11
 18 -14 -23  -2
  4  -7   0 -12
-22 -11   3   3
-23 -13   4 -18
 14   4 -11 -13
-16  10 -13  23
-10 -11 -21  13
  4  22   3  12
 -5   0  18   9
 14  15 -19   8
 -2  23 -11 -16
 23  -1 -15   4
-10  -1 -11  -2
-16   0  -5   0
-12  16   0   6
  2  24  -8  12
-21 -18  -4 -19
 -2 -24 -19  13
  0   8  -8   3
-10 -20 -16  -1
 18  20 -15   6
  6 -10  15   4
 18  16  11  11
-13  -1  -4 -17
-19   6  11  11
 -8   2  16   0
 11  21 -17  23
  5 -12  24  22
  0   6 -20   4
 21  20   9  20
 -8   0  10   0
 -1  12  -1   4
 -2  -8  12   0
 -3  13  15   1
  3   6 -12   3
 -8   0  -7 -10
 -5   0 -17  -3
-19 -22 -11  -6
-23  -2 -18 -16
 17 -17  20   8
  0  -1  21 -24
 -9  18  -7  22
  5 -24   8   8
 -1   3  21 -13
 -4  13   9 -16
-23 -14   4   6
  1 -12   2  10
  7   5  -8  -1
 13   8   7  18
 -6  23   7   3
 22  -8  -4  -9
  3 -15  -1  13
 17  24 -17   7
-12 -17   0   1
 19  -7 -10 -22
 -4 -17  17 -13
 23  -1  10 -21
-21  16 -14   5