 -7  -8   1 -20
-12  22 -11  10
 -4 -21 -10  -1
-10   4  17  12
-18  24 -14  16
-15   0 -14  10
-18  18   5   9
 15 -11 -16  14
  0  10  21 -17
  6 -15  17 -23
 16   5 -19  16
 12 -10  -6  -7
 10  18  -9 -12
 12  -7  16 -15
  7   0   9  24
 -4  13   3   2
 -7 -15 -12  20
  6   1  22  13
  3   9  10  -8
 22  -7   9  -3
 18 -10  -3  -3
 17 -20   1   8
  7   1  -9  17
  7  -2  15   0
 18   6  13   8
 10  -3  -6   4
  0   2  -2  12
-14  15  18  16
-23  -9 -21  -9
 21  14  -9 -17
-10 -23   4  13
  7  -1  18 -22
 24  18   7 -23
  4   0 -16 -20
  7  18  -5 -15
 18  -4  24  21
  4  14  13  21
 17 -24  21 -24
-20   1  11   0
 -8 -11  19  12
 -6  20 -10  15
 15  20   4  -1
  4 -11  -9  23
  3  -6  14  -3
 16  14   1  -8
  7 -16 -15  16
 15   8 -22 -15
 20 -14   7   9
 -9  18 -12  23
-16  10 -14 -15
 20  -7  -1   2
 -3  15  16 -10
-18 -13   4   5
 21   0  10   1
  7 -14 -15  -1
  5 -10  -4 -18
-12   0  -3  13
-17 -17  -3 -24
-13   6 -11  -3
 13 -18  13 -15
 -4   6  11   1
 -6   3   6   9
  5 -12   0 -11
  7  -8 -21 -23
 -9 -14  24   0
 21   2   6   8
 23 -21  15 -19
 -6  19  -9 -23
 -8  -3  -4   4
 19  -8  -3   9
  4 -11  18   7
-19 -14   0  21
 -8  10   9  18
-16 -11  17   1
 -5   1   6  -6
 -2  13  -9   6
  6  20 -18   6
 18  -3  -1   2
  1 -17   1  -1
 -6  -3   8   9
-22  -9  10 -17
  2  -4   3  -3
  3   4  10 -18
-16  22   0  20
  0  20  22  -6
 19  -8  -7   1
-17   5  14  -3
 -5   5   1   0
-14 -21  24  18
-10  -7 -11 -10
  5   1  -5   2
-10   9 -10  -9
 -6   6   1  22
 10  17   9  20
  1  -4   2 -19
-21  10  12  -6
 15   1  -9  20
 21 -13  -1  -6
  4  -5   9   2
 -6  22  -5  -7
-20  13  -7  12
 16  22  -2   2
 15  13   5  17
-10 -18  12  -1
  9 -12  17  11
-20  -7   9   0
-15  -2  18 -18
-10  15   4 -11
 -6  -3   2 -14
  7   7  11 -17
-21  14 -17  20
 10  -9   1 -24
-16   0  21   1
  0 -21 -24  11
  4  15 -12   6
 15 -10 -17  13
  1   5   9 -19
 23   9 -23  16
  4  16  -6  20
 15 -21  11   6
 -6   4 -13  23
 15   5   3 -14
  6   2   4  10
 16  12  17 -24
 20   3  -3   8
-23 -11  -7   8
 -3   7   4 -10
 -2 -20   1  23
 -9 -17  -9  11
-18  11   1   6
 -2 -19 -14  -1
-16  13   9  10
  1  16  -8  19
  7  11 -14   1
  0   6 -11 -14
 10  11   2  15
 -4  -7  -3  16
-13   8 -16  -4
 -6  16  -7   5
-20   8  -5  17
-14 -15   2   5
 18  11 -12  -3
 10 -15  -2  13
-18   3   0  -6
  5  -5  14  -7
 12   5  15   2
 -4  20 -16   4
 -2  12  -9   7
  3 -13 -13 -10
  8   7  -7  18
-20   3   0 -13
-15  15   8  23
-17  18 -23   9
  8  18  12   0
 -2   7 -13 -12
  3  13  -5 -15
-17  10 -15  12
-20  24  -9  -8
  5   2  -4 -16
 -9  13 -13 -14
  2 -13   9  13
 14  -9  13 -16
 -4 -17 -16  14
 -5 -19  -3   7
-24  23  11 -19
-10  19 -16 -10
-18  -9 -20   8
 22 -11 -18  19
 20  24  12  23
 -6  12 -24 -10
-11  13   2  -8
  9  18 -23 -14
 12 -14  13  11
-24  -1 -12   2
 16 -16   7 -11
 10  -9 -12   3
-19 -11 -15   5
 -8 -22   6  10
 15  24  -2 -14
-17  -8  12  22
-14  -7   9  -6
 11 -18  13  10
  1 -16 -21  -3
 16  16  14 -21
 -7  11 -12  18
  2 -23   4 -11
  9   7   0   9
  2 -10 -12   0
 22  23  -9  17
 17  17   1  13
 -8  21  16 -17
  4  -3   4 -16
 -4   0  -6  -5
 -5  -8  -6  -4
  8  15 -17 -15
 22 -23 -11   3
-11   1  16 -15
  0  13 -14   9
-12  -1   4 -12
  3   4   9 -13
 -3   7  -1   5
-24  -8   4  16
-13 -13  -9  21
-15 -13 -14  19
  7 -19   6 -22
-14 -19  10   8
-13   1  18 -21
 17   2   0 -13
  4 -19 -11 -13
 15  -6 -11  20
 23 -17  13 -18
 12   0  -9   5
 -8  -6  19   7
 22  17 -20 -15
-11  14  22   0
  1  16 -16  10
  4   3   2   2
  0   5  -4  -6
-24  -7 -16   7
 13  22  -9  -6
-21  22 -10 -22
  8 -23 -20  10
 10  -9  10  -9
-17   4  17   9
 -2  -9   4   1
-10 -11  16 -20
  3  -6   7   5
-12   3 -20  12
-13   8   1   6
 -5  17   5 -11
-12   8   2 -11
 15   7   8  20
 -4 -11  -4  -8
-23 -24  -8 -12
 -9  -4  13  -7
 -7 -10   6   1
-10  -6  20  24
  6 -18 -22  -2
  0  -6   4  -8
-18 -20 -18   8
  8  13  -4  -3
-14   3  20  -1
 -9  18  -1   1
-18  -6   1  -6
 -6  23  24  -3
 13   3 -17  -6
 -3 -12 -16   1
  0  19  -3  15
  3   4  11 -23
-19   3 -18  -8
 -7  -3 -11 -14
-19   4  11  17
  9  -2  17  24
  0  -2   4  21
 21  -1 -19 -16
 -8  -3   5 -10
 23   7  22 -16
  3  15 -13   8
 -6   8  10   4
 -6  -8 -22   0
-14   0  -9 -23
-12  -8  20 -14
 17  23 -17  24
  2   0 -15  -2
 -7  -2   0 -11
  9 -18 -14   9
 22 -14   0 -13
  8  14  -6  -1
-10 -18  -9  -2
 17   8   7 -13
 -8   9  -4  -3
 21  -1 -14   5
  3   5   2   4
 12   4  21 -19
-17  20 -17  12
 23   4  16   0
-11 -11 -24   5
 13  -8   8  -5
  4 -11   1  15
  2 -17   9 -24
  5   9 -13  -1
  6  -5  21  17
  9 -24 -15 -14
 12  11 -18  10
-17  12  -6  -9
  6   8   7 -13
  5  -8  15  10
 -5  23 -14  16
 -5 -19  18  -9
-23  24   6  17
 -2  11  17 -22
 -4   3 -20 -14
-12 -15  13  14
  8  -3  14   6
 -9   2   9 -17
 -9  13   8   3
-24 -12  -7  22
-14  12   9 -13
 21 -12 -14   6
 -6  -1 -16  -2
  9  -3 -19  -2
-15  -4   7   3
  2  -7  24  17
-10  -3   1   8
  2   4  -7   7
-20  14  12  23
 -7   3   2 -19
  1  -7   9  -4
-14  19  -6 -14
-20 -18 -23   8
 -9  -7  -4 -10
  3   0  15   8
 -2  -8  24   4
  5 -14 -12  11
-14 -10   9  -1
 17 -11 -16   0
 14  12   2  18
 14   4  12  -4
  9  13  12  12
  8 -10   3  13
  8   1  -6  13
  8   9  -9  10
 11   0  10  -7
 -8 -21   4 -22
-15  -3 -13 -22
 12  -3 -13  12
  0  10  -3  12
  6 -14   5   6
-11  13   5  17
-15  10 -23  22
 -7 -22   0   2
  9   6  17   5
  7  12   5 -14
  5   5   0 -19
 -8  15  -7   8
-17  -4  10  22
-18   1 -10  -1
-19 -22   9  24
-23 -10 -17 -17
 11  -1  23   4
-10 -17  -8   1
  4  -3  -9   8
 -2  14  10  -9
 15  14  -8  -7
 -3  10  10   4
 15  -4   6   7
-15   1  -4  22
 15   7   4  22
-20 -20 -10   5
 -5   6 -19 -22
  6  -4   0 -20
 22  -8  24  20
-17 -17   2  12
 14   7  -8  -8
  3  13  -6  -4
 -3 -20  12   7
  9 -15  14   2
 19  20 -19   1
 16  -8  -2  11
 -7  -3   3  -9
 10  -3   4   3
-12  -9  19   0
 -8 -16 -10 -17
 -1 -18  -2  -1
 -9   1   8   0
 13  -9  11  20
 19   5 -14   9
 -3  11   3 -14
 18 -17   1  -9
-13   0 -23  10
 -1   1  14   0
 -5  -3  15 -14
-16  16  15 -17
-23   6   9 -22
 11  -7  14 -11
-21 -13   8   7
-15  16 -13  19
 -8  20 -13  19
-23   0   4  -2
  7 -18 -20  -8
  2   0   2  17
  2  10 -24  -1
 15  -6 -17  -5
  4  10   6  14
 -9 -16  -4  14
 -7 -10   6  11
-14   4  23   7
  2  14  -4   1
  7 -18   7 -19
  6   8   2   7
 10   4 -19  -3
 15 -24   9 -14
-11   8 -11  -8
  0  11  -4  -1
 18   0  20  -3
 24  10  17   2
-24   8  13 -13
  3   4  -9  -2
 15  -7   8  -4
  6 -14 -19 -12
  8  13  12   0
  7  14 -12  24
 14  15 -10  14
 18 -20  20 -16
 19 -10 -11  24
-19   7  -8 -11
 -6  19  -8 -17
  7  14 -16   7
 -8 -17   4 -17
 13 -15 -14   4
 11 -13 -23  16
-22  -4  -3  -6
-16 -19 -10  -2
 15  16  -1  12
 -7   5 -19  24
 -3 -15  20 -11
-11  15 -18 -21
  2  -7 -14  -1
-13   2   7 -16
 -8   7   2  -1
  1  -8  -3   0
-11 -13  -9 -11
-11 -21  -5  20
-13 -11  15   9
  1  -9   0   8
 13 -21  -5  23
  0  21  14  -5
-11  -8  -6  19
-17  19 -22   0
  6  -6 -14  13
  9  24 -21  21
-21  19   9   1
  5  -4   8  -7
-19  20  17 -11
  4  19   6   0
 -7  -4  14  -9
-12 -14  17   2
-24 -13   7   8
-12   1  -4 -16
 19 -10  -6   3
-12   6 -10 -16
-17   9  -7 -14
 -5   4  18   4
-10  -3 -11   3
-15 -12   3  -7
 -2  -8  21 -19
 14 -20   4  -8
-16   7  10   4
 21  24  18 -17
-13 -21   8  -2
-16  -7  12 -24
 10   0 -18  19
 -8   4 -14   0
 -3 -14   0   3
 16  10   6 -20
 -6 -12  18  -4
 14   6   8 -20
 16  -3  -4  16
 19 -17 -15 -21
 16  -3  -7   8
  2  -3   4 -13
  3  13   4  21
-18  -1  -6  -8
 -3   6   2   8
-14  -4  -3  -7
  6  -4   5 -11
 23 -18  18  15
-14  17  10   7
-24   6  -3  -8
 -2  10  13  -3
 -9 -14   0  -5
-10 -16  16 -23
 -8   2  10   5
 22 -11 -12 -17
-15 -12  -4 -17
 -7 -11  18   3
 16 -19  -3   8
 -1  -2   5  15
 -6  19   6 -19
 11  16  -7  -3
  1   0 -11   3
 -4 -15   8 -10
  4  13  -3  21
 14 -11 -17   4
 18   9 -17   4
 -6  10  13  20
-14  -8  -2 -10
  3 -16  10  10
 -9   0  11   3
 23  -3  10 -16
  7 -15  10   8
  6   0   0  -9
 -8   2  19  -1
  0   5   4 -11
  0 -17   6  15
  0 -13   6  -7
  3   0 -17  23
-14 -19  -1  -6
-16  -7   6  18
-18   0  14  -3
 -1 -24  -6 -13
-13   3   5 -23
-18  19  11  12
-13  -6   2  -8
 17   4 -11  -8
 10 -17  12  14
 18  -6   7  21
 -9  23 -12  22
  5  24   2 -21
-18  -4  22  13
 -7   5  13  -2
 -9   6   9  -9