Offset 1 1 -109 -27
Offset 2 2 -170 43
Offset 3 3 -214 15
Offset 4 4 -242 3
Offset 5 5 -271 17
Offset 6 6 -265 8
Offset 7 7 -310 -12
Offset 8 8 -314 3
Offset 26 26 246 48
Offset 29 29 -146 29
Offset 30 30 -119 4
Offset 31 31 -113 7
Offset 32 32 -113 45
Offset 33 33 -108 -23
Offset 34 34 -113 -34
Offset 43 51 129 12
Offset 44 52 177 72
Offset 47 55 -45 23
Offset 48 56 -39 29
Offset 49 57 25 33
Offset 51 59 14 28
Offset 52 60 -25 6
Offset 53 61 -30 0
Offset 54 62 -39 -4
Offset 55 63 94 25
Offset 57 65 43 89
Offset 58 66 38 31
Offset 59 67 52 23
Offset 61 69 68 21
Offset 62 70 34 21
Offset 70 76 -57 5
Offset 71 77 -47 -48
Offset 72 78 -14 12
Offset 73 79 -9 8
Offset 74 80 -42 -37
Offset 75 81 -58 -62
Offset 77 83 -77 -58
Offset 78 90 -157 -10
Offset 79 91 -157 37
Offset 80 92 -182 9
Offset 81 93 -191 17
Offset 82 94 -228 17
Offset 87 99 -84 15
Offset 88 100 -100 23
Offset 89 101 66 -4
Offset 90 103 29 5
Offset 94 105 11 -3
Offset 95 106 -58 3
Offset 96 107 -76 -9
Offset 97 108 -64 12
Offset 98 109 -80 22
Offset 99 110 161 8
Offset 100 111 152 20
Offset 101 112 146 10
Offset 102 113 123 37
Offset 106 117 -134 12
Offset 107 118 -130 -12
Offset 108 119 -153 10
Offset 109 120 -148 35
Offset 110 121 -162 -6
Offset 113 125 -228 8
Offset 114 126 -215 -7
Offset 115 127 45 -36
Offset 116 128 42 -7
Offset 117 129 8 10
Offset 119 130 117 -2
Offset 120 131 118 -2
Offset 121 135 119 16
Offset 122 136 132 19
Offset 123 137 129 24
Offset 124 138 117 24
Offset 125 139 124 24
Offset 126 140 131 4
Offset 127 141 123 9
Offset 128 142 118 29
Offset 129 143 101 9
Offset 130 144 111 4
Offset 131 145 116 4
Offset 132 146 117 39
Offset 133 147 104 19
Offset 134 151 -219 30
Offset 135 153 -250 8
Offset 136 154 -270 4
Offset 137 155 -267 13
Offset 142 156 40 25
Offset 143 157 45 18
Offset 144 158 0 16
Offset 145 159 -24 -5
Offset 146 160 -42 -5
Offset 147 161 -55 1
Offset 148 162 -72 -37
Offset 149 163 -74 34
Offset 150 164 -23 25
Offset 151 165 -13 16
Offset 152 166 -14 24
Offset 153 167 -14 5
Offset 154 168 -27 -6
Offset 155 169 -28 27
Offset 156 170 -45 14
Offset 157 171 -64 14
Offset 160 173 -124 -2
Offset 162 176 -251 6
Offset 164 178 54 -6
Offset 165 179 -11 1
Offset 166 180 -58 5
Offset 167 181 -100 10
Offset 168 182 -17 8
Offset 169 183 -75 8
Offset 170 184 -156 8
Offset 171 185 -6 37
Offset 172 186 16 37
Offset 173 187 7 16
Offset 174 188 -32 7
Offset 175 189 -41 7
Offset 176 190 -48 7
Offset 177 191 219 21
Offset 178 192 191 11
Offset 179 193 141 22
Offset 180 194 106 1
Offset 181 195 97 14
Offset 182 196 95 6
Offset 183 197 74 2
Offset 184 198 64 14
Offset 185 199 63 6
Offset 186 200 56 38
Offset 187 201 44 18
Offset 188 202 28 8
Offset 189 203 12 43
Offset 190 204 -39 11
Offset 191 205 -97 5
Offset 192 206 -106 -8
Offset 194 208 134 10
Offset 195 210 110 -1
Offset 196 211 101 23
Offset 197 212 79 26
Offset 198 214 70 -11
Offset 199 215 68 22
Offset 200 216 45 40
Offset 201 217 34 23
Offset 202 218 39 20
Offset 203 219 39 -4
Offset 204 220 39 36
Offset 205 221 39 17
Offset 206 222 42 39
Offset 207 223 45 -2
Offset 208 224 48 24
Offset 209 225 59 35
Offset 210 226 48 22
Offset 212 228 67 26
Offset 213 229 119 -1
Offset 214 230 184 73
Offset 217 233 82 -1
Offset 222 238 32 28
Offset 229 242 46 42
Offset 231 244 41 -2
Offset 232 245 53 10
Offset 234 247 7 34
Offset 236 249 18 28
Offset 237 250 -23 9
Offset 238 251 -70 27
Offset 240 257 -210 47
Offset 242 259 11 77
Offset 243 260 -23 57
Offset 244 261 -30 57
Offset 254 266 -234 34
Offset 256 268 -276 13
Offset 257 269 -299 -24
Offset 258 270 -317 -4
Offset 262 274 0 -31
Offset 263 275 100 -23
Offset 264 276 115 14
Offset 265 277 119 2
Offset 266 278 117 8
Offset 267 279 117 -2
Offset 268 280 112 -2
Offset 269 281 104 -2
Offset 270 282 98 -2
Offset 271 283 94 6
Offset 272 284 84 -2
Offset 273 286 67 3
Offset 274 287 61 -14
Offset 275 288 53 -10
Offset 276 289 48 3
Offset 277 290 63 43
Offset 278 291 56 3
Offset 279 292 64 -1
Offset 280 293 69 11
Offset 281 294 71 38
Offset 282 295 91 -35
Offset 283 296 -27 -11
Offset 287 300 -78 42
Offset 288 301 -93 101
Offset 306 319 10 4
Offset 307 320 23 7
Offset 309 323 62 68
Offset 310 325 36 64
Offset 312 327 11 43
Offset 313 328 -31 10
Offset 314 329 -51 20
Offset 316 331 -91 4
Offset 317 332 -46 -12
Offset 320 335 -54 37
Offset 322 337 -83 30
Offset 323 338 -16 55
Offset 324 339 12 26
Offset 325 340 -1 26
Offset 332 348 -181 -30
Offset 341 356 -37 9
Offset 343 358 -94 14
Offset 344 359 120 20
Offset 347 362 163 14
Offset 348 363 159 9
Offset 380 408 42 -26
Offset 381 409 88 35
Offset 383 411 29 9
Offset 384 412 43 35
Offset 385 413 33 18
Offset 386 414 21 18
Offset 387 415 4 -58
Offset 432 452 -206 18
Offset 433 453 -234 7
Offset 434 454 -227 23
Offset 435 455 -248 28
Offset 436 456 -279 24
Offset 437 457 -286 26
Offset 438 458 -133 14
Offset 439 459 -146 14
Offset 440 460 -183 -36
Offset 441 461 -85 -24
Offset 442 462 -92 -16
Offset 446 463 -131 18
Offset 447 464 -137 14
Offset 448 465 -169 35
Offset 449 466 -109 -24
Offset 450 467 -119 36
Offset 451 468 -146 -6
Offset 452 469 -154 41
Offset 453 470 -178 39
Offset 471 490 117 26
Offset 472 491 123 28
Offset 473 492 121 18
Offset 474 493 129 2
Offset 475 494 126 -4
Offset 476 495 99 41
Offset 479 498 121 53
Offset 481 500 -40 -8
Offset 482 501 29 23
Offset 483 502 97 23
Offset 484 503 106 28
Offset 485 504 75 87
Offset 488 510 -114 16
Offset 489 511 -133 16
Offset 490 512 -133 -18
Offset 492 514 9 1
Offset 493 515 54 13
Offset 494 516 48 13
Offset 495 517 -100 6
Offset 496 518 -15 26
Offset 507 523 -84 0
Offset 508 527 -79 7
Offset 510 528 -84 0
Offset 511 529 -103 -50
Offset 512 530 -103 -23
Offset 513 531 -117 -23
Offset 514 532 -127 -23
Offset 515 533 -150 -11
Offset 516 534 -172 15
Offset 517 535 -218 -13
Offset 518 536 -23 23
Offset 519 537 6 -17
Offset 520 538 13 -5
Offset 521 539 6 11
Offset 522 540 7 6
Offset 523 541 -5 20
Offset 524 542 41 12
Offset 525 543 48 12
Offset 526 544 37 17
Offset 527 545 64 5
Offset 528 546 68 12
Offset 529 547 76 12
Offset 530 548 271 23
Offset 531 549 66 75
Offset 532 550 86 49
Offset 533 551 100 46
Offset 534 552 143 11
Offset 535 553 139 18
Offset 536 554 121 15
Offset 537 555 105 16
Offset 538 556 107 28
Offset 539 557 87 14
Offset 540 558 76 27
Offset 541 559 66 27
Offset 542 560 70 -3
Offset 550 568 38 26
Offset 551 569 19 39
Offset 552 570 36 21
Offset 553 571 57 4
Offset 554 572 57 32
Offset 555 573 49 33
Offset 556 574 38 22
Offset 557 575 30 10
Offset 558 576 19 18
Offset 559 577 -10 32
Offset 560 578 -23 17
Offset 561 579 -124 12
Offset 562 580 -150 9
Offset 563 581 -180 10
Offset 564 582 -180 14
Offset 565 583 -179 16
Offset 566 584 -199 -16
Offset 567 585 -201 -2
Offset 568 586 -200 3
Offset 569 587 -8 31
Offset 570 588 21 47
Offset 571 589 10 18
Offset 572 590 9 18
Offset 573 591 4 5
Offset 574 592 -19 10
Offset 575 593 -35 -16
Offset 576 594 -36 5
Offset 577 595 -52 -15
Offset 578 596 -52 29
Offset 579 597 -61 20
Offset 580 598 -82 3
Offset 581 599 -88 28
Offset 582 600 -89 7
Offset 583 601 -84 18
Offset 584 602 239 18
Offset 585 603 201 26
Offset 586 604 129 25
Offset 587 605 110 8
Offset 588 606 113 13
Offset 589 607 120 22
Offset 590 608 135 16
Offset 591 609 131 18
Offset 592 610 215 34
Offset 593 611 352 -19
Offset 595 612 110 3
Offset 596 613 -126 -41
Offset 597 614 -109 19
Offset 598 615 -71 28
Offset 599 616 -20 -5
Offset 604 623 -209 33
Offset 605 624 -226 32
Offset 606 625 -234 40
Offset 607 626 -259 62
Offset 613 626 184 -5
Offset 614 627 169 20
Offset 615 628 169 10
Offset 616 629 165 4
Offset 617 630 182 49
Offset 618 631 199 -4
Offset 619 632 221 0
Offset 625 641 240 12
Offset 626 642 278 1
Offset 627 643 297 18
Offset 627 644 293 23
Offset 628 645 311 20
Offset 646 656 155 -13
Offset 650 658 -111 6
Offset 660 667 -173 9
Offset 661 668 -183 9
Offset 662 669 -184 9
Offset 669 681 30 11
Offset 670 682 56 11
Offset 671 683 69 3
Offset 674 686 -231 39
Offset 681 689 -11 29
Offset 682 690 -41 26
Offset 683 691 -66 0
Offset 684 692 -85 8
Offset 685 693 -78 -4
Offset 686 694 80 -8
Offset 687 695 66 38
Offset 688 696 65 0
Offset 689 697 65 3
Offset 690 698 63 13
Offset 691 699 71 5
Offset 692 700 71 21
Offset 693 701 54 36
Offset 694 702 36 17
Offset 695 703 21 20
Offset 696 704 -69 43
Offset 697 705 -183 78
Offset 704 717 68 -9
Offset 705 718 88 3
Offset 706 719 77 2
Offset 707 720 90 30
Offset 708 721 103 24
Offset 709 722 108 28
Offset 710 723 104 23
Offset 711 724 132 43
Offset 712 725 -130 47
Offset 744 765 -78 33
Offset 745 766 -105 14
Offset 746 767 -106 14
Offset 747 768 -125 12
Offset 748 769 -27 9
Offset 765 785 56 20
Offset 766 786 56 20
Offset 767 787 50 23
Offset 768 788 251 23
Offset 769 789 261 11
Offset 770 790 287 24
Offset 771 791 303 34
Offset 821 841 125 30
Offset 822 842 85 19
Offset 823 843 98 17
Offset 824 844 8 -19
Offset 825 845 -9 4
Offset 826 846 6 10
Offset 827 847 13 18
Offset 828 848 24 40
Offset 829 849 39 9
Offset 830 850 36 30
Offset 831 851 29 41
Offset 832 852 29 14
Offset 833 853 184 19
Offset 834 854 189 9
Offset 835 855 228 14
Offset 836 856 217 37
Offset 837 857 20 40
Offset 842 861 57 26
Offset 843 862 52 2
Offset 844 863 -62 23
Offset 845 864 -63 4
Offset 855 870 -35 -6
Offset 856 871 -18 -9
Offset 857 873 10 17
Offset 858 874 31 12
Offset 859 875 21 -13
Offset 860 876 9 13
Offset 861 877 -6 6
Offset 862 878 -9 -3
Offset 863 879 -12 3
Offset 864 880 -19 3
Offset 865 881 -20 3
Offset 865 882 -22 -16
Offset 866 883 -54 -16
Offset 867 884 -62 -12
Offset 868 885 -11 6
Offset 870 886 9 14
Offset 871 889 34 6
Offset 872 892 81 15
Offset 873 893 77 31
Offset 874 894 81 31
Offset 875 895 204 31
Offset 876 896 220 13
Offset 887 899 44 19
Offset 900 922 -30 5
Offset 903 923 -61 17
Offset 904 924 -30 11
Offset 905 925 -102 11
Offset 906 926 99 22
Offset 912 929 140 -5
Offset 913 930 30 -21
Offset 914 931 -37 -7
Offset 916 933 -135 -2
Offset 917 934 -161 -2
Offset 918 935 -161 -2
Offset 919 936 -180 -9
Offset 920 937 -191 0
Offset 919 938 -158 -6
Offset 920 939 -176 -2
Offset 921 940 -186 -2
Offset 922 941 -219 -4
Offset 925 942 50 -3
Offset 940 954 26 -15
Offset 941 955 24 -1
Offset 957 969 156 23
Offset 958 970 138 16
Offset 960 972 163 3
Offset 961 973 169 9
Offset 962 974 179 14
Offset 963 975 178 21
Offset 964 976 7 44
Offset 965 979 -9 -9
Offset 966 980 85 0
Offset 967 981 110 -41
Offset 968 982 -263 -1
Offset 972 984 -120 46
Offset 973 985 -72 -11
Offset 974 986 -57 -6
Offset 975 987 -32 1
Offset 976 988 21 13
Offset 977 990 38 -4
Offset 978 991 64 -4
Offset 980 993 -8 -2
Offset 981 994 -27 16
Offset 982 995 -25 13
Offset 986 997 131 24
Offset 987 998 160 32
Offset 988 999 126 33
Offset 997 1007 -209 6
Offset 999 1009 -197 47
Offset 1016 1023 87 -1
Offset 1017 1024 58 8
Offset 1018 1025 32 -26
Offset 1019 1026 25 -26
Offset 1020 1027 25 1
Offset 1022 1030 15 -36
Offset 1023 1031 -14 3
Offset 1024 1032 139 5
Offset 1025 1033 85 1
Offset 1026 1034 54 -10
