 24   0 -22  21
 -4 -16   7 -20
 19  -8 -16   3
 18 -10  -5 -10
  2   0 -21 -12
-21   2  18 -22
-15   4   2  -9
 -9 -17 -21   8
  6  11   6   3
 -4   5  -3   3
  9  14  21  17
 20  21 -10   2
 -6 -22 -21 -20
 -6  23 -11  11
  7 -17 -18 -12
  6   4 -13 -19
-20   6 -18  -3
  3  14  24   0
  1 -23   6   9
 -6  13 -19  -3
  3  -1  15   9
 18  20 -14  -6
-17 -11   3   0
 22  17 -20   4
 -5   4  -6   1
  7 -17  13   4
 -9 -17 -22  23
-22  24   2 -10
 -2 -11 -16   5
 17   6  -4   3
 16 -18  18 -18
 -7  10  16  12
 -2  20  12 -20
 24  -9  -7  10
-14 -14  19   0
 20 -22   9   1
  5   1  -8  18
 12 -20  14  13
  6  24 -18   3
 -1   6   8   3
 -4   0 -24 -12
-19  15 -13 -17
 24 -22  -2  -6
-10  16  -7  -6
 -3 -19  -4 -23
 21  15 -16 -22
-10   6  10  24
 18   4 -22   0
 13 -24   7  -7
 18 -23 -24  10
-15  10 -21  16
-20  -1   9   8
-18  16 -17  -6
 13  19  21   4
 24 -15  -9  16
  6  18   3 -22
 12  22  -2 -12
  8 -12 -24  16
 12  -7  10 -15
-22 -11   1 -10
-23   7  16 -12
 -6  -4 -22  -5
 22  21  15 -23
 10  11  18   5
 -5 -14 -15   6
 -8   4 -16  -7
-17   2  -9  -6
 20 -22 -20 -15
  2  21  -6 -15
-24   6  19  -9
-21  17  14  13
  8   1 -10 -17
 22  -8   4  10
-15 -14  -2  -4
 10  -8 -11  -1
 -4   5  -1  15
 16 -19  11   2
-11  13  10  12
-21 -15   9  -4
 20   6 -14  14
  6 -22 -10  -1
 18 -21 -20  20
-20  21 -16  16
 19  -8  -2  11
 17 -11   8   2
-20  -6  21  21
 -8  15  -1 -23
 24 -10  -9  22
-15  19 -14 -19
-23 -22  20   4
-18  -5 -22  11
 11  -3  13  -8
  2  -9  19  17
  2   7   3   6
-13 -24 -21  13
-15  -5  21  16
  5   1   8   0
 -5 -19   1  -2
-24   1  12  21
 -1 -13 -24  16
 21 -19 -15  10
-14  -3  15  -5
 18   9  -1 -19
  1  23  11 -23
-13 -13  20   6
 17 -18  15   6
-10   8   3   3
 18 -13 -12  20
-15 -19 -15 -12
 -5 -13  18 -14
-15   2  -3  13
-23  19  18  17
-22 -21  -4  -3
-11  11  -5   9
 -1  13  12  17
 20 -24  -1 -19
-12 -16  20 -17
 -9  21   5  -1
-16  18   3 -21
  2 -15  -8  22
 -9 -10   0 -10
-23 -21  18  24
 -5 -10 -10 -17
  2 -16 -15  16
-23   5  22   1
 17 -10   8  24
-20  -8   7  -7
 19  24  -3  20
-12 -18   7 -11
-14  23  18  18
 10  12  14  13
  0  16   0  23
-18 -13   3  12
 10 -24   4  14
-10 -20  13  -5
-21 -20  18 -20
 -2  -1  22  15
-10 -16  23  -1
 -2  -9  -9 -11
  7  17  16   2
 -4   7  -5 -10
 23  -7   8  15
-11   8   0  -8
 18 -23 -18  19
 11   5  13  19
 17 -16   5  11
-13   4 -18  -9
-13 -13 -17   3
-12  -7   9  12
-20 -19  15  19
-23  -1 -10   0
-11 -22  11 -20
 16 -13  -2  17
  3   0  20 -15
-14  -5  10 -17
 -3  14  15  -9
-18  23   3  13
 -9   6 -17  13
 -7 -23   0 -22
  7   3 -10   4
  2 -14 -16 -17
  8   2   1 -10
 13  24  14 -18
-14  -8 -22   3
  9 -13 -11  14
-16 -19 -19   8
 -7 -17  -3  22
 16  13 -14   7
-12 -14 -22 -24
 21  20  20  14
 -2  24 -14  -4
 10 -15  -5  12
-19 -15   5  -5
 11 -14 -13 -21
  1  17  11  -3
-18   0  -2   8
-21  -7 -18  10
 12   7  23 -14
 -1   3  -3  19
-16  11   7  18
 12  18  20 -14
-21 -12  -8  24
 22  14   7 -21
 -3  -8  -4  14
 -6 -12 -21   2
-19 -19   5  15
  7  21  -6 -16
  8 -20  -1  17
 11 -10 -12  -6
 -3  -1   5  17
 -9  10  12  10
-21   5 -19  -7
-13  -2 -19  11
 24  20 -17 -24
-21  19   0  11
 16  23  14   3
  5 -22  -7 -18
-22  -8   6  10
-23 -10 -23  18
 15 -11  15 -22
 20 -21  17   4
-21   2  -4  18
 -8  20  13 -10
 -4  15  15  -8
 18 -13 -19 -23
  7  10   6  -4
-18   4  13 -10
  6  -3 -22  -4
-19 -15   1  -5
 10  23 -11 -14
-22  11 -21  -8
 -6   0   1   3
-21 -23  23  -1
 21  17 -14   9
  0  -4  -1  24
  9  -8  -6   5
 -7  13   8  21
 23 -14 -23 -13
 -8  16  -5 -17
-12   8  20  -2
-10   5  19  18
 11 -11 -24  13
 -3  23   9 -22
-23  -1 -15 -17
 -5 -24  24  13
 -7  -5   5 -23
  5 -14 -11 -12
 -4 -20   8  19
 -3  24 -20  -6
-23  -6  21  -7
 10  19  10  15
  2 -17  -9  17
-13 -24   8 -18
  1   7  -7 -22
  6  -5   3  15
 -6   3  -5  -1
 -1  -9  -9  -3
 15  -3 -24  -5
 -8 -10   1  12
 -5  -3 -14  -1
  6  20  15 -12
 23 -14  -2   4
 15  -9 -18   5
-18   9  17  20
  0   5   2   9
-18  10 -23   7
 -5 -13  -1  11
-15  10  -6 -13
-10  -2  14   1
 19  10 -21 -12
 16  14 -21  -7
  9 -18 -21  23
-12   1  12  16
  3 -22  10 -23
 15 -20   3  16
-22  -8 -24  15
 22  19  10  -5
-12 -18   0   9
 14  -5  15  19
 -8   5 -10  12
-22  19  19 -15
-18 -15  18 -21
 23 -22   8  18
-15 -13 -14   1
 18  -8  -2   5
-14   3   0  14
-14 -22   7  -8
  3   8 -24  13
-17   1  16  -5
-24  16   0  21
 17   8  -8   0
-15 -17  15  -1
  2  13 -17   3
 12 -16   9  15
 24  -4 -18 -24
 15  11 -15  -6
  3  11  -9   3
 19  18 -12   6
 10 -15  17   0
  7  -5   7  -2
 10 -15  10 -20
 20 -20  -7 -14
  9 -15   5  17
 -4  -6   3  10
  1 -20   6 -15
  0  17  -2  -4
 -7 -18  -8  -1
-17 -21   8  12
 -7  -7 -16   4
 -2 -12 -16 -10
-12  23   1 -21
-21 -17  -4   4
 -3 -12 -12  -5
-16  21   7 -20
-14  21 -22  -4
 -3   5 -19   8
 12   3 -13  20
  7 -12  -1 -19
 12   2   4  19
  4  19  -2   8
 -1  14  17  -5
 -7  20   9   3
  2  -4   3  10
 11  -4 -16 -19
-11  18   0   1
 10 -11  19  10
  4  16   4  12
 24   2  15  19
-13 -10  -4   4
 -9  12 -21  -9
-10  15   7  -9
-23  19   6 -21
  9 -11  11  20
 -5 -16  15 -14
-10   6  16   0
 16  -7  11 -23
 -3  17 -17  13
 -5 -20  10   5
 12 -21  13  -8
 19  24 -20 -20
 20  -5 -16 -15
  7 -19  -4  18
 16   4   3  -3
 -5 -23 -13 -16
  0 -18 -22  22
 -2  21   8   4
 -9  20  13  23
 24  21  17 -23
-17   2  -9 -21
 16 -19  15 -13
 -8  24  -6  -5
 16  16 -20  -2
 -6  16 -16  11
  8 -14  11  15
 -3 -10  18  12
-10  -7 -11  -3
 -8 -17 -23  24
 15 -20 -18   4
 -2 -14 -22 -23
 -2  23 -19  10
-21 -10 -19  14
-16 -21  16  23
-10   2  -5  19
-10   8 -19   2
 19  -2  15  22
-15  -7 -12   8
 -5   1  -9  17
 -8 -10  17   8
-12 -15  15   7
 20   9  -5  -6
 19  -9 -11   1
  7 -19  15  -2
 13  -8  23 -15
  5  16 -24 -23
 17 -13 -11  23
 19 -20   3  13
  4  14  13 -11
 14  20   6   2
 -6  -8   2 -24
 20  -9 -17 -20
-14   6  -4 -22
 -4  21   1 -13
-18 -12  14 -12
 -4 -18  17  -6
  8 -14  11   2
 10   4   0 -14
 -3 -20 -13 -15
 15 -21  16   9
-17   0  13  12
 15  22   7  17
 -9   8  15 -14
 -6  22   1  -7
-12  -9  15  -5
-18  10  21  24
  0  10  10  22
  4   1   2 -14
 -9   2  -2 -14
 14  -4  12  -9
  5  13   7  -4
 18  13 -11 -15
-18  22   6  16
 15 -10  -2 -19
-12   2   8   4
  2  14 -22   6
-15 -17  20  22
-22  -1   7   9
-13  24  -4   0
  2  24  17  -9
 19   7  -1  -3
 -4  -2  11   9
 -8  11  -7 -17
-10   4 -11   0
-16 -12  13  -9
  5 -12 -12   5
 -9   5 -18 -21
 12  -6  19 -17
-13   8  -5  22
 10  22  -5  12
-18  11  21 -12
  1  15 -10   5
 11 -19   7 -16
 -3  24 -13  -6
 23  -1 -18   2
 -8  22   3 -21
 16   7  -5   3
-19   9 -13   7
 12   7 -11 -24
 17   3 -19  12
  4   6  -4  19
 -9  -1 -18  -3
-13   2  10   7
 15   9 -11 -21
 20 -12  -3   6
  9 -24  -9   8
 17  -7  19 -10
 23 -15  -4  -8
-14 -17 -22 -22
-20 -24 -13   3
 -4   9  11 -24
  4   6   8  11
-14   7  16   7
-23  -1  -6 -23
-20   3 -10 -24
-11   0 -12  16
-12 -19   4 -21
 13  -4  -1 -14
  2  -5  13 -14
  0 -20  24  -7
 11   0 -10 -23
-22  10 -23  -8
-10  20  -2  -2
-11  -4  -3  20
 23 -20  23   0
-11  -3 -11  19
  0   4  12 -13
 10 -14 -20  -1
-16 -22  17   2
  9  21   3  -6
 -9  17 -13  -6
  8  12  -4 -20
-13  -2  17  14
 16   5  17 -13
 21  16 -19  21
-15  -6   6  18
 -5   8  17  12
 -5  -4  -4  15
 24  -9 -23 -22
 -2  18  10 -18
  0  -5  -6 -24
  6  -7  16  21
 -9  23 -22 -10
 -3  -9  14  19
-15 -19   3  -2
 21  21 -19 -13
  8  -1  20   4
  8   1  14  -2
 23  20   7  20
  6  -9  -6 -18
  3   8   6  11
  9   3 -22 -23
 10  10 -22   9
 10  11   7   0
  1 -22   9  10
-24  13  13  21
 -7   2  22   8
-21  23  -5  13
 24  -3  23   9
-22 -16  -5  18
-10 -22   0  -6
 12  16  16 -21
 20 -21 -14  22
 -9 -10 -16 -14
 10  13  14 -20
  6  -7  19 -16
  8 -23   2  16
 -3   6   7  14
 -8  18 -10  15
  6 -10   8 -16
 22  17   3 -21
-23  17  10  11
 20  17 -24 -17
  3 -13 -12 -21
  4  -6   4   3
-24  -2 -22   3
-10  10 -17  -4
  9  24  10 -20
  9  18  -3 -12
 -6  22  10   4
 19 -22  17  19
-22  -9   1  19
  7   1 -10   8
 -6  -3 -12  -7
  1  18   0   1
-24  18  22  15
-18 -10 -22   0
  1   1   1  24
-20  -8   4 -18
  7   2  19  -7
 17 -20  16   1
  0  12   4  21
 24 -17   8 -17
-15 -21   9  10
  2   3  12  -8
 17 -20  16 -14
  3 -15  14  20
 -7  18  24  -6
  3  19 -15  15
 -7  -9 -17  13
-10 -13  -7  -7
  9 -24  18 -20
-22  17 -21  -4
  4   2  -1 -12