 10  -8   2   2
 18 -16  21  -9
 23  -5   6   6
-12 -12   2  13
  7  -3 -19  -9
  1   6  -8  -7
 -7  -8   9  -3
 -1   2   1   7
-21   7   3   7
-10   8  13  -4
 11  -4   0  -8
 -4  17   7  17
 -8 -12  11  15
-15   9  -3   8
 -1   4 -19  11
-18  17  21  21
 22  20  11   5
-21  16  -1  16
  6 -18   1  -9
  2   1  -7   2
 21   2   0 -24
 16 -24  24  15
-13   0 -14 -16
-11   9  12  -8
-16   6 -11   1
  7  -1  14   2
 23 -14  15  -7
 23  -5 -16 -13
 12   5   7  -6
 15 -15  20   8
 -1  18 -14  18
 -3   2  13   0
 19 -24 -16   9
 15   5  -4   2
  1   8 -24  17
 17  21 -12  14
  3  16  -8   5
  0  13 -10 -14
-13  17   8 -17
 24  22   1   2
 10  -5   5 -19
 -3 -23  11   2
  8 -13 -15   0
 -1 -22  10  14
-22   3 -10  21
-21 -18 -11  -5
 -1   9 -19  -6
 15  10  -2  -7
 23   7  11 -15
  8   6  10   0
  4  -2  23  13
 -4   3   9 -11
-23  -7  15 -13
  3  15 -13 -22
-13   6  -8 -22
 -6 -16 -18  -6
 11 -10  23  20
 -1  -2  24 -11
-15 -22   7  -6
  5  23  -3 -23
-19  -1   8  -3
  4   2  -9 -22
-22  -6  11  -6
  0  -8  11  -9
 19 -12  10 -12
 16 -18  15  18
 12  -7   4  -7
 20  -4 -15  11
 11  -7   6  -6
 13 -15  16  -5
 -8  13   6  -9
 -4   5 -22   9
 -2   1 -19 -11
 10  20  21  -8
-17  18 -19  -5
 -8   9  10  16
 15   0 -22   4
 19 -19 -12 -14
 12  10  13 -19
 19 -12   5  13
  9   3  -1   7
 -8  -1  -7  14
  1   2   6  -2
-12  16   7  23
-11  21  11 -15
 -6 -14 -13  -6
-10   0   7 -16
 -9  11  24  11
 12  -7  -2 -23
 23   1  14  -6
 23 -14 -20  -6
 23  17   3   4
  8 -20   3  10
  1  -3  -7  12
  6 -22   1 -22
  5 -13   3 -10
 13  17  -8 -15
 13 -14 -13   1
 -4 -18   4  17
 16 -18 -14   2
 13   8 -18  -8
  6  21  -1   1
  9  -3 -24  13
 24  19  18 -12
-12  -4   3  -2
 -9 -12  -2  -6
 10 -10 -15 -14
 -4  -5  13  14
-23  -9  22  -2
  1  -8  -2 -19
  5 -20  -6  -9
 12 -11   1 -13
 -6 -17 -15 -22
-22 -20  -4 -18
 -6  -4   5   1
-14  -6  18 -11
  8  -7   1 -14
 -4  -7  -5  22
 17   0   6   3
  3 -24   1 -10
-19  15  23  -1
 17  11  -9  -9
 -6  24   7  13
 11  12  -8   1
 -7  -2  -8 -12
  3  17 -11 -13
  4  15 -14   7
-10  11  18  19
 -8  -9  18 -13
 -6 -15  13  -9
-12   7  -6 -11
 16   3  -6  -1
 -7  -5  18   6
-14   9   3 -17
-12 -10  14  22
 10 -15   9 -18
 12 -13 -19 -17
 23  -2   4 -17
  3   6  15   4
 -6  13   9 -22
 -2   0   7   8
 -2  -6 -18  -6
-11  -1   1 -16
-19  -9  -9   2
  4  -3  15  13
 -6   3  -7  16
 -9  12  17 -23
  6   3 -16  -6
-10 -23   0  21
 23   0   7  -6
 21  22   6   0
-19  10   6  12
-16 -10  10 -11
  5 -12  13  23
-15 -19  11  11
-10   5 -15   0
 -9 -16   2  21
-19  13  -3   1
  6 -22 -12  11
-11 -19 -24  18
 11  -4  -1   0
  1  -9 -14  14
 15  23 -16  13
 -3   0  16  -9
-14  19   0 -11
 14  -5 -14   1
  3  -9 -19 -21
-18 -12   9   7
 24  20  -3  22
 11 -17  -1  11
  8  -9   9  13
-16 -21 -10  14
  1  16  22   1
-24  -4  19  12
 23   0   1   7
 11  -4  -8  -5
 11   1 -16  18
-23  -3   7   3
 17  18   5  20
 21  24  -9  14
  7 -17  11  -5
  0 -17  -9 -11
  6   3  22   0
 16 -10  20  13
-14  13  -5   4
 22  10   4 -21
  8  -4 -21 -14
 -5  15 -12   0
 -6  16   4  17
 14 -12  -6 -17
 20  21 -15  -2
  1 -12   3   6
 15  18 -19 -18
 16   9  16  13
-10   0 -10  12
-16  11  18   8
 -2 -23 -10 -13
 -2  15 -19  -3
  7  10   7  21
 -5  -2  11  -6
-18 -10 -23  -3
-11  18   0 -14
-13  -5   0 -24
 14 -21   8  -5
 -2 -14   3  19
 23 -24 -18  -4
 16   0   5   2
 19 -22   2   0
  9   7 -13  -3
 -3   3  15   2
-22 -15  -9 -20
  8  17   0   9
 -4  16   9  -4
 14 -15   1 -10
 -4  -6   3 -20
 18   7   5 -22
 -7 -10 -18  14
 -9  -2  16   4
 -4  -5 -16   2
  2   1  -7  12
  7  16  -7 -17
-19  -4   6  -9
-12  13  23 -12
 -7   8 -10  10
-11 -13   8  -4
 18   0  11 -16
  1  -9  14  14
 -6   7 -12  10
 10  -8  -9  14
  9 -21  24  10
-12  24  17 -20
-18  16  22  18
 13   8 -17   1
 20  24  -8   1
-16 -15 -14  18
-15  20  -2   0
 15 -23  22 -24
  2   0 -19  11
 12  16  -3   7
 24  -1  -1   1
  7  18 -24   9
 -7  -2  -6   5
-22  13   8 -10
  3  14  -1 -16
-13  14  -1 -24
  1 -11 -12 -21
-22 -11 -15 -17
 13  21 -12  14
 19  11  -8  -1
 -4  12 -22  16
  4 -24  -2  -1
-18   9  -7  -6
 14 -10 -13   2
 17  -1   8   0
 11 -22   8  -2
 -5  16   4  -4
 19   3  -6 -22
 12   1 -18   8
 15 -14   9 -17
 -1 -20  -9   2
  7  -9  13 -12
-24 -13  13   3
-20  -7  13 -16
 20   0  19 -14
-19  19   8  -4
  2  19  -3  12
 -2  21  -5  -8
-10  -8  23  14
 -4  23   9  23
 11 -11  16 -23
-13  16 -24  11
-11  17 -20  22
 -2  -1   7 -17
 -9  23   2  22
-21   7  -5  11
-15  13  -6  24
 13   1   2 -22
-22   2  -8   9
 -2  -3  17   7
-23  13  15   4
 -1  -3 -16   2
  1  20 -22   6
-12  24  24 -20
-17  16 -14 -14
-19   0   5  -1
  3 -12  -5 -10
 20 -15  20   6
 -6   0 -16 -16
  8  24  10 -15
 23   1   4   4
 15  -9 -17   8
-13  -9  -6 -20
 -5  -2 -14 -11
-14 -11 -21  23
-17 -15  -6 -17
 -1 -21 -17   6
 22 -16  24  22
  0  21  19  11
 -9  -8  20   7
 16 -14  -7   3
  9  -3  10  11
  2 -23 -16  21
 -9   2   0  12
  9   0  22  -9
-19 -20   9   8
 19  19  11 -13
 20  21  -6 -11
 10 -20  -6   4
 -8 -22   3   2
 -8  -6   8  10
 14  -4  -2   3
 -6  12  -2  19
 -4   1 -24 -24
  6   7   4  23
-23   1  -5  -6
 -4  -1   3   7
 -5  10  15   9
-12  24   1  -2
 -1   4   6  -3
  0  -5 -13   5
-17  -8   4  -8
-11   2 -13 -23
-10   3   4  -5
 14  16  14   0
 -4 -11  11 -23
 19 -23 -21  23
-19  11  -1 -21
 18  12   5   4
 19 -24  14 -20
-18 -13   2  20
 -9  18   1   9
  1   9  24  -6
 10   2   7 -22
  6   5   0   9
 18  14  23  23
 -1   1  10 -10
 -1   8   5   7
-17 -12   2  20
  3 -15  15  -3
 -8  -6  -1  -1
 20  12  13  20
 -1  14  11  23
 -9  13  23  18
-24 -19  13  -3
 -9   3 -17 -15
  0 -15  18  -2
  3  10 -19  -3
 14 -14  19   5
  1   9  -8  16
  6 -10 -11 -13
-19  15 -14 -18
 -5  -6  14  19
 10  21 -13   6
-12  20   1  -1
 10  22 -18 -23
 11  16   7 -19
 -9  16   5   7
  2 -20  -6 -14
 -3   4   4   2
  8  -4 -14   1
-17 -11  14 -18
  6   1 -16   4
-20   8  11 -23
-19  11 -13  12
-11  -5 -23   4
  5  20   4  -1
  6  -2  -4  19
-11   9  21 -23
-13   1 -14  17
  8 -24  -1   7
 -4  -5  17  -9
-17 -10  19   0
-21  20   5  -3
 -6 -11 -19 -19
  4  -7   8   5
-16 -20  -6   4
 10 -17  10  -3
 -6  -5  15  -7
 -1  17 -10 -23
-15  16   4  12
-22   4  -6  12
 12  -9 -14  23
  0  -5 -14 -14
 -6 -24 -19  10
-12 -12  -9 -19
 -4 -22   5   6
 17  -3  -1  22
  0   5  -2  15
  0  17 -12  14
  1  23 -15  10
  3   8  -8 -10
-16  20 -14  21
 21   7 -14 -24
-13 -11 -17 -16
  9  -7 -15  -4
 21  10  19  24
  0 -13  -8   9
  7 -11  14 -16
 15 -13 -21  -1
  3  13  -8  20
 -5   8 -13 -18
-11  -2  -2 -21
 -6  -7 -13  10
-14  24  -4 -11
  1   7   8  -4
 17 -19  15  -8
  5  -3  19   3
-16  21  24 -15
 -3   7   4 -16
-13  14  18 -19
-11  -4   5  12
 -8 -18   9  15
  2   2 -20   5
-13 -15  18  -1
  2   8  17 -15
-20 -21  -6   1
-12   9 -21  20
-23   5  17 -24
-10  24  13  -2
 -4 -19   4  18
 -6   5  13  12
 24   5   1   5
 -9  -5   6  21
  9 -19  23  20
-10  -1  -6   6
  3  14  12   9
  9  13  14  -5
 -5  -1   2 -17
  4   9  12 -14
 10 -13 -17  -6
  9  12  22  -8
  2 -22  17   5
 -3   3 -23 -12
 -6 -12   7  -5
  8  -7 -22  -3
  4  20  23  12
 -1  16 -18  10
 -1 -18   5  -9
-11   7   0 -19
  5  -8  21   1
 -4 -24   9  -9
 16   8  -3  11
-19   2  10  -6
  1   6 -21   1
 -2  -9   3  21
 -7  19   2   9
  4  -1  14 -10
-12  12   1   1
  8   8 -11  19
-16 -22  24 -11
-10  -4 -15   6
-17   6  -9 -13
-22  11   7 -16
 10  -5 -16 -18
 13  14  -2 -13
 24  -2  -5  18
  4 -15 -23 -16
  4   0   4 -21
  5 -19 -23   0
 -2  19 -23  15
 17  -9  12  11
-20  10  12 -11
-21 -17  13   0
  0  16  -3 -17
 -9  -1   0 -13
-23  14 -22   5
 18  12  -2  19
  2 -14   5   4
 -7   8  10   6
  6  10  -7  22
  3  -2  -7  -6
 16  11  24  -7
-16  -2  15 -12
-12  -3  10 -15
 -8  17   3 -16
 -2   6   3   6
  0 -11   3 -24
-14 -16  -4  13
 21 -22  -6  -7
-22  -9  14 -22
 23   0  -5   7
 22   8  16  19
 11  20  -8  11
 10   2  11  17
-17  -9  -4  24
 -3  -5  10   4
 -4   5 -14   7
 -9  19  24  17
 15   2   0  14
-19   4  10   5
  2  14   7 -11
 23   2 -11   0
-14   2  23  -8
-19   9  -3  13
  1  14 -14  23
 -5  11 -19  10
  4   6  -3   0
 12  22 -21  -6
  0 -24  -9  -5
-24 -17  -9   0
 17 -10  -5  -6
-23  23  15  -7
  6  19   6 -16
-17  23  16  18
 12  -4   1  -3
-12 -16  22 -20
-11   1   0  -2
 17 -20  10  -8
 18 -21   2  14
-10  -1 -12   5
 -3 -16  -7   9
  5   5  15  13