-22   0   7 -21
  0   7   0  21
 15 -15 -19 -13
 24 -16  10  17
  5  11  -6   1
-16   3  23 -19
  1  13  -8 -15
 15  13  -2   6
  2  23   2   3
-13  13 -12 -11
 20  15   6   2
 -5  12  19   3
 -1  16  -2   3
-23   8 -13  14
 -3 -18 -18  20
 23  -5 -19  19
  8 -15   1   2
  9 -22  14  -8
-14  16   6  22
-12 -21  -7 -20
  4  21 -13 -24
-16  15 -24  21
-22   4 -20  -5
 -5 -15  10   1
-11  -5 -12 -19
-20 -15   5   0
-18  24  12   9
 -2  12  12 -21
 24 -20  21 -20
-10 -11  -2   7
  1  -1  15  19
  1 -22 -22 -14
 17   3  24   3
 -3   2  24  17
 -1  12  -4 -24
-12  -2  19  19
 -4 -12  -7  24
 21  24  12  22
-24  19 -16  -5
 12  -4 -16  16
  6 -21  -1  15
 12 -20 -24   0
 20 -13   4  -7
 24  -5  15  20
-10  -1  -8   9
-21  16  -4   4
  3  -9  21 -24
 24 -11 -21   9
 24  -6 -23  14
 11  -9  -2  21
 18 -20  23 -18
  7 -17   4  10
  3  17   5 -10
 19  -2  -6  18
 -6 -13 -15 -13
 -1 -13 -24  17
 -6  14  18 -14
 12  -3 -17   0
  6 -22  -2   8
  6 -13 -14  12
-15 -10 -22 -13
-13 -12  24  -8
 10  18  13 -14
-23  -2 -23 -16
 10 -10  -5  -3
-20  14  -9  17
-11  19  24 -12
  9   4  -1 -22
-24 -24  15 -12
 24  -5  14  12
-20 -14  -2  -1
 13 -16 -10  18
 11  21   8 -22
-18  22 -23  -3
 -5  13  -7 -20
-21 -20  -3   8
  3 -23  24   2
 -8  20  -3   4
 -9   3  21 -21
  7  22   5  -2
-22  22 -22  18
 -8  22   3 -13
 -4  19 -17   9
 23  -5  -9  -6
  6  -2   2   3
 24  11  -6  21
 20  -7  19  -1
 18   3   5  13
-10   2  -2  -2
 -7 -16  -7  13
-10 -10  15   1
-13  11   4  23
-18   9 -11  -7
  3   8   1 -15
 19  13 -19  12
  8   7   1  23
 -3  19  14 -19
-16  -8  10  12
  3   4   5 -20
  8 -14 -13 -17
 16   0  23 -11
 -7   2 -23  10
 15  24  23  23
-10 -21  15   7
-24 -22  -6 -18
 -9  -6  19   9
-18   2 -13 -19
-12  -1  -3  -7
  4 -20   4 -18
 13 -14  12   5
 15 -19   8  22
  6 -13 -12 -12
 -1  24  13  -4
-10 -19  -9  24
  3  -5  -8  14
-11   3  12  -3
  2  11 -23 -13
-17   6  10  15
 23 -16 -17 -11
 -4  -4   3  14
  4 -19 -11 -24
 14 -14   4  21
 14   3  -6  14
 -9 -18 -13  12
-15 -22   1  10
 -6 -22  11  24
 -2 -11 -14 -19
 19  19  -7 -13
 17  -2   0  15
-17 -12 -14   8
-12   5 -22 -24
-21 -19   3 -22
 23  13   6  21
-10  -2  -8 -18
 18  19 -21  12
 16   9 -20 -16
  8  -4   0  18
 10  18  -7  -7
 18  -5   6  18
  6  -4  -4  -2
-14  -1 -14  23
  5  -8 -12   6
 24 -13   2   5
-19 -17 -21  14
-17  -7  16 -22
-18 -20  -6  -2
 11   2 -22  -7
-14  -3 -13 -24
-14  21   1 -24
  0 -14  17 -13
  1   0  -9  12
-15  15   8 -19
  9  12 -13  18
 20 -11 -13  -7
  0   7  -7  12
 -8  24  -7  14
 18  -8   5 -13
  6  11  11 -19
 17   8  10  21
-14 -20  14   8
 19 -11 -24 -14
-22  19 -16  -7
  8 -11   0   7
 22 -19  -3 -24
-17  20  -3 -22
-13 -12   6  20
-10 -12 -16 -22
-21 -13 -22 -20
 17   5 -16 -16
 20 -13  12 -14
 16 -17 -20   1
-10   1   8  10
 -7  -5 -14  16
  8  16  19 -10
 13  15  -8   1
 10  17  -3 -14
 -7 -21  22 -14
 -4   9  12  17
 21 -16  17   0
-11   1   2  -3
-20   7  12  -9
 11 -11 -21  -5
-19   7 -13 -11
-24   6  14  -5
-22   7  14  18
-12  -2 -10  18
-14  21  24  -7
 16 -10   4   9
  8  11 -18  10
-13  22  -6   9
  0   7  12   6
 -7 -23  24 -18
  9   9 -23   2
 -9  12   6   9
 20 -21  -1  23
-18  20  -8 -20
 11  17  24  13
 13 -10  -3  24
 24 -17 -21   1
  0   3  14 -19
 -6 -19  22  -2
 10  -1   3 -23
 -1   7  13   0
 16  10 -12 -10
 -4  12  15  18
 -1  -9   8 -13
  2   8  -8 -16
 24  12  -3  18
  1   1 -17 -19
-10   2  20  -6
  9 -12  12   3
 10 -18   6  12
-16  -4  21   9
-18  -3  22   3
 21  -2   0  19
-13 -12   3 -17
-15  22 -12   0
 23   8  -1 -13
 18  -4   7  11
  0  -9  -8 -17
  9  22   0  -6
 21 -19   6 -21
 -8 -14 -10  15
 22 -19  14 -20
  4  22 -23   8
 -9   1 -18  22
 -7   6  -5   5
 -8   5   1  11
  9 -13  -7   7
 12  19  -6 -18
 12 -14   1  22
 -1  -7 -22  -3
 23 -23  21  -5
  0   1 -14 -19
 12  14  -2  -1
 -9  21   5 -24
-10  15   4  -1
 23   8 -14  19
 -7  -9  20   2
 22  19  -1  16
 -7  22  17  23
-22 -23 -21  -2
-16  22 -13 -23
 15   1   5  -6
  3  -8 -12 -23
  4   3  -3  21
-12  20 -21 -22
-11 -24 -13  -6
-14 -18  15   4
  0  10   9 -13
 17   6  16  -7
 12  14  -9   5
 15  16   9  -9
 -3  -9  11   6
-13 -12  -4  10
-16  -6  17  18
 12   3 -22 -20
  1 -12  20 -17
 12   2  19  -6
 22  -5 -13 -24
  1 -16 -22   1
-17 -19  15 -19
 11 -18 -15  10
 16  19  14  11
  9   5  16 -22
-15  15   2   8
 -6  -4  14 -17
-17  14 -19  -8
  3   0  10 -13
 -9  10 -20   8
-24   3   3  15
  4 -10  23 -24
 21  16 -23  22
-22   9  -9   7
 -3   0  17   0
-12 -17  -7  19
 -6   8 -12  -2
 15 -12 -18  -9
 12  22   9  -3
  7  12   7   2
 -4 -14  19  -6
  5   9  13  18
 10  16  21  11
 -7  16   5 -20
 21  -5 -17 -13
 -9  19 -21  18
 -2  -1   1 -24
-10  15  23 -10
-13  24 -19  23
 19   2  24 -20
  2 -24 -14  -5
  8  -7 -15  -3
 -7   6  10  -2
-24  12  15   7
 14  24  21  23
-17 -14 -18   2
 22  -2  17  -5
 -5  11 -11 -24
  0   6 -16  -2
 -8 -24 -13 -23
 19 -12  -4  -6
  1 -16  -3  13
 21  15   0  -4
 17 -22 -18   0
 -8 -23   1 -14
 -7   7   9 -12
 -2  -9 -24 -21
-20  16   4   0
 24  20  19 -13
-14   3  -2 -22
-15 -15   6  10
-15   9  10  10
 20 -12   6  -3
 -9 -24  14  21
 -3 -21  -5  -6
  5 -21   7 -24
 17 -14 -20   6
 20  20  23  16
 -5   8  13  24
 -8  23  11 -15
 13  17  12 -21
 11 -20  19  15
 -1  -8 -14  17
  1 -18  11 -10
 -2 -20 -16 -20
-15 -15 -20   8
-19  24   3  -6
 -8  -7 -23  19
  6  -1   1 -17
-12   7  -6  20
-24 -17   6  -5
 15 -17  12   9
 18 -24  -1  -1
  2 -22  17  23
-12  18  -2  13
 15   9  -7  14
 17 -17  -4 -17
-24  -6  10 -14
-17 -13  15  -9
 -6  20 -18  14
 -2  -6  -3 -21
  0 -15  12  -8
 13  18  -5 -22
  7 -19   5 -21
-17 -22  -6  14
 19 -12 -15  -2
  9  15  15  15
  3 -23 -21 -15
 20   6 -22  21
 -3   1 -16  16
 23  13  22  13
 20   0  10   4
-24 -20  -2   2
 -5  16 -21 -18
 20  14  15   7
 21   5  13  14
-22  -8  -6   9
  2  14 -23 -18
-13   4   3  24
 -6 -22 -20  11
  4  -9  -7 -19
 23  19 -17 -11
-18  11 -24  -2
 -7 -20 -10  10
  0  11   8  14
 21  10  21  -3
  4 -10  19 -18
-12  20   8  11
 -6  -6  10 -21
  7  -9   1  19
 -1  22 -12  22
-23 -18 -23 -13
  8   4  14  15
-19  11  -9   3
-17 -23 -24 -22
  2  -2  23   7
 19  19   4 -18
  4  -7  22 -14
 -1   2 -10  -6
-12   7   0  11
 17 -16 -19  -9
 -3 -12 -19 -12
  7   0 -22 -19
 23  19   9  19
 19 -17 -16   9
  3   8  24 -23
 16   6  24   0
 -7  19 -24  24
 -6 -20  -5  15
-23  -5  17 -23
-22   0 -16  -2
-16  -5  17  16
 -9  -5  -1  19
  4  18  -4  22
 -2   8   3  19
 15 -21 -19  23
-15 -13 -17  -9
 -5   2   6 -13
 16 -24 -21  21
  7  20  20 -20
-17 -17  -7 -21
 19  -6   1  -4
-23  -4  10  19
-12 -10   7  13
 -2   0  -9   4
 -1  21  13 -10
 -1  -5 -20  12
 -6   7 -23  24
 23  22 -17  22
 23   1 -22  -8
 -9   2   7  18
  7 -23  14 -16
-17 -11   3 -24
-23  -4  21 -21
 18  24   8 -21
-16 -19  17   1
-14  10  -1  -7
 -1   7  13   9
-11  11  16 -18
-17  -2  22  18
-12  11 -10  20
 17 -24 -10   1
  5 -19 -24  -5
  2  14   7  24
  4  21   0 -16
 -5   0 -14   9
 23  20   0  -1
 21   4   7  20
-24 -12  20  -3
 -5  13  18  -1
 -4 -12  22  17
  7 -21  -3   3
  1  -9  -6 -10
 12  -3  -3  -6
 15  -9  -9  11
  5  -9  -3 -18
-14  17  19   9
  3  11  -5  16
 -5 -24  15 -10
-20   7 -20 -20
 22 -22  -5 -23
  5  21  -7  18
 -4 -13   9   0
 -3 -20  -8  -8
  0 -24 -23 -18
-24  18  -9 -18
-14  -3   5   9
-12  -2  13   6
-12 -10  10  -3
-16  -6   6   5
 17  -9 -10  -9
  2  -4  -9   0
-24  19 -23  24
 -2  -5   9 -24
 19 -21  -2  18
-19  -7  -2   2
-24  -7   2  17
 10  21  17  16
 22  19   8   4
-20  21   5 -11
-21  14  10  11
 13 -11  23 -15
-23  -4   0  17
-14 -20   2   0
 -2 -24  24 -18
 -7   9  19   8
 14   9  -3   2
 -4  -3   6   3
 -2  22 -23  22
-21  -1   3  -1
 -4  19  18  11
-23  22 -23   0
  0  -2  16  -2
 -2 -21  -6 -14
  3  23   0  -6
 20   8   2 -23
  5   1   2  15
  3  -4 -22   6
 22  10  10 -16
  3 -14 -22   0
-11 -12  -7   0
  4  15  21  12
-11 -19  17  10
 12 -11 -16  18
-23  -7   9   3
-11   0   1 -10
 20 -17   9 -10
-10  18  -8 -13
-15   7   4 -13
  9  -9   6 -21
  8 -21  18  19
 14  13  17  10
-15  -1   0 -18
-24 -11   8  14
 -6  18 -17   3
 -7  22   9 -20
  7  -3  12  12
  7  15  11   6
-10 -22  11  13
  2  10  -5   4
 17  -5  19  -1
 16  24  21  -9
  7 -12  22 -16
  5  -1   5   2
 15  22  -2 -20
-12   6  14  14
 17 -22   3 -19
 -4 -14  14   3
 -1  24   0  18
-16  13  18  -4
 23  12   9   0
 12  11  -7  -4