 -8 -17  24 -16
 -2  20 -17 -14
  5   0  15  -1
-14   0 -11 -10
  9   8 -18 -23
 14   2  21 -12
 16  22   9   0
  1  22 -24 -10
 13 -13  21 -13
 15   0 -21 -12
 15 -11   9  10
-23  -9  -8   4
 13 -13  15 -15
 19  10   9 -15
 22   0   1  -1
 -2   5   6  11
 19  -7  -8 -12
 18  23  -6  10
-16  10  19  11
 -8  13  13  18
 17  22 -13  -4
  5   2 -23 -20
 -2   6  -9   0
-18 -22 -10 -17
 11  -6  -6 -13
  8  10   9 -24
  3  -9  -6 -14
  8  -1   3   8
 20   8 -10  20
-12  -1 -20  -3
 19  -2 -14   4
  3  17  12 -12
  0 -13  14  -3
 19  -2   1   1
  6 -12 -16   0
  5  -2  -3 -14
-15   0   3   8
  5   1  -4  -9
  1  -7   1   5
-19 -14 -14  -3
-18 -10 -14  -2
-14  10  -9 -16
 22  15 -24  12
 -9  -1   3 -16
 -8  21   0 -12
-19 -14  17   7
-16 -17 -18 -22
 17  24  22  -9
 -7   7 -16 -22
 -7  -5  -2  22
  1  -3   0 -19
-10  -1 -14   8
 -1  11  19 -23
 15   2   3 -10
-18 -12 -21 -11
 -4  11 -21  -6
 18 -17 -24   2
 -6  -9 -18   6
  9   5  17   0
 -5  11 -18 -23
 22  -4  -8   4
 -1  18  10 -19
  9  18  16 -11
  3 -10   6  24
 20  22   9  -4
  2  16  19  21
 -9  12  -1  -9
  5 -13  -2 -21
-14   0   4  20
-17  -3   8 -14
-10   1  24 -12
 10  -1  15  17
-23 -22  20 -22
-17 -16   3  -9
  0  -1   5  -6
  5 -13  16  15
 12   7  -6   7
 -1  -1   0 -14
-11   9  22  11
 23  -3   3  -4
-21 -11   5   9
-22   0 -20  -9
 13  24 -14  15
  9  21  17   9
 11 -13 -11 -12
-16 -10  -9  -9
  9   3  24 -10
-16 -14   1  15
 -1  20 -10  18
-13   6  12 -13
-21  -5 -16  11
 -7 -18  15 -22
  7  -5  12  -4
-19   3  16  18
-16   6  21   7
  6  20 -11 -13
 10  23   1  -6
-10 -14 -10   4
 24 -19  -5   2
-14 -15  23  22
  5   3   9  19
 13  13 -18  21
 22  -5   0  21
 13 -22 -20   8
-20  -4  -4 -23
 -9   9  22 -12
-14  20   1  11
 19   7 -21  21
  0  -9 -13  11
  0  18 -19  21
 10  18  15   0
  0  20 -17   4
-20   9 -11  20
-19 -18 -14  23
 21  -1  11   5
 -4 -24  -1 -15
  5 -23  -4 -16
-23  15 -22 -16
 -3   1  14   7
  7 -21  16  11
-13   1   3  21
 20  -6   6  -3
-13  17  12  -1
-13 -21  20   4
-11   5 -16   0
 19   7 -18   1
 19  -5 -23 -23
  3  -5   0  10
 17   0  11  -9
  1   0  14   9
  5  11 -21 -12
 -1  -4  10   1
 -4 -20   5  -8
-13 -13   8  23
 -5  -5 -22   5
  7   0  -2  16
  7  14   8  -4
  1 -23  15 -18
-14 -14 -17  -6
-19  -6 -15   0
-17  -8   2 -23
-13  13 -24 -16
-23 -21  19 -11
 -6  16  -9   7
 16   9 -20   0
  4  -6  19  24
 -8  16  -5  -1
  7  22  -6   7
  7  -6   2   3
  4 -15   1  -9
-21 -11  15  21
 -1   0 -15 -12
 18  12  -2  10
-22  -3   1 -24
  4  10   7 -22
 -4 -24   5  12
-18 -21 -18   4
 -9   8   6  10
-13 -19  -6  -2
 -5  -7   9   9
-18  -6 -15  20
 -9   0 -17   1
 20  -7  -2  10
 -3   0 -16   2
  8  -6  -2   7
 -8   3  -8   8
 -2  20  -8  -5
  3  -9  -6  -6
  2  11   8   4
 16 -15  12   1
  5  -6 -13   9
-14   0  -1  12
 15 -13   8  16
-22  17   2  18
 -6  22   5  15
 12 -15  11 -15
-19   5  10  -5
 19 -12  -3   6
 10 -12   0 -22
 24   8   2  17
  9  -9  23  22
 17  -5 -13 -15
  9  -6  14  -5
 -9  -1  12  11
 22   3   2  22
  1  -6  15  12
-22  -1  -7 -22
-21 -17 -19  11
 15  17   0 -20
-14  11   3  22
 -9  -3 -10   4
  6 -18 -11 -15
  0  12  10 -21
-14   0   2  18
  3   0  23  -8
-13 -14   4  21
 13   4  -5   9
-13  10 -23  15
-22 -15 -19   4
-15   5  -4  24
 -6  13  -4  12
 -8  -8 -10  -6
-19  10   7  -8
 -2   6  23 -17
 -4 -11  -9   7
 11   7   0  12
-24  18  -1 -15
-17  -3  20 -18
-22  -6 -12 -11
-12   9   0 -22
 -8   9  10   6
  0  17   0  -9
  9   0  19   5
 -3   6 -11  13
 23  -6  13   6
  3  -8  -1  15
-18   3   7   6
 -9   6   0  24
-20 -20 -13   3
-11  -2  22  -4
 -9 -13 -20  -2
-12 -16   1  12
-19  -7 -14  -9
 -9 -19  -2  19
 -3  22  13 -11
 24  11  -7   2
  2 -17  -3   8
 20 -14   6   5
-21   6   5 -13
-23  11 -10   4
 15 -16 -20  -6
  9  -1 -24 -22
 12  -4   4  14
-22 -10   0  22
-14  18 -18 -19
  7  11  -8  24
-10  16  13  22
-13  17   5  19
 -5 -20   0 -13
 -7 -12  -1   4
 15 -14 -24 -16
-16  -3 -17 -22
-18   2 -20  11
-11  22  -2  -1
 -8  17  19 -10
 14   8 -15   0
 -9  17   4  -8
  2  22  19   7
 -4  18 -10   6
 -1  -2 -19 -13
-14   8 -14 -13
  3 -19 -13  -1
 12  13  -8  22
-21  21  -7  19
 -7 -11  23 -11
-13  23  -3  16
  1  13  21  -8
 10   2 -19 -14
 23  24  14  11
 -7   6 -20   1
 -9 -18  20   9
  9   8   8  12
  0   5 -15  14
  6 -22   9  -3
 -7  -8   3 -23
  9  -4   3   4
 15  -1   5   4
 12   8   2  -2
 -5   6  21   3
 -9  -2  -9   8
  1  20 -19   8
-12   3  14  13
-12   5  23 -11
  3  -9  -8   0
 -4  12 -22  10
  0   3 -16  11
  3   3   2  -6
-20  20  -9  -7
 20  11 -12  -8
  4   1  -9 -14
-11   6   3  -2
  3 -20   6 -23
  5  -6 -10 -22
  8  -2  12  -6
 -6   7  -2  -5
 -8   9  16   3
-14  12  16  24
  5   0  -9 -12
 -3   5  11  -2
  0 -22  16   6
-18   2  13  -3
 -8  -2  -4  -8
 21  -9 -19  -2
 -2  14   0   8
  2  -8 -21 -15
  9  10 -20  -4
 11 -14 -12  17
 23  12  -2 -13
 -9  12   0  24
 -7  16  -3  -5
 -5  14 -16  -5
-10   2 -10 -15
 -2 -10   1 -22
 11   5  13  21
-16  23  10  21
  6 -17   5  15
-16 -15   7  15
-12  12  16   6
  4  24 -14   2
 -6   9  17  13
  7   0  -6 -19
-13  -8   4  17
-18  22  -8   7
-11   5  -6  13
 23  -4   6 -12
 -1 -22  -4   4
-15   9  10  -4
 11  -8   1   9
 -7  -6  -3  17
  6   2  18 -23
 -5   9   1 -17
 -2 -16  10 -13
-11 -19 -14  -9
-10 -11   7  23
  7  12  17  -1
  0 -10   1   3
 19   6   1 -11
 12  12  24  -3
-13 -19  19 -19
 16  21  -3   3
 -3  -6  13  -2
 12 -18  11  15
 11  14  17  -1
 20   0   1   1
 17  14   7  21
 11  14   3 -22
 13  18 -13  -1
-19 -21  14  11
 -9  -8  -3  -7
 -3  -1 -17  11
 16   5  -3 -14
  3 -18   0 -11
-15  21 -20  12
 12   3  13   7
-13  -3   2  16
 22  -7  -2  -8
-18   6  -6  13
-11  24  10  16
 16   3  15  17
 24  12 -15 -23
 -8  10   8  -3
-18  -3 -16  -7
 10   4  -3   2
 18   8  22  -2
  6   3  17  -5
  7  15  15 -15
-16  -4  -8  12
  3  -6  19  -3
-13   7   7 -13
 -1  14  -2 -22
 -6  22 -14 -14
-14  -7  24  17
-13  -3  -9   2
 19   0 -12   0
 -6 -14   2   4
-23  -5 -14 -11
 18   7  21   8
 15  12 -21  20
-19  19 -20 -10
-10  -4  -8   2
 -2 -18  -2  19
 -9 -12  -5  21
-12  11  16   9
-11   0 -14   4
-20 -12  17  21
-20  15  20  -8
 -9 -19   0  11
 24  -4  11 -21
 17   8  -1   4
 15 -21   8   4
 21 -10  13   1
 -5  -9 -18 -12
 18 -14 -21  19
 10   7  -9   9
 20 -24  20  16
-20   6 -21 -11
-19 -15 -15  -9
  9  -2  -1   8
 12  18  21  -3
-22 -15  22  -2
 -3 -22  18 -14
-22 -20   3 -16
  3 -14  17  21
 12   4  -1   1
 17   9  -7  -1
 -4  -3   4 -18
 22 -11   2   6
 15 -14   6   1
 13  23  -9  19
 -9 -23  -9   5
-19  19  13 -11
  1  -4   7   3
 20  16  24  -3
  6  -9   9   4
  7   9 -19   0
 10 -17 -16  -6
 -4 -15 -22  -6
 -6   8  12   9
  0  11  13   3
  1 -11  -4   4
 -2   6  21  15
-23   7  -6   5
 12   3  19  13
 -5   9  12 -11
  8  21  20 -20
 16   0 -11   6
  8   7 -10   3
 -2  12 -12 -14
 19  -9  18  -8
 13 -16  -9  -1
  6  21  -9  -3
  7 -16   5   0
 -6  -3  16   8
 13  19  -6  -5
  0  -9  -8 -17
-11  24  10  -8
 11 -13 -15 -14
  8 -21   8  23
-22  -2 -24   9
-15  -3  13 -21
-21  24  15   7
  3  -9 -16  -6
 -4   9   5  21
 14   4   8   0
-12   2   8   1
-16 -24 -18 -16
 13 -21 -17 -20
-12 -15   5   5
-11  17 -17  13
 -8 -13  -8 -10
  8 -10  16   0
 20  -8   4   7
  3  14  -5  -8
  3 -12  -7  21
 -7  12   1   3
-20 -17   0  -4
  5 -17   4  12
 -7  17  -3  17
 23 -19  -3   4
 18 -23  21 -24
  6   7 -13 -14
-18  -4  11  13
 21 -23   5 -23
 -8 -11  -4  23
-12  24  11  11
 -1  -5 -20  -5
 13   3  -2   2
  6  21   7  23
 14   4  -4 -21
 -7  -5 -15  -7
 -4 -19   5 -14
 18  21  15 -23
-15 -22  11 -10
 14  14   7 -16
  5 -14 -13  21
 18  14  -8  -2
  0   3 -16 -23
-16   8  -9  19
 -6  12   0  17
 21  19  -5 -18
-10 -22   8  -3
 -7 -20 -13  22
-15  -5 -20  21
-20  23  20 -23
-18   8  17  12
  9   0  -2  18
-11   0  -2 -17
-12   4  10  -1
 -1 -21   0 -12
 -9 -23   4   5
  7   4 -14  12
-23  -7 -20 -19
-11 -12 -13  21
-13 -11   7  21
 17   9 -13 -13
-24 -15   6  14
 11   6  15   8
  7 -17  24  -8
  5  10   2  -2
-20  -9 -19  17
  8  -2 -19  -1
  2 -11   4  13
-10 -20 -14 -22
  7  -2 -19  -9
-24  11 -11 -16
 -4   0 -15  -9
-12  12  13 -10
 15 -17  18  13
-23   0  12  -8
  9 -15  -1   5
 21  -8   4 -10
-10 -18   4  15
 16  20 -15   2
 -9   3 -14  17
  7   3  -3 -23
 17 -15  21 -22
 11  18   7   6
-10  -4  -9  15
 -6  -6  13  -6
 -6   1 -21   2
  1   0  -1   4
 -7   4   2 -12