 -1  23  19   0
  0 -22  18   2
 12  15  -9  -2
 16  -8  15   0
 -6  -8 -20  -9
 13   9   0  -9
-13  11   9   0
  9   9  18 -23
-20   3   2  -7
 12 -14 -17  11
-13   4  -8 -24
 -7  -5  -9 -14
 -7  -4 -10 -22
 15  14  12 -19
 -4  -5 -22  10
  6  -7  -3  -8
-12  17 -19  -9
 18 -21   4   1
 -5  23 -22 -20
 -8  -8  17 -11
-15  -8 -18  23
 19 -16   9  -2
  9   8  -4  22
-13   9  10  -8
 -8  24   3  -7
 24   3  21  12
-14   6 -22   3
  6 -19 -18  -3
 -1 -15 -23   1
 22  -6  18  19
 11  21   7  -5
  6  15 -22  21
  8  -5 -21 -13
-24  22  12 -14
 22  23  14  16
 24  -4  -1 -10
-17  -1 -18  18
-14 -11  12  -2
 19  20   5 -13
-15   7 -13 -23
-14  -7  -9   1
  4  17 -24 -20
 -3  -9  22  22
  0 -14  15 -17
-10   4  -9  14
 11 -17   6 -14
  0 -12  23 -20
 -7  17 -23  22
 20   4 -11  13
  0   8  12   0
  8  20   0  19
-24 -22  10 -24
-11 -19   4  14
 -9   8   9 -17
 -1 -19  18  24
  8  -7  23 -20
 -2 -14 -13   9
  5 -12   1  -9
 12 -23 -19  -3
  8  21  -3   9
-11  -2 -13 -12
 13  -1 -21 -16
 23   2  -1  -1
 -7   6 -23   0
  4 -11  16   4
 -5  14 -11 -18
 -8 -17   7  22
  6  17   9  -1
 -4 -14   9  23
-16   5 -18 -18
 -3  -1  -2  23
 16  20 -23   0
-21 -22  -1  14
-14 -17  21 -24
-20   0  22  12
 10   5   9  11
-19 -22  14 -20
 -7  24 -22  -9
 19  22  -7   8
-10   7   5  24
-13   2  22 -22
 14  -2  22   3
  3  18  -6   1
 -5  10 -20  20
 -3  16  -3  -1
 -9  23   8   2
 11   8 -24   1
 12  22   2  17
-19 -13 -21  16
 13   9  -9   0
  3 -12 -19 -10
 19 -10  12   7
 18   0  -1   8
 11 -13  16   3
-21   9   3   9
  3  13 -10  17
-10  -8 -18   3
 -1   8  24  17
  8 -23  -7 -15
  3  22   5 -23
 17  11  15  -3
-23   5  21 -10
  1  12  -4 -12
-13   5  16  -4
 -9  21 -22  17
  6  17  -8  11
 22 -24   2 -24
 20  13  -2 -22
 14   5 -19 -13
-18  12 -21  23
 -7   2 -21 -13
 -2  13 -13 -24
-22  -5 -16   9
 24  11   5  23
 -6 -13 -10  17
-19  24  21 -14
  2 -11  -8  20
 -6  10   1 -12
 -4   7  -5   1
-14   0  -1 -18
  2  22   2   4
 -5 -14  16  -6
  2  16   8 -11
  5   6   3  -7
 -2  -4  22 -24
  3  -8  15 -24
 -1  23  21 -19
-22 -13   8  16
 21   5  20  -1
-17  -2   0  18
 -6   0   0 -21
  1  16 -11 -10
  7 -19  20 -21
  5  23  23  11
 11  18  22  14
 -5 -11 -12   0
 13   2 -22  10
-24   3  24 -20
-16  10 -22  10
 13 -14  11 -14
 11  19  -4 -11
 13  -6  17  15
-12  -5 -23  23
 -5 -21  18  15
 -8   1  24 -20
-24  18 -15  15
 24 -20  17 -19
 11  -5   3   7
 23  -6   5  21
 22  21 -10  -7
  9  24   4 -14
  0  18  -7  -3
  2  23  -4  -7
 16  14  -8   3
 -6  21  -4   6
  8  11   7 -11
-19   5  -4  21
  4  -4  -1  22
 -2  18  -2 -19
-11 -23   3   2
 24 -21 -20   0
  8   2  21   7
 -9 -23   0 -21
 19  -5  21 -18
  9 -17   6 -11
 -6   1  15   7
-23   7  -2  14
 -8  17 -16   7
  0   8  17  16
  9  18 -13  -4
 17 -20   5  -7
  3 -22  18 -22
  4  15  -9 -11
-13  -1  14 -13
-16  12   0  -8
-17  16  10 -13
 -9  15  -9   8
-18  -2 -23  21
-13  -4  -7  15
 19   8 -10   0
-11   5  20 -18
 17 -17  -5   0
 17  10 -12   8
 -2   2 -15   9
 18  15   5 -19
  0   8 -12 -14
 -8  16 -16 -15
 14  17  11 -10
 -7  23 -12  10
 15 -22   9  23
  1 -22   4 -22
  8  23  -4  -3
 -1  22  -5 -23
-14   0  12 -23
 17  14 -19  13
 -8 -13   2   6
 19 -22   5 -15
 17  -7   5  23
 17 -13  -5  -5
 11 -12  13 -22
 14  -1 -10  12
 14 -12   7   6
  4  -6   3 -19
 11  -5   0 -13
 -3  20  20   1
 -9   1 -16  12
 23  -9  18  11
-12 -13 -24   7
  0  12  13  -8
-17 -18 -12  -6
 -7  20   1  -3
 16 -15  18   5
  5  -8 -18   3
-11  -2  19 -24
  0   0 -19 -20
-12 -13 -24  20
  6 -17   2 -11
  1  -9 -18   8
 19   7 -20   8
  9 -12 -13  10
  2  -7  19  23
-21   4  -9   6
  5  23  22  23
 19   5  17 -23
  4  18   8 -18
-11 -18   2  19
  1   3  11   0
 12  22   6   2
  8 -18   2   3
-11  11 -17   2
 -9   8  -3  13
 -6   1 -11  14
  8  -3 -12 -20
-21  -4  -7  10
  0 -13   7   2
  1 -13  18   6
 -3   4  -3 -15
 -3  22  13 -20
  7  13  18 -14
-13 -12   7   5
  3  17  18  -7
 24  19  20 -21
-11 -16 -19  -6
-19 -17   2 -23
 -7   0   6  13
 -2  14  12   8
  9  -5   3  16
 -3 -13 -19   3
-22  23  -5 -10
  8 -15  19 -24
  7   4 -23  10
-16  14  -3  -4
 -1 -18 -20  10
  3  19 -14  14
-13   6  12  17
-17  15  -2 -15
-13  13 -21  -5
 17  -8 -20   4
  9 -18 -23 -13
 -8 -17 -16   0
-13  -9  -9  11
 -2 -11  24 -22
 -7  -2  15 -22
 15 -21  17   6
  9  12   9   3
  2   5 -10  14
-11   0 -10  14
-17   5   5  15
 24 -22  22 -21
-18 -12  -3 -19
 11   5  -1  21
 12   1  16  -7
  1  16   1  11
 11  17 -11   3
 -3  -4  -3   8
 22   8 -21   6
-11  -9  -3 -19
 16 -17  14  -6
-17  24   3   2
 16  15   3  -6
 14   3   0  -4
-12 -15   7 -15
 -2  13 -23  11
  1  -3  -3  -3
 -3  -4 -14  14
-12  -2   8 -10
  6  -4  -5  16
-23   6   5 -22
  1 -16  -7 -13
 16 -11  15   9
-19  -9  -9  14
 24   0  -4 -22
 -9   0  11 -20
-15   9  20  16
-10 -20   0  -4
  9 -17  17 -16
-17  24  18  13
-19  -8  19  19
-15   6 -14  -5
  5   3 -22 -15
  5  16  23  23
 12  -9   4  -6
-13  -6 -20  -7
 19  19 -20   1
 -9   6  13 -15
-10 -18 -15 -21
 -9 -11 -15  16
  0 -15  -5  24
  2 -15  -7   4
-20   2  19 -12
 18  14  19   3
  7  10  11 -22
  2   3 -11 -11
 24  -8   1 -22
 -4 -21   4   8
  9 -13  -1   9
  1 -11  -1 -20
 -4  -2   7  10
 -7  21  13 -12
-10 -10 -20   4
-15   1   3  -3
 15   9  17  12
  4 -14 -14 -21
-10  22 -20  -4
  3 -19  -3   3
 15 -11 -20  19
 10  20  16 -13
-10 -24 -11  15
 -6  -1  -2  11
  3  21  12   8
  7  17  18  -9
 -2 -17   9 -12
-15  -3   4   7
  7 -23 -14  17
 -5 -13   4 -10
 -5  12  20  17
  0 -23  -3   0
  1 -15   3  15
 -8  11 -21  10
 13  24  20  -6
 17   0  -2  24
  3 -21   2 -13
-21 -21  -8  -1
 18 -15   1 -20
 -1   4  17 -10
  9 -13  -6  15
-18  23   6   6
 13  22  14   7
 -9   4   5   8
-14 -21 -14  13
 20   4 -16  -3
-12   2   2 -19
 18 -15   0  -1
-16   3 -21 -20
 -1   0  17  16
-16  14  -9   9
 -8  14  22 -17
  9 -23 -21 -16
 16  -8  -7 -16
-24 -10 -16  -8
 -6   0 -11 -21
 17 -11  23   3
-11   0   0 -10
-12  12  20  -9
-14  22 -12  12
 12 -19 -17 -14
-17  11  -8 -23
 11  17  -2   2
 19 -15  13 -21
  1  17 -15  -3
-16  -6 -18 -18
  7  23  -8 -22
 -8 -11 -23  21
  9 -11   2  15
 -2 -17   0   1
  9  18  -4 -14
-15   5 -16 -10
  6   3  14   2
 -9  15  16  22
 -7   2   6  17
-20  10   2 -15
-17   2   2 -17
 14  15  10 -19
-21 -14  15 -23
 18  -5 -16  15
 -8 -23   3   4
 13   2  -7   5
 24  18  24 -20
 10  15 -13 -18
-21   1  18   2
 -6 -14 -15 -21
  3   8   3 -12
 -1 -17   7 -19
  1 -21   1 -10
-24  -3   4 -16
 17 -15  21  -4
 16   1  11 -12
 16 -22 -14  21
 18  -3 -15 -14
 11 -14   1  -1
-22  -2  12  19
-10  12 -22  -8
  7 -12  14 -10
  9   2  14  11
-19  23  18   1
  5 -13   8 -23
  9  12 -12 -12
 -6  -7 -19   9
 -3  11 -19  -1
  8   0 -13  15
-13   0  23   3
 12   4 -15 -18
 13  -8   0  12
 12   3 -12  -7
  6  12  -5  11
 14  11  22  -2
  0  20   2 -13
-11  11  16  18
-11 -23   0   1
 -9   9 -23   0
-24  24  -5  14
-22  24  -4  10
  9   9 -22 -21
-15   3  -6  16
 14 -24   7 -22
 -3   4 -18  23
-12  -8  19  15
 19 -12   3   2
-15   9   8   3
 13  18   4  -1
-15  22   3  -5
-13   1  -2  17
 -8 -20  15 -18
  5  -9  -4  -3
 17  17 -15  -7
-16  24  -6  19
 -1  20   0 -10
  3 -22 -11  -6
 11  -7 -14  -3
-22 -14 -19  11
-14  21  -2  -2
-14  17  17   8
-18  11 -15   3
-19 -20 -15  -2
  4   4 -14 -11
  3 -15  14  21
 23  22  20   5
-22  -1  24 -15
-23 -13  20  -7
-11  -3  12  -6
  6 -17  11 -10
 -6   9 -10 -13
  9  -8  21  19
 11 -16  -8  16
 18 -20 -16  17
  0 -14   1   3
 -7  21  19  16
 14  21   6  23
 -5  -7  -9   4
  2  24 -21  11
  6  -3  -2 -17
 13  22   8 -13
-11 -24  -3  14
 -5  -4 -24 -17
  3   0  -2 -21
-13  14   2   2
 -3  -2 -14  -9
  6  23  10 -24
  8  17  24 -19
 10  -7  24  17
  2  12 -22   4
-24   3  18 -14
 -1 -20 -10  14
-16   1 -13 -17
-24 -11  14 -21
 -6  24   8   0
-20   4  -4 -17
  1 -16  10  -7
 -6  22  -3 -18
-16   7  14  -6
 -2  -3  19  24
-24  -6   3 -17
-20 -14 -22  -7
  7 -18 -16 -10
-19 -17  -3  -8
  8 -17  -4  11
 20 -19 -20  18
 15 -24 -21 -24
  2  13   3  -6
-17   8  -1 -20
-19  17   6   1
  1  13 -14  17
 10  -7  18 -19
 -1   6  12  14
  1  -5  -5  13
 21  17  14  -8
 19 -10 -10  21
-19  10  -1  -2
 -4  13  19 -16
 -3  14  22   7
 18  19   3  -4
  1 -24   3 -15
-19  -1  17  -5
-16 -15  -1   7
-22 -19  10   8
  2 -21 -11   5
 22 -22  -3  16
 -9  -7   9  21
 -8  -8 -13  -8
  6 -21  12 -21
 -2 -23 -22  17
 -5  22   0  11