 16  22 -13 -14
-22 -24  15 -15
 16  12   8  -3
 18  -9  23  23
 18 -20  23  -2
-22  14 -24  -5
 -2   4  13 -17
 -9  20  24 -17
  9  12 -15 -10
 -8 -13  -5  18
-17  -7  -1 -19
 24  -9  12   3
 -4  -5  17  18
 12 -18 -15   3
 -2  12  -9   9
 -2   7  -7  24
-13   0 -21   0
 -9  11  -4  22
 -6  24 -21  24
-14   4 -24   1
  4  11  21 -17
 -2  18  -7 -11
-19   5  13  13
-21  11  -6 -16
-10  -5 -15  23
-13  -1 -13  10
  0 -14 -17 -22
-16  13 -16  22
-23 -24 -23  -9
 23 -16 -10   5
 -8   2  12 -18
-16  21   7 -19
 17   0   0   5
 21  -7 -23  -7
 -7   3 -18   4
-19  -7   7  10
-13  -7  12   4
 -6  16   9   9
  1 -16  20 -21
-13  -2 -20  -2
 -5 -23  10   1
  5  21  12  -4
 -1  17  12  21
-19  10   5 -19
 -6  18 -12   8
 20  20 -11  11
 10   4  -8   6
-16   1  -4 -23
 -9 -21 -20   3
-15   7  -7 -17
 -4 -18  11 -17
 -4  -5   1  19
 -7 -15  -2 -19
 20 -21 -24 -16
 -5   5  16  22
 11  -9  23   1
-11   3   0   6
-24  -7  17  11
 14  -9 -16 -14
-18 -15   6  14
-11  17 -17 -11
-23  -9 -14 -11
-23  -6   3  19
  1  -8   8  -8
 18  -4  -6  16
 19  -9  20   7
-11  -8  -6   0
 21  16  24  -5
-16   3   3  -1
 -1 -17  23  -4
 18 -18  -9 -14
 16  -2   5  11
-19 -11 -11  24
  2  18  24 -22
  3  22 -22   0
 24  19   7 -11
-14  -6 -17 -24
 18 -10 -20  17
-16  13  -7  -2
 14   9 -24 -15
-22  16   1 -23
 -4  19 -16 -20
-12 -15   3  13
  3   5  19  14
-18 -17  20  21
  0   4 -17  -4
 -3   3  20 -10
-24 -22  -5  24
  0 -16 -22  24
  7   3  -2  -4
 15  -8 -23  -3
 -5  -5 -24  16
  3 -13  11 -13
  0  22  14  -1
 -9  11   5  -5
 17   8  23  -4
 16  14  10  12
 11 -15  22 -23
 10  -8 -14   6
-11  -6  16 -15
-15 -20  12  14
  2   8  -2 -17
 12  17 -13   9
 18   9  -7  12
  1  -1   1  -1
-24   3 -23  -5
 -6   2   2  -7
 11   6 -14  10
-10  20 -12  18
 11 -12  -1  20
-17  20  14 -12
 15   0  -9  -7
-12  -8   0  -4
 17   8  22 -16
 -9   4  -5  16
  8  24 -12  19
 17 -18   2  -2
 22  -6   1  17
-23   8   1   7
  6  19 -10 -12
  0  24  -2  16
 17  14  24   6
  9 -24 -19 -12
-24  16 -15  -4
-17  -7   9  -4
-23   4   0  18
 11  22  -8  -7
-14   2   6  11
-20  15   8  -1
-22  13  -1 -20
 10 -16   2 -16
 21 -24 -16  -4
 10  15  13 -13
 -5  17 -12  11
 13  -9  21  12
  6  -8   6   7
  9 -15 -20 -18
 -8   4 -11 -18
 24 -21  13  -5
-21   7 -18   7
  2 -16 -12 -18
 -5  19  23  -9
 -3 -21  -9 -19
  3  18   8  19
-16   0  -6  11
 19  18 -21  10
 11 -12 -22   1
 17 -23   0 -22
 19 -17  -2  15
-17 -14  -7  21
-11  -2  -6  -7
-14  14   7  -8
 -2 -24  -2 -18
 -6 -12  15   1
  3  16   6 -19
 10  -5 -18  22
-10 -15  16   0
 -7  -3  11  21
 13 -23  24  -4
 -7  15 -23 -18
 -1  -4   5  24
 -4   1  -1  22
-23  -3 -19   0
-17  10   0  19
 -9   7 -10   5
  6  11  12   7
 -2  14  18   2
 23  -8  22  17
  0 -11  11   8
-19  -9  24   1
 -4  20 -22  15
 19 -11 -13 -21
  6 -10  -9  21
  4 -20 -18  -4
  5  -8  11  24
 -2   4 -14 -19
 21  -7 -15 -20
 12 -15 -11   0
-23  16   0   8
-19  -7 -23  15
 14   2 -18  13
 19  -4  14  -4
  1  15  17   3
-14  19 -12 -22
 -8 -13  11 -20
 -3  20 -21  19
 14   4 -13 -11
  4 -14  -3 -10
 18  19  -7   2
  2   3   9   1
-14 -10   0  21
-14   7   2 -21
 -9  16  14   1
  0  -1   2   1
 -2  -8  16 -13
 15 -20  12 -19
 -4  23  18 -17
-10  -1   0   7
 21 -23  21  11
 -6  19  15  -2
-24  -2 -21   0
 13  20 -12  -3
  1 -16 -13 -10
-14   3   9 -22
  6  -8  10   8
 17   5  18  -6
-12 -10  23 -12
-24 -15  16  -7
 21   1  20  -3
-23   8   5 -14
 -4 -18 -24  17
-15  23 -23 -23
-13  24  23  10
-12  23 -24  18
 -2  -7   5  17
-14 -13  -5   1
  3  23  -9 -23
  8 -16 -21   0
 -5 -14 -17 -23
 10  15  10  -6
 -5  14  12  14
  6 -15 -11  13
 20  -6  13 -13
 -9  24  18   4
 21 -21  -4  -8
 19  14 -10  19
-21 -11  21   5
-19 -21   6  19
-18   7   0  -7
-15   6 -23  15
 15   4   5   3
 14  17 -18   3
 13  -9  -6   7
-17   7 -21  -7
  7  21  12   0
 -9   0  -6   7
 21 -11  -7  -6
 10 -19  -6  -3
-13  -8  -5 -24
  0  23  23  -4
 17  11  14  15
-21 -17 -15 -12
  2   4   2  23
  6  11  15 -18
  6  12   2 -24
  2  21 -19  10
 15  15  20 -15
 18 -11   8   1
 -5  -7   4   3
-14   6  -5   1
 12   4  15   5
  4  19 -12   4
  8  -3   1   1
-12  17  13   9
-16 -12   5  19
-23  -4  15  23
 -9  -5  -1 -10
 22  -5 -23 -11
 -8 -22 -16  16
  9  -5  10 -18
  0   1  -6  18
  3 -19  10  13
 -5   3   8 -10
 -6 -19  18  23
  5  -5 -17   1
 18   8  -9  20
  0   3  18 -20
-10 -13  11  12
  0 -13 -16  23
 -5  11  14  11
-23  18  22  12
 11  18  -7   6
 14   2  15  22
-10  -2  -6   6
-10 -11  11  -2
  4  19  22  -7
-13  18  22   6
 -7  13  23   0
 -8   9  -9  11
-20  20  10   1
 16  17  -2  11
 -9  -2  10 -16
 23  -8 -16 -23
 -3   5  -6 -11
 13 -15  -3   5
 16  13  22   6
  4  -9  18  12
  4   9 -19  17
 22  18  -1  20
 -5 -19 -19 -20
 23   4   9   0
 11  16  -7   3
 11  -3  -8 -10
 23  -5   9  17
 18 -15  17   4
 -7  -3 -11   3
  1 -14  13  11
  0  14 -11   0
 -8 -24  20  -9
-20  -9 -24 -20
  3   3  18  16
-11   8   2  19
-23  18   5  -7
 -3   2  21 -22
 22  14 -15 -19
-18  -4  -4  15
 21  22  -4 -12
 19   4  11   4
  8  24 -19   4
 11 -23 -12  18
 -7  -9   9   7
-13   3  15 -11
  2  12 -18  16
-14   6   6  16
-19  -1   4  21
 10  14   9   7
  3 -13   9 -11
 10   7   3   8
-22 -14  21  -7
-13 -12 -23 -13
 24  10  19  -4
  8   5   5   5
  1 -11   5  11
 -3  11 -21  -9
-14   7  -7  22
  6 -11  22 -15
 22  21  21  19
-23 -11  10  13
 21   4 -13   9
-14  -2 -11   2
 22 -16  13  11
-24   3  -5  12
 17  22 -15  -8
 -9 -14 -10  22
  3 -16  -2   2
  7 -21  -2  11
 23 -22 -11 -20
 23  15 -11   9
  6  -6  11 -11
  0   4  -5   2
 20  -4  10 -14
 -8 -16 -22 -11
 20   1 -19  10
 19 -11  17  18
 13  18 -18  19
 20   7 -19 -14
 -5   4  11  22
-16   4  -3  19
-14  11  23  17
-22  19  13  -2
 15  15 -17  23
 -1   9   7 -15
 22   5   7 -14
 12   9 -19  24
  6  20  21   9
  1  15  -8 -24
-15   5 -11  13
 19   0  12   0
 -5  -8   9  -8
-18 -24  -8 -24
 13 -13  -4  14
 16   6 -10 -18
-11  23  10  12
 11  19  -8  -5
 22   0  10  -2
 22   4   3  23
  1   8 -15 -11
  0  15  -6   8
 15 -23 -24  -5
 11  24  17   6
 19  -3  -4 -15
 -6  -4 -24 -14
-16 -16  10   0
-13  -4 -22  -4
-17  -9 -19  -9
-20 -15  -8 -17
  1   2  -8   7
-15  16  -3  24
 -9  18  13  19
-19 -10   8  18
  9   2 -12  -8
 16  10  -3 -17
 14   8  -9   7
  4 -10  20  14
-12  15   9 -13
 16  22   2  19
 12 -14  -3  -2
 20 -12  -9   1
 14   4 -18  15
  8   2  20  -6
-16 -18  -3  18
  2  -7  23  -2
 12 -20  21  18
  7   9 -13 -10
-14  -8 -11 -17
 -3  -1   2  13
  1  18  18   8
-21 -13  -4 -18
  3  21  -2   7
 15  -8 -23  -6
 12 -17  -7   3
-15   3  12 -24
 10 -20 -17   8
 -2 -11 -16 -10
 -2 -22 -19 -14
  8 -24  -1 -14
 18   9   6  23
-10  -8  20   5
 19  18  12  18
 22 -19  11  10
-17 -16  10  -9
 23  -2 -10  19
  4 -17 -16   1
 13  -7  11   8
 19 -10 -22 -12
-23 -22  23   2
 18 -16  -4  17
 -8 -14   3   1
 17  -1   1  -6
 10 -22  -6   2
-20  -8   5   2
 24  10  23 -14
 18   1   3 -13
 19  -2 -17  -7
  5 -24  -9  12
 -9 -18   6  21
-22   3  -7  21
  5 -21 -10  -5
  7   0 -14  -1
  1   3 -12  -7
 18 -15 -22  15
 -8 -21  -4  20
 15  -9 -15   1
  2   7  10  24
-17  16 -22 -18
  8  16  22   7
  2   6 -19 -12
  3  21  -7  18
 -3  15   0  16
 17 -23  14   0
  6  -5  13 -13
-21   1 -15   5
-23   4  -7 -14
 -3  21 -13  -9
 19   9 -19 -15
  0  17  22  22
 -2  23 -24 -15
  5  12   8 -14
-23   7  10  -6
  8  -7 -11  -6
-10 -15  -6  13
  2  -8 -10  -7
 -4   9  18 -23
 15  10  19  16
-20  16  -4  17
  0  11 -12 -18
 -4  -3 -22   9
-13   5   9  17
  4   5  16  -7
  5   5   8  -4
 12 -12   4 -11
  0 -10 -11 -21
 10 -20  14  -7
-12  -8  11 -13
  6  10   9 -13
  3 -14   9  -3
 -9  19  16  19
 -1  22  14  22
 11  23 -16   8
  3  -2  24  13
 13 -13 -13  -3
-14 -21  11  17
-16  -8   9  12
 23  18  -4  11
-20   7 -14  16
 15  10 -18 -22
  6  -9  18   0
 14  12 -15  21
 -7   3   9  24
 23 -16  19   7
 10 -10   8  -7
  2 -18  10 -22
  0  10  10  -8
 -2 -11  22  14
 -1  15  -3 -19
-11   4   9 -18
  7  -6  -6   7
 13  -5   7  18
 24 -13 -12 -17
  3  -6  -4  19
  8   7  -1  23
 -5   5 -10  22
 10 -14  12   0
-11   9  -9  21
 17 -23 -13  -7
 16   0 -10   0
  1 -17  -5 -16
 -2  16  -3  12
  5 -24 -12  22
 17  -6   6 -14
 14  20 -20   5
-18  -6 -16   7
 20 -16   1   4
-12  -6 -22  17
 -2  -4  14  13
-24   5  23   2
 13  -2  15  11
-12  21   1  17
-21  16 -21 -20
  0  22  -8  13
 23  -6 -19  11
  0  17   1 -10